500 10 9954
0 4 7
102 100 98 100 101 97 104 96 97 102 
1 1 10
98 101 95 101 97 101 96 103 102 104 
2 3 1
97 98 102 100 104 97 97 103 104 102 
3 4 7
96 97 104 98 96 104 99 102 103 99 
4 6 1
98 101 96 95 101 98 97 95 101 96 
5 6 6
99 102 101 100 101 104 98 102 99 100 
6 3 6
99 102 99 99 98 95 102 103 101 103 
7 9 5
98 96 99 104 97 95 101 103 104 97 
8 7 7
99 104 100 95 99 103 102 96 102 97 
9 8 3
97 101 96 95 101 96 100 104 99 104 
10 1 10
96 102 102 96 96 100 104 102 102 101 
11 8 4
101 100 101 98 104 99 103 96 97 104 
12 4 10
95 103 103 100 95 104 101 98 103 100 
13 7 2
96 100 104 103 99 103 96 95 98 95 
14 5 5
99 99 102 101 98 96 102 100 104 101 
15 3 2
102 103 100 102 99 96 103 100 104 102 
16 6 4
103 103 98 96 103 104 101 99 98 98 
17 4 9
101 95 99 103 103 103 104 102 102 101 
18 5 4
95 98 95 104 97 100 99 95 100 104 
19 5 7
104 97 97 99 102 102 100 99 103 96 
20 3 9
104 98 101 103 95 97 96 95 100 96 
21 2 1
103 100 95 101 99 101 97 100 103 101 
22 3 9
99 102 97 99 95 101 97 104 104 95 
23 9 2
98 96 96 95 98 99 95 98 104 96 
24 10 7
104 98 98 103 95 100 101 101 99 95 
25 1 5
101 97 101 102 100 101 104 103 102 97 
26 9 3
104 104 101 95 97 102 101 96 98 97 
27 2 6
104 104 96 99 104 96 95 102 100 103 
28 8 1
99 103 95 99 97 104 101 96 95 99 
29 3 3
97 95 100 100 97 104 95 97 103 98 
30 9 1
99 95 104 96 104 101 97 100 99 99 
31 10 10
98 101 95 100 95 97 104 99 98 100 
32 2 8
99 98 96 99 101 104 99 97 97 101 
33 5 2
97 103 103 104 97 103 103 103 101 103 
34 4 9
98 98 98 103 95 99 102 101 103 104 
35 1 7
103 102 104 95 98 98 98 102 98 97 
36 7 6
97 101 100 103 102 104 101 95 99 96 
37 1 5
103 102 95 103 101 97 99 102 104 98 
38 10 3
103 98 95 96 102 103 104 96 100 99 
39 10 3
100 102 99 104 104 99 100 104 98 100 
40 8 1
103 96 104 104 102 103 97 100 98 99 
41 10 1
97 95 96 104 101 97 96 97 95 102 
42 4 2
96 104 95 100 101 102 102 99 95 101 
43 5 8
99 103 100 103 97 101 95 101 101 99 
44 7 3
103 104 101 95 102 95 96 95 96 98 
45 8 8
97 101 99 100 97 95 97 104 95 104 
46 10 5
100 96 95 98 102 103 103 101 95 99 
47 7 8
101 95 104 102 100 104 102 103 100 98 
48 4 9
98 102 104 98 102 103 102 99 96 104 
49 1 10
103 103 100 103 99 98 102 96 98 103 
50 1 10
102 104 104 98 97 99 98 102 96 97 
51 3 1
97 96 102 100 96 102 99 96 102 96 
52 2 2
102 95 99 95 103 100 96 101 101 97 
53 2 10
101 99 103 95 103 96 95 97 97 104 
54 8 6
101 99 101 98 102 104 102 99 104 96 
55 8 1
101 95 103 100 98 104 99 96 100 99 
56 2 6
100 99 104 103 98 103 100 97 97 97 
57 8 1
98 99 101 98 101 98 98 99 99 98 
58 10 8
97 100 103 104 95 97 99 102 101 100 
59 8 2
98 98 98 103 100 96 95 103 102 101 
60 4 6
95 103 95 99 96 96 98 100 104 98 
61 5 2
100 95 103 98 100 101 100 104 104 95 
62 8 7
98 102 101 96 100 95 101 100 95 103 
63 2 3
97 101 104 96 95 99 97 102 99 95 
64 4 3
103 95 98 102 95 95 98 99 104 97 
65 8 5
97 100 97 99 99 98 103 101 95 103 
66 10 3
97 98 96 103 98 99 97 97 99 100 
67 2 8
100 102 96 101 104 103 96 98 98 98 
68 8 10
103 101 102 95 99 103 99 103 96 101 
69 9 6
97 96 104 104 101 95 101 99 104 104 
70 1 9
104 98 96 99 103 104 101 102 102 98 
71 8 2
97 97 96 100 95 104 95 99 95 96 
72 4 8
99 96 96 98 95 98 97 96 102 100 
73 7 6
99 97 97 96 102 97 99 96 101 100 
74 8 9
100 104 97 102 98 101 99 102 104 102 
75 3 3
96 101 98 95 97 96 100 101 100 95 
76 1 4
99 101 101 95 97 100 103 104 100 95 
77 7 1
103 98 102 103 97 96 95 100 103 100 
78 6 1
102 98 103 97 98 95 102 102 102 101 
79 10 2
96 104 95 103 104 103 103 95 98 102 
80 1 7
104 97 96 102 102 104 102 101 97 102 
81 2 6
103 103 99 100 101 100 101 103 99 103 
82 9 4
103 102 100 97 99 100 95 100 102 98 
83 3 8
97 96 98 99 104 99 96 104 100 102 
84 5 2
97 97 96 101 97 95 97 97 104 102 
85 5 4
100 101 96 99 95 98 96 97 102 102 
86 10 9
96 95 102 101 95 96 95 97 100 96 
87 10 8
96 98 96 97 95 101 103 102 99 104 
88 3 5
99 100 104 96 97 103 104 101 95 101 
89 5 1
104 99 100 99 101 101 98 104 104 100 
90 3 2
98 95 104 104 96 98 99 100 103 100 
91 8 4
98 103 104 100 100 98 103 101 95 98 
92 4 7
96 103 102 95 100 96 96 95 98 95 
93 1 5
100 99 97 99 104 104 104 99 104 103 
94 2 7
98 104 98 98 99 101 96 100 101 96 
95 8 3
97 104 97 103 96 97 99 102 103 101 
96 4 8
102 97 98 102 97 100 98 102 101 103 
97 2 4
101 99 95 98 100 103 100 95 104 104 
98 9 1
97 99 104 95 96 97 95 95 101 98 
99 10 1
103 98 103 102 98 96 95 95 100 95 
100 4 2
103 95 96 102 104 96 95 98 100 104 
101 5 9
99 101 104 97 104 95 98 95 98 98 
102 8 10
99 104 104 96 104 99 97 95 101 100 
103 10 6
101 96 96 99 98 102 97 102 98 98 
104 10 3
99 99 99 104 104 98 103 98 97 104 
105 6 5
98 104 99 104 100 100 102 98 104 95 
106 8 3
102 97 104 95 100 95 99 96 102 104 
107 4 7
97 96 97 100 98 104 96 103 103 102 
108 1 6
97 102 104 96 104 101 98 101 103 99 
109 7 7
102 97 102 99 96 95 95 101 99 99 
110 4 8
98 99 102 97 96 102 104 100 101 103 
111 10 6
100 97 96 100 104 104 96 101 97 96 
112 1 6
98 97 96 104 102 101 103 97 95 101 
113 5 4
98 101 104 95 99 103 100 96 97 104 
114 8 4
103 95 104 97 98 96 103 102 99 96 
115 7 4
103 100 100 95 96 97 101 99 103 100 
116 7 3
100 97 101 104 96 98 98 96 100 97 
117 7 10
99 99 101 95 102 99 98 102 104 95 
118 1 3
97 101 104 95 98 100 100 103 102 96 
119 8 1
101 95 99 96 98 95 97 104 101 95 
120 10 4
100 99 98 101 99 98 96 104 96 95 
121 10 5
100 101 97 100 104 96 102 102 99 96 
122 2 10
96 98 103 102 99 104 98 96 98 103 
123 8 10
98 103 103 99 95 95 103 101 103 97 
124 4 9
100 95 100 104 97 101 103 100 97 103 
125 4 7
102 103 102 97 101 101 97 104 102 95 
126 4 8
97 98 100 96 102 103 104 99 96 101 
127 5 4
100 99 103 102 98 98 100 95 96 99 
128 6 8
95 102 103 104 104 98 104 99 101 99 
129 6 6
100 101 95 101 97 101 104 104 97 104 
130 7 6
100 98 103 101 102 98 101 95 97 101 
131 10 4
95 103 102 101 100 97 99 95 95 101 
132 9 6
99 104 99 101 103 98 97 98 101 97 
133 3 5
102 95 99 104 101 100 99 101 99 97 
134 6 2
101 96 98 102 102 96 97 96 95 103 
135 10 1
96 98 99 103 100 103 97 97 95 101 
136 4 7
96 95 100 102 99 97 95 95 98 98 
137 10 1
99 98 98 99 97 99 100 98 103 96 
138 2 4
96 100 103 96 98 98 104 102 100 99 
139 5 10
101 102 97 96 95 96 98 102 102 101 
140 4 10
96 95 99 96 96 103 101 99 98 99 
141 8 8
95 102 99 100 98 95 102 97 104 104 
142 4 1
97 102 104 104 100 97 95 103 98 100 
143 10 7
100 101 98 95 97 95 102 99 102 98 
144 1 2
101 102 100 102 103 103 104 95 102 103 
145 1 4
96 95 98 101 102 98 97 97 96 100 
146 4 4
103 97 103 100 103 95 103 101 104 98 
147 4 8
99 98 102 96 98 104 101 99 97 95 
148 3 10
100 102 99 101 99 104 96 97 98 96 
149 9 2
98 103 104 97 99 100 96 95 95 96 
150 4 4
95 95 95 97 97 97 99 102 104 103 
151 6 5
102 103 101 95 95 101 99 98 102 100 
152 9 2
95 104 98 95 97 101 99 98 103 101 
153 8 1
103 96 104 103 96 101 99 103 100 95 
154 2 6
104 102 95 101 97 103 104 100 95 97 
155 8 3
103 96 102 102 104 102 104 103 103 104 
156 9 1
100 97 95 97 99 98 102 98 95 95 
157 2 6
103 95 95 95 99 102 100 98 96 99 
158 3 1
96 98 95 95 99 103 97 97 95 97 
159 5 6
103 99 95 103 99 97 100 99 97 102 
160 6 8
100 97 97 103 101 101 95 95 104 96 
161 3 7
104 99 103 97 103 97 102 103 101 102 
162 8 1
104 99 100 99 97 97 98 104 101 100 
163 8 5
98 104 99 99 95 101 95 97 97 103 
164 5 4
96 96 96 104 95 95 95 97 100 102 
165 7 10
96 104 103 102 101 100 96 96 99 103 
166 6 8
101 101 104 96 99 98 101 102 101 104 
167 8 7
95 104 95 102 101 101 103 102 102 101 
168 7 6
98 102 101 104 102 97 101 99 95 102 
169 6 5
95 96 97 103 95 96 100 97 95 102 
170 2 7
99 104 100 98 100 96 96 95 95 102 
171 1 9
96 101 99 96 99 104 103 101 97 97 
172 6 3
98 97 102 98 104 95 96 100 95 101 
173 10 8
104 97 103 104 104 103 104 98 101 98 
174 7 1
99 99 104 101 101 99 96 104 103 95 
175 5 10
95 100 100 95 96 101 95 97 103 103 
176 5 10
103 98 99 99 104 96 102 100 102 101 
177 3 5
97 100 100 95 100 97 104 102 102 101 
178 9 2
97 95 98 97 103 102 99 101 98 103 
179 1 5
104 102 104 102 100 96 98 102 103 95 
180 10 6
97 96 98 97 102 98 98 97 98 103 
181 7 2
101 95 104 96 104 96 100 95 104 99 
182 10 7
103 97 99 101 100 98 99 102 99 102 
183 2 5
95 99 103 98 98 99 101 96 100 100 
184 5 7
101 104 101 102 100 101 99 98 95 95 
185 3 6
98 103 100 95 100 101 101 102 98 99 
186 1 9
95 103 96 100 98 100 96 96 99 95 
187 2 2
103 100 102 103 100 96 101 95 104 96 
188 3 5
104 95 96 99 99 98 97 100 96 98 
189 3 7
95 101 104 101 103 95 103 101 102 100 
190 5 5
101 95 100 100 98 104 96 100 95 99 
191 10 7
102 99 98 95 104 101 101 95 99 100 
192 9 3
103 101 103 100 98 99 95 96 102 102 
193 9 1
103 104 102 103 98 104 102 97 100 95 
194 3 5
103 95 101 97 101 100 101 101 98 99 
195 2 8
96 98 95 103 97 104 95 96 95 103 
196 2 7
102 103 103 97 96 98 103 104 98 100 
197 5 2
97 97 102 102 104 96 99 95 99 102 
198 9 8
101 103 95 103 101 96 99 100 97 100 
199 10 4
103 103 99 98 100 95 100 104 98 99 
200 7 3
100 98 97 95 95 95 104 103 95 104 
201 7 8
97 96 99 99 103 99 104 103 99 99 
202 2 10
101 103 95 104 98 101 98 103 104 100 
203 1 2
102 96 104 103 97 101 102 100 104 98 
204 10 10
102 104 102 98 100 95 99 96 104 99 
205 2 5
98 101 99 97 97 102 101 96 103 100 
206 2 2
98 95 101 99 99 102 100 98 103 97 
207 8 4
100 98 102 99 103 95 95 96 101 99 
208 6 9
98 96 97 97 104 100 100 99 101 98 
209 2 3
95 101 100 96 104 99 99 101 103 96 
210 1 9
96 97 104 103 103 101 103 97 95 97 
211 5 10
103 96 100 101 99 101 103 101 98 100 
212 8 5
97 99 95 97 102 97 95 96 101 96 
213 10 5
104 104 101 104 99 97 95 97 98 101 
214 9 10
97 103 101 102 98 100 98 100 104 100 
215 10 8
104 104 95 100 97 96 95 97 95 101 
216 4 7
104 99 103 99 95 103 99 99 103 97 
217 5 3
102 102 104 104 98 104 103 99 95 103 
218 1 6
104 95 104 96 103 97 103 102 101 103 
219 5 9
104 103 98 102 95 102 96 104 101 98 
220 1 2
99 103 101 101 101 101 96 102 103 97 
221 10 7
100 104 99 98 102 103 97 103 103 102 
222 7 1
99 104 96 97 97 97 99 101 95 97 
223 4 10
103 101 103 101 104 102 97 101 103 103 
224 10 9
103 96 101 103 95 99 103 99 99 97 
225 10 7
99 100 100 99 102 95 100 102 101 99 
226 4 6
98 102 98 97 103 98 95 103 101 101 
227 10 8
96 104 98 102 96 97 98 100 102 95 
228 3 7
95 102 98 102 96 103 99 102 101 103 
229 10 7
98 104 101 104 102 100 101 95 100 97 
230 8 7
101 98 97 99 98 101 95 99 98 101 
231 4 8
99 104 99 97 104 98 103 97 99 100 
232 5 4
97 97 99 102 99 96 101 96 101 103 
233 8 1
99 104 101 104 100 96 101 95 97 97 
234 3 3
102 98 101 96 95 95 102 97 98 96 
235 1 8
99 103 95 96 103 102 98 99 102 96 
236 4 5
99 97 99 101 99 104 103 99 97 100 
237 8 3
102 99 99 95 100 101 95 95 99 95 
238 4 3
95 103 101 104 104 97 98 100 99 103 
239 2 1
102 97 99 104 104 97 98 101 101 102 
240 8 5
101 104 101 95 104 104 100 96 102 98 
241 1 9
100 99 98 104 99 101 97 98 103 101 
242 3 8
95 102 101 102 99 98 96 97 99 102 
243 6 6
103 95 102 102 98 102 102 104 98 97 
244 1 8
103 97 95 102 96 99 101 96 96 97 
245 9 9
102 96 95 96 95 102 104 95 102 101 
246 10 4
98 101 99 104 103 99 101 104 104 102 
247 9 1
96 99 98 100 104 99 98 103 100 100 
248 3 9
98 96 103 97 102 95 100 97 101 96 
249 2 8
103 103 101 102 102 99 104 95 95 97 
250 8 2
101 97 95 99 103 97 97 98 98 97 
251 8 3
99 100 99 96 101 103 95 99 103 103 
252 4 6
97 99 102 99 102 100 101 100 102 101 
253 10 8
95 98 97 98 103 95 100 97 100 96 
254 6 2
96 100 103 104 98 98 101 102 103 101 
255 3 6
96 95 95 95 103 97 103 103 102 95 
256 2 6
95 103 95 102 96 100 96 98 98 104 
257 5 9
97 98 101 95 104 95 102 95 97 95 
258 1 1
99 95 103 96 96 104 104 98 104 104 
259 2 3
101 99 102 104 98 97 103 102 100 101 
260 1 5
101 104 101 103 104 101 103 100 104 103 
261 8 1
102 103 100 103 102 103 95 100 97 103 
262 6 8
97 100 102 104 96 102 98 104 101 104 
263 10 9
102 102 98 101 100 97 103 99 95 101 
264 5 10
101 101 100 104 101 97 103 103 102 100 
265 8 1
97 97 104 96 98 103 96 98 102 101 
266 2 5
104 97 95 96 103 101 98 99 97 95 
267 6 10
99 99 104 96 104 104 98 99 96 97 
268 6 8
97 101 95 96 99 96 100 98 100 102 
269 8 4
98 97 95 102 99 102 101 103 96 103 
270 10 4
102 97 102 95 101 99 102 95 97 104 
271 2 7
98 103 97 103 100 104 97 95 98 99 
272 8 8
96 101 100 100 99 101 103 96 95 100 
273 2 9
104 96 103 96 95 104 102 98 104 96 
274 3 7
97 101 101 100 95 100 99 98 96 104 
275 9 8
102 101 103 102 98 97 100 99 98 100 
276 8 6
101 100 104 100 103 98 98 96 104 104 
277 7 2
102 96 99 95 97 100 103 95 96 101 
278 10 8
95 100 96 98 97 104 104 104 101 95 
279 7 5
98 95 100 99 96 99 100 103 100 96 
280 10 10
101 102 104 95 100 104 102 101 101 103 
281 2 9
104 97 104 100 99 101 97 102 101 102 
282 2 8
96 103 101 103 95 102 103 101 101 104 
283 7 2
103 100 104 101 101 96 102 100 100 101 
284 4 1
97 100 104 103 97 98 103 101 96 101 
285 7 2
98 99 95 104 101 103 97 101 99 97 
286 4 1
100 95 102 97 103 95 97 98 100 99 
287 4 1
102 96 103 103 102 99 97 97 96 97 
288 2 8
97 101 98 101 95 103 103 102 95 103 
289 10 10
103 99 97 101 103 102 103 100 104 103 
290 4 7
99 102 96 100 104 99 99 97 95 95 
291 1 1
103 96 102 96 104 104 95 104 98 99 
292 8 4
96 102 103 97 100 98 96 97 96 97 
293 10 3
101 99 101 104 101 104 104 99 95 104 
294 6 2
95 102 97 98 98 97 103 102 96 101 
295 2 10
96 97 96 99 101 95 102 98 101 100 
296 3 3
99 98 104 101 99 101 102 99 101 97 
297 10 10
101 102 103 102 100 97 101 102 99 102 
298 2 2
103 95 101 101 101 95 104 95 100 103 
299 8 1
99 101 101 95 95 101 97 101 100 97 
300 5 2
99 97 95 96 95 98 99 95 99 95 
301 7 3
97 102 97 102 100 96 104 95 95 101 
302 3 1
97 99 104 104 104 100 95 98 102 95 
303 5 10
99 103 104 95 95 103 97 97 100 101 
304 3 2
103 96 98 95 102 102 97 96 99 96 
305 2 4
101 98 103 101 101 98 100 97 98 102 
306 3 7
100 101 103 95 97 97 98 97 99 103 
307 3 4
103 100 102 97 103 103 102 102 98 100 
308 4 10
95 103 96 101 100 100 97 97 96 97 
309 6 7
100 103 103 104 104 98 99 102 95 96 
310 2 1
96 103 102 100 98 95 101 101 96 103 
311 3 9
100 99 98 104 101 103 100 96 103 100 
312 3 10
95 102 101 95 95 102 98 97 102 95 
313 8 2
98 98 102 101 98 104 101 104 100 104 
314 9 2
102 100 98 103 95 102 102 98 99 101 
315 6 6
100 103 104 98 104 101 101 99 96 100 
316 1 8
101 101 103 96 101 103 97 100 98 102 
317 4 6
100 96 103 96 102 101 103 97 99 102 
318 8 4
98 98 102 102 103 104 101 99 101 99 
319 6 5
97 95 104 102 102 100 99 99 101 100 
320 7 6
96 99 104 100 97 102 96 102 95 95 
321 7 2
95 97 100 103 101 98 97 95 98 96 
322 10 3
101 101 102 99 96 98 96 99 104 96 
323 2 2
95 97 96 97 100 102 98 100 95 96 
324 6 9
101 102 96 104 95 97 98 104 103 95 
325 4 2
100 102 102 102 95 104 103 95 98 96 
326 5 9
104 95 100 96 98 95 96 104 104 97 
327 1 1
102 98 104 102 101 99 104 98 98 103 
328 1 4
102 96 100 96 97 97 96 98 97 102 
329 5 6
104 101 99 104 95 99 96 102 104 95 
330 6 6
101 101 96 95 99 96 100 97 99 98 
331 6 8
100 101 97 102 100 102 99 100 98 103 
332 7 4
99 102 96 98 104 103 96 102 99 97 
333 10 9
100 100 97 97 95 102 96 100 101 98 
334 3 2
95 103 103 100 101 99 104 97 98 97 
335 8 3
97 103 97 101 97 96 101 95 103 104 
336 3 9
103 100 100 99 103 104 103 104 102 101 
337 5 6
98 100 102 101 104 100 96 96 100 100 
338 10 1
101 101 97 102 102 101 102 100 96 98 
339 3 10
97 95 95 95 103 102 100 96 99 100 
340 1 5
95 98 102 102 103 102 102 99 98 96 
341 4 1
102 96 102 103 101 96 95 103 98 95 
342 1 3
104 101 100 99 98 102 95 100 95 102 
343 3 9
99 97 100 102 98 103 104 96 96 104 
344 10 8
95 104 101 101 97 103 103 96 101 100 
345 8 10
98 102 99 100 100 102 99 104 96 104 
346 10 5
104 95 100 96 96 102 103 97 103 101 
347 9 1
100 103 99 96 100 96 96 95 104 100 
348 7 7
99 97 100 100 96 101 95 95 104 102 
349 4 1
101 97 99 100 95 97 102 100 97 98 
350 10 1
102 95 95 101 102 103 99 99 95 96 
351 10 2
103 96 99 104 96 102 104 102 96 99 
352 5 3
103 99 104 98 104 103 98 101 95 100 
353 5 1
99 103 99 99 95 98 103 95 102 99 
354 10 9
98 103 102 100 99 99 104 98 103 103 
355 9 8
104 96 101 104 103 95 104 97 104 98 
356 10 10
104 102 104 101 98 95 101 101 103 98 
357 4 6
102 97 95 102 98 103 102 97 96 98 
358 4 10
100 98 97 99 103 98 100 104 97 101 
359 8 6
101 98 96 102 104 100 97 103 104 97 
360 9 3
95 100 99 96 95 95 97 100 98 101 
361 3 4
104 102 100 96 99 97 103 97 103 97 
362 10 10
104 96 104 103 100 102 98 100 99 104 
363 9 5
104 98 97 99 104 99 103 104 98 98 
364 3 10
102 98 97 100 100 98 101 99 102 101 
365 5 3
98 102 95 95 102 95 101 101 98 103 
366 2 4
99 96 99 103 101 103 102 100 96 104 
367 4 9
98 104 99 97 100 104 99 96 103 99 
368 2 8
102 104 99 95 103 102 100 99 95 104 
369 3 9
95 95 98 96 96 101 97 101 101 101 
370 9 4
102 100 99 101 96 102 98 103 104 104 
371 10 10
103 101 98 103 103 101 101 103 103 97 
372 2 2
103 98 103 101 95 103 95 102 98 101 
373 6 6
101 104 98 100 95 99 99 104 98 102 
374 8 2
100 101 104 98 103 95 102 103 101 100 
375 6 9
98 100 102 104 96 98 99 102 99 104 
376 5 5
101 103 100 104 103 100 97 98 96 96 
377 10 2
98 101 104 96 98 99 104 103 96 102 
378 10 4
95 98 97 101 100 104 97 98 102 103 
379 5 8
98 101 98 101 104 97 102 97 95 103 
380 5 6
98 100 100 99 97 100 104 99 95 99 
381 1 6
98 100 95 97 98 99 95 101 97 98 
382 3 2
102 96 99 104 104 95 101 99 100 96 
383 2 1
101 97 101 102 101 104 99 96 99 100 
384 7 8
96 101 100 99 96 104 102 95 95 96 
385 2 2
98 102 101 96 103 102 98 102 96 104 
386 5 1
103 95 96 99 102 102 98 104 100 103 
387 6 9
102 97 103 104 101 104 96 96 103 104 
388 5 8
103 102 99 104 104 95 104 104 95 98 
389 5 9
97 102 104 95 101 101 103 100 95 104 
390 8 7
95 103 95 104 104 99 103 102 97 99 
391 9 2
99 103 95 101 98 101 101 100 99 102 
392 8 3
100 101 104 101 102 101 99 102 99 99 
393 7 4
104 101 97 98 95 96 101 101 96 103 
394 6 5
100 96 96 96 96 104 98 101 102 97 
395 5 5
96 104 96 100 100 95 96 101 101 100 
396 10 8
101 102 98 104 101 103 100 98 97 102 
397 7 6
103 96 98 100 98 103 104 101 104 97 
398 3 5
97 100 96 104 97 97 101 96 95 96 
399 1 9
97 101 98 101 100 104 98 98 95 101 
400 9 6
101 104 97 100 96 101 95 99 98 96 
401 6 6
98 98 101 100 99 104 98 103 100 103 
402 7 1
102 104 100 102 101 98 98 97 99 102 
403 9 6
98 95 104 101 98 99 96 103 104 95 
404 5 5
104 104 99 99 103 96 101 100 95 96 
405 6 9
101 95 96 95 102 96 102 95 98 104 
406 9 7
100 96 99 100 96 95 104 95 95 100 
407 7 1
101 99 100 102 102 97 102 98 97 103 
408 6 10
96 98 96 99 97 104 95 104 96 102 
409 5 3
102 100 100 102 96 98 102 102 103 100 
410 7 6
102 99 96 97 99 101 96 103 96 100 
411 3 6
99 100 100 102 97 104 97 104 100 102 
412 10 7
95 103 100 95 100 99 101 100 95 102 
413 8 5
100 95 97 104 100 102 99 97 97 96 
414 10 7
96 96 102 103 95 101 101 98 102 96 
415 4 3
102 96 104 102 95 101 97 101 102 101 
416 8 5
98 96 101 102 100 103 98 103 96 96 
417 7 5
104 97 102 101 100 97 96 100 99 95 
418 3 5
102 99 97 101 98 104 95 101 98 104 
419 7 9
102 104 101 103 95 99 97 95 103 96 
420 9 6
99 104 95 95 97 98 101 104 104 96 
421 8 3
95 104 96 100 103 102 98 100 103 96 
422 7 2
100 95 98 98 97 96 104 103 98 104 
423 1 6
97 101 101 99 102 98 101 95 99 104 
424 6 4
103 96 95 102 97 103 103 103 104 96 
425 4 4
99 99 96 104 99 98 99 103 104 97 
426 3 10
102 96 104 97 97 101 100 96 102 102 
427 1 3
101 103 97 100 96 100 95 102 95 96 
428 8 7
101 98 101 100 101 104 101 100 97 102 
429 8 5
101 99 102 98 97 102 102 95 102 104 
430 6 1
102 100 103 104 103 102 100 99 97 96 
431 2 1
97 95 101 101 102 100 96 100 95 103 
432 10 5
103 103 99 100 103 96 101 102 103 101 
433 7 9
100 98 99 102 101 102 103 104 102 99 
434 8 8
96 103 97 96 104 98 102 102 97 98 
435 5 3
99 95 96 99 103 102 97 98 97 101 
436 2 9
99 96 104 96 102 102 95 103 102 98 
437 3 9
103 104 100 95 100 97 99 104 99 100 
438 7 4
99 103 103 101 100 96 102 96 97 103 
439 5 2
100 100 95 100 95 97 98 103 98 96 
440 2 9
98 102 95 104 98 101 97 102 99 96 
441 7 2
99 98 99 102 98 104 103 96 101 95 
442 7 7
97 96 101 103 99 104 101 104 102 101 
443 10 3
99 96 96 104 99 102 97 104 97 102 
444 9 7
103 103 102 99 104 100 97 98 101 95 
445 4 2
95 95 95 104 103 104 96 98 98 99 
446 5 10
99 103 95 101 102 103 99 100 104 98 
447 10 9
95 96 98 104 99 102 97 101 104 99 
448 6 10
99 103 99 104 97 95 95 101 104 96 
449 6 7
104 96 97 95 102 98 95 102 102 99 
450 9 2
98 95 102 97 100 97 98 96 97 103 
451 1 7
103 95 98 102 96 95 101 98 98 95 
452 6 1
98 101 95 95 97 103 98 100 104 95 
453 10 7
99 97 102 101 95 102 100 96 104 95 
454 1 4
95 101 103 100 101 98 101 97 96 103 
455 5 4
103 103 103 104 103 104 100 100 99 97 
456 4 5
96 103 102 98 103 103 101 95 99 101 
457 7 4
96 99 100 98 97 104 101 95 102 102 
458 3 9
101 102 98 95 95 103 102 96 102 99 
459 5 6
99 97 103 104 95 99 99 97 103 104 
460 8 3
95 98 99 95 97 101 95 96 99 100 
461 4 7
98 97 102 95 102 99 103 96 103 101 
462 3 10
97 101 98 97 102 95 99 95 100 103 
463 1 1
102 95 96 98 102 99 104 95 102 103 
464 4 7
99 98 104 98 96 99 99 98 97 104 
465 6 1
96 96 95 103 96 97 103 103 99 104 
466 2 2
101 97 98 100 96 101 98 100 104 99 
467 1 3
103 99 100 96 98 97 98 101 98 100 
468 6 8
102 98 100 96 100 104 99 98 96 102 
469 9 5
101 98 95 102 102 95 95 101 102 102 
470 10 3
97 99 104 102 104 99 99 103 102 97 
471 2 3
96 100 100 99 99 100 104 95 103 104 
472 9 9
96 95 99 103 102 100 96 104 104 97 
473 8 1
101 96 103 98 100 104 103 101 99 100 
474 4 1
98 97 96 98 98 104 96 101 104 102 
475 6 9
97 103 103 98 95 102 98 103 95 98 
476 4 7
97 96 99 103 104 102 104 97 104 97 
477 8 5
96 104 96 97 101 103 97 96 103 97 
478 5 1
104 95 103 97 100 98 95 103 100 99 
479 9 7
97 104 95 98 96 102 95 99 101 98 
480 9 4
96 96 101 96 98 97 96 100 99 96 
481 8 1
99 102 95 96 98 103 104 100 103 104 
482 2 10
102 98 101 100 101 99 95 102 100 101 
483 1 10
104 98 101 98 101 98 98 97 97 98 
484 5 6
99 98 98 99 100 101 100 99 104 96 
485 10 6
101 95 99 96 103 99 97 104 104 103 
486 4 6
98 103 102 100 99 98 98 95 102 103 
487 5 5
99 104 103 100 96 102 97 102 104 101 
488 1 9
97 98 104 96 96 97 103 100 98 100 
489 3 10
104 102 104 103 100 100 97 96 99 97 
490 7 8
104 103 101 96 101 102 96 95 95 95 
491 4 4
100 96 95 95 104 100 104 103 97 95 
492 9 1
100 95 96 96 97 103 96 98 103 102 
493 7 8
99 102 102 101 95 96 97 100 99 97 
494 6 4
104 101 98 97 103 96 97 100 98 100 
495 9 8
98 104 96 99 102 102 96 98 102 95 
496 1 8
98 97 99 95 101 96 98 101 102 102 
497 1 6
95 99 97 99 104 95 96 100 95 99 
498 2 10
99 99 97 96 99 97 95 95 101 99 
499 1 6
100 100 98 99 97 98 96 100 102 98 

