50 10 2481
0 2 4
104 96 93 107 95 93 98 95 94 104 
1 5 5
93 104 92 91 91 99 107 94 98 109 
2 4 9
92 92 90 90 100 103 94 106 109 109 
3 5 5
93 92 91 109 106 105 94 101 92 108 
4 3 4
97 99 97 97 91 102 96 105 104 96 
5 7 8
101 102 103 101 101 109 97 96 91 99 
6 7 1
106 92 103 108 90 96 103 109 97 102 
7 8 1
95 95 106 101 93 94 90 104 98 96 
8 8 10
95 95 96 109 96 94 91 92 96 104 
9 4 9
102 96 107 102 101 106 94 106 91 90 
10 10 5
106 90 101 94 96 98 94 93 95 92 
11 3 4
96 105 108 94 100 101 92 104 99 109 
12 7 1
106 101 106 99 93 98 96 90 98 107 
13 5 7
107 90 99 105 104 94 108 102 109 106 
14 7 2
109 108 106 99 108 92 99 96 95 108 
15 6 10
96 103 91 96 92 95 102 90 108 103 
16 8 5
99 95 107 99 92 103 100 91 102 108 
17 3 3
91 94 90 108 104 97 97 90 91 98 
18 9 4
96 92 105 106 105 92 90 95 90 107 
19 7 5
101 98 105 105 97 100 99 90 104 99 
20 9 9
98 108 90 91 96 108 95 94 102 102 
21 1 8
97 91 94 97 108 100 91 91 101 98 
22 9 9
108 107 108 94 108 98 102 97 96 94 
23 9 4
104 95 99 96 108 100 96 95 101 100 
24 5 2
103 95 105 94 103 93 92 94 91 102 
25 9 10
102 103 96 109 107 97 94 102 102 103 
26 9 3
93 106 109 96 97 93 90 90 98 105 
27 7 5
108 100 108 109 104 108 101 96 101 99 
28 6 10
106 91 103 91 105 93 105 100 90 105 
29 10 10
108 99 101 109 94 97 95 104 99 93 
30 7 4
103 107 99 95 108 97 96 105 98 101 
31 9 6
104 93 96 96 108 105 95 99 106 106 
32 1 1
93 95 104 102 90 102 97 103 99 107 
33 1 9
106 98 105 94 109 105 102 104 108 108 
34 1 10
95 96 100 91 104 92 103 100 109 109 
35 3 2
102 92 94 103 101 97 91 97 105 98 
36 4 6
105 105 91 96 103 91 97 100 109 107 
37 2 5
101 94 94 100 94 108 91 98 90 107 
38 2 4
94 93 100 102 93 104 109 109 91 90 
39 8 8
103 94 107 103 91 91 109 94 95 105 
40 5 2
103 105 99 96 94 101 91 91 96 102 
41 4 2
108 102 102 109 94 99 96 107 103 106 
42 1 7
107 91 100 104 106 94 106 92 101 107 
43 1 9
90 91 99 96 95 104 90 93 108 102 
44 6 3
92 91 109 97 99 92 104 96 93 94 
45 2 3
91 99 96 94 108 96 102 109 109 103 
46 8 6
97 107 98 95 100 105 109 94 107 109 
47 4 9
103 107 95 98 104 108 90 97 109 96 
48 2 8
94 106 98 94 99 96 91 107 93 91 
49 5 6
107 104 91 96 95 95 94 108 92 91 

