50 10 3494
0 47 86
118 90 75 90 122 126 51 114 108 74 
1 94 40
52 91 114 125 51 145 65 92 88 108 
2 74 48
135 87 118 148 104 64 86 124 56 111 
3 16 79
140 118 144 98 142 137 138 97 131 102 
4 23 83
149 139 74 87 98 147 86 135 136 54 
5 36 42
121 121 117 127 83 132 58 73 100 52 
6 24 96
140 61 92 121 65 66 103 116 56 127 
7 5 7
76 90 141 63 147 76 56 118 148 123 
8 46 84
106 55 56 108 58 79 103 148 143 97 
9 22 61
66 124 77 72 53 133 130 131 73 121 
10 95 73
99 102 90 97 76 88 80 84 93 138 
11 45 52
120 148 51 65 95 72 77 63 98 104 
12 36 4
139 65 135 63 88 81 87 138 134 128 
13 88 63
118 120 98 61 60 142 65 82 140 118 
14 48 89
93 77 51 93 83 139 97 73 106 134 
15 89 48
65 75 85 101 53 124 63 121 94 63 
16 36 8
56 100 89 98 120 89 138 63 116 92 
17 58 100
81 106 72 89 90 60 136 105 86 123 
18 60 92
50 74 113 94 88 100 101 94 102 93 
19 45 23
132 83 138 98 125 95 97 108 51 72 
20 50 42
82 138 98 70 111 57 62 111 82 77 
21 59 71
127 111 116 79 54 60 53 88 145 141 
22 87 23
138 136 130 139 58 132 132 142 120 81 
23 14 84
140 127 147 124 54 57 94 83 118 112 
24 15 26
75 67 113 70 111 52 93 99 90 125 
25 92 1
107 123 142 129 106 107 113 149 84 62 
26 74 91
69 120 125 89 82 139 114 107 109 130 
27 31 21
84 75 71 124 102 62 124 112 88 68 
28 42 95
126 106 95 112 118 69 55 137 139 130 
29 80 22
72 93 81 83 125 63 103 59 88 76 
30 36 91
89 59 54 79 78 96 73 106 104 71 
31 19 24
90 125 112 79 58 91 52 80 87 135 
32 64 13
148 118 124 138 144 59 81 135 121 85 
33 15 100
131 140 105 86 61 75 61 53 51 123 
34 85 62
117 136 141 54 122 56 118 72 124 144 
35 12 21
106 144 108 77 79 74 128 113 64 135 
36 52 78
112 112 82 65 137 66 126 56 53 117 
37 63 28
123 133 51 149 127 114 122 135 108 80 
38 13 89
104 92 101 71 77 104 100 140 118 133 
39 6 56
149 132 64 104 51 126 131 77 109 85 
40 27 90
149 148 124 108 78 89 96 85 131 99 
41 57 62
53 108 53 121 91 110 128 143 92 142 
42 48 97
71 131 73 130 66 51 71 65 50 146 
43 26 81
137 73 117 118 122 125 131 77 84 134 
44 51 28
95 131 70 89 123 70 137 96 103 60 
45 80 70
114 50 86 114 146 64 146 133 87 66 
46 5 11
141 135 139 127 72 90 55 117 71 127 
47 59 47
99 96 143 52 58 122 121 122 122 110 
48 89 22
124 87 106 61 103 62 123 146 100 113 
49 75 73
105 81 141 126 58 51 124 60 97 69 

