500 10 44985
0 2 84
102 99 101 100 98 101 101 98 102 102 
1 15 65
101 102 100 99 99 102 100 102 101 102 
2 74 19
100 100 98 98 98 101 102 99 102 102 
3 95 25
101 100 99 102 99 98 102 99 100 101 
4 73 44
100 102 100 100 99 100 99 98 102 99 
5 17 38
99 100 101 99 99 102 100 99 99 102 
6 7 91
99 100 101 101 98 99 101 102 100 100 
7 68 61
98 98 99 99 101 102 98 102 101 99 
8 78 40
98 98 99 102 99 102 99 100 99 102 
9 94 79
100 99 100 100 99 99 102 99 99 98 
10 80 65
99 98 99 102 99 101 102 101 98 100 
11 63 84
99 98 101 102 98 99 100 102 102 102 
12 87 21
99 99 99 102 101 101 99 98 101 100 
13 65 27
100 98 102 98 102 102 101 100 102 99 
14 37 82
102 101 99 102 101 100 102 99 98 101 
15 96 30
99 101 99 99 100 98 100 98 101 101 
16 48 25
102 98 100 102 100 101 98 99 100 101 
17 43 43
99 102 98 101 102 100 100 98 99 101 
18 59 64
99 100 98 99 98 100 98 98 98 100 
19 47 55
99 101 98 98 100 98 102 98 102 102 
20 59 69
101 101 98 99 99 101 98 102 100 100 
21 41 68
100 99 102 100 101 98 99 99 99 101 
22 89 79
101 100 101 102 101 101 100 100 99 102 
23 49 34
102 98 102 99 101 98 99 98 99 98 
24 85 42
101 98 98 102 101 101 100 102 99 100 
25 49 100
100 101 99 102 100 100 102 100 100 101 
26 19 3
101 99 102 99 100 101 98 98 101 98 
27 57 15
101 98 101 102 102 101 99 99 99 102 
28 86 50
99 99 101 99 98 101 98 98 98 98 
29 50 100
101 102 99 102 102 100 98 102 102 101 
30 27 44
101 100 102 98 101 100 99 98 101 99 
31 49 96
102 101 99 99 101 98 98 102 99 99 
32 1 81
101 98 102 100 98 100 100 101 102 100 
33 51 69
99 101 98 102 102 98 100 102 101 101 
34 61 50
98 99 98 99 102 100 101 98 102 102 
35 23 72
100 100 102 101 99 100 99 100 98 101 
36 64 96
98 98 99 99 101 99 100 98 102 100 
37 72 55
99 102 102 98 102 101 99 101 98 100 
38 82 24
102 101 98 100 101 102 102 102 99 98 
39 58 28
101 102 100 101 99 99 102 102 98 98 
40 75 22
101 98 102 99 102 99 99 99 99 100 
41 34 22
101 100 100 102 102 102 99 100 101 99 
42 91 7
100 99 98 102 99 102 99 100 99 100 
43 1 9
98 99 102 99 98 102 98 101 101 100 
44 36 63
100 99 102 100 102 100 102 99 101 102 
45 42 73
99 102 99 102 101 99 100 102 102 101 
46 58 6
100 100 101 98 98 98 102 102 100 102 
47 4 99
101 100 98 101 102 101 98 100 102 99 
48 32 78
102 99 101 102 102 99 99 100 101 99 
49 55 26
100 102 99 99 98 98 102 101 100 99 
50 79 49
99 102 98 98 100 102 98 102 98 101 
51 11 25
99 99 101 100 102 98 100 99 102 99 
52 8 52
99 102 99 98 98 102 102 100 98 99 
53 20 41
98 99 102 98 100 99 100 101 102 98 
54 81 4
98 98 98 99 99 102 100 100 101 98 
55 40 47
98 101 98 100 100 102 100 100 101 101 
56 36 51
99 100 101 98 100 102 102 98 102 99 
57 2 31
98 99 102 102 99 101 98 101 102 98 
58 37 27
99 98 98 102 102 98 102 98 100 98 
59 84 43
99 100 100 98 101 98 100 98 101 101 
60 40 28
101 99 98 100 101 101 98 100 102 101 
61 24 11
101 101 100 101 98 98 98 99 102 102 
62 39 65
99 100 98 98 98 99 100 101 101 102 
63 64 54
101 98 100 102 101 99 102 102 99 101 
64 100 52
99 102 100 100 98 100 100 99 102 100 
65 97 45
101 98 102 101 98 102 102 101 100 99 
66 65 88
100 98 99 98 101 100 99 99 99 98 
67 75 9
100 101 98 99 98 101 100 98 102 102 
68 92 7
98 100 99 100 101 98 98 101 98 101 
69 39 46
99 100 102 102 100 101 98 100 99 98 
70 64 44
98 101 98 99 100 101 100 102 98 101 
71 23 82
98 102 102 98 102 102 101 100 101 100 
72 65 82
100 102 101 98 102 101 98 99 99 98 
73 14 66
99 98 98 99 99 102 100 99 98 101 
74 65 15
98 102 100 101 99 101 99 98 100 99 
75 13 99
100 100 102 98 102 100 99 98 98 101 
76 78 97
100 99 102 100 98 101 101 100 100 100 
77 1 16
98 102 100 100 98 102 100 100 99 100 
78 24 99
102 99 101 99 99 100 100 98 99 100 
79 35 54
100 100 98 98 98 100 100 100 99 98 
80 43 58
102 102 99 101 99 99 99 101 100 99 
81 35 79
99 102 101 100 101 102 98 98 100 98 
82 13 20
100 98 101 99 98 98 101 102 98 99 
83 8 54
101 101 101 100 100 98 101 101 99 101 
84 96 40
101 100 102 98 102 100 99 101 102 102 
85 55 5
100 102 101 102 99 99 100 102 99 101 
86 24 56
101 99 101 102 100 98 98 98 102 99 
87 33 84
98 101 100 102 102 101 101 99 101 100 
88 86 35
98 98 98 101 101 98 102 101 100 102 
89 75 45
100 102 99 101 100 101 100 101 101 99 
90 93 28
99 99 99 102 98 101 98 98 101 98 
91 1 89
99 99 101 98 101 102 99 100 98 100 
92 26 94
100 100 99 98 98 101 102 100 102 100 
93 79 65
99 102 99 99 102 102 98 100 98 98 
94 80 64
98 98 98 98 100 99 101 99 98 99 
95 72 94
98 101 100 99 98 98 101 99 102 102 
96 44 72
101 98 101 99 100 101 99 100 98 102 
97 36 81
100 98 99 102 100 101 100 102 101 102 
98 46 54
100 101 100 99 98 100 100 98 100 101 
99 62 37
101 101 102 101 102 99 101 99 101 100 
100 81 56
100 98 102 98 99 98 101 101 98 100 
101 36 66
102 102 99 101 102 102 98 100 102 99 
102 34 69
100 101 102 98 98 100 101 100 100 100 
103 100 24
102 101 100 100 100 102 100 100 98 98 
104 61 16
100 98 102 99 99 102 100 101 98 101 
105 62 96
98 102 98 102 101 102 101 101 102 100 
106 3 33
101 102 102 101 100 99 98 99 100 100 
107 73 99
99 99 102 99 98 100 102 100 99 102 
108 28 20
98 100 102 98 102 99 102 100 101 98 
109 3 53
99 101 101 98 98 100 102 99 102 98 
110 16 42
100 102 101 98 98 100 99 98 102 101 
111 73 61
99 99 102 99 101 100 101 98 98 101 
112 13 56
99 101 101 100 101 101 98 100 102 98 
113 98 10
101 99 98 102 102 100 98 98 99 102 
114 33 55
99 100 99 101 99 102 101 102 100 102 
115 4 14
100 101 98 102 101 98 101 101 101 101 
116 14 78
101 98 102 102 99 101 98 98 99 100 
117 69 15
101 102 101 100 101 99 98 100 99 101 
118 84 70
98 100 101 101 98 101 100 101 98 99 
119 75 62
100 98 101 101 102 100 102 102 101 100 
120 32 54
98 102 100 99 100 99 100 102 101 100 
121 93 1
98 102 102 98 100 98 102 102 100 100 
122 75 54
99 101 100 102 100 99 102 102 98 100 
123 38 35
98 98 101 101 100 100 101 98 99 102 
124 43 21
100 101 98 102 99 99 101 102 98 100 
125 7 80
101 98 102 101 102 99 102 102 99 100 
126 3 7
102 101 101 100 102 100 101 99 99 98 
127 29 95
99 99 101 101 101 102 101 100 100 100 
128 68 7
101 100 99 100 99 98 98 99 98 98 
129 11 81
100 101 101 101 98 99 102 100 100 98 
130 16 64
99 101 100 101 100 102 100 101 101 98 
131 6 81
98 100 101 99 100 101 101 99 100 99 
132 3 95
101 99 99 100 99 102 98 101 102 100 
133 19 68
102 98 98 100 98 100 100 101 99 98 
134 17 59
99 102 102 98 100 101 102 98 98 99 
135 96 99
98 98 99 102 98 100 101 102 100 101 
136 17 46
100 99 101 101 99 99 99 102 98 101 
137 20 95
99 102 98 101 98 100 100 100 100 98 
138 54 100
100 100 101 100 98 100 102 98 101 102 
139 14 57
98 100 99 98 98 98 102 101 102 99 
140 95 77
98 99 101 98 99 100 102 99 99 101 
141 26 19
100 102 101 98 98 100 99 98 102 102 
142 63 17
98 101 99 99 100 98 101 100 99 101 
143 13 41
100 100 101 101 100 98 100 102 99 98 
144 82 42
100 102 99 101 102 101 99 99 99 101 
145 80 79
101 100 99 100 101 98 102 98 100 102 
146 80 92
102 99 100 98 99 98 99 99 98 102 
147 22 72
100 101 102 98 99 101 102 99 99 100 
148 46 87
100 99 99 100 98 98 98 99 99 101 
149 82 6
101 102 99 98 98 102 99 100 100 98 
150 26 6
102 99 102 100 101 102 101 100 99 102 
151 52 64
100 100 98 101 100 101 101 100 98 99 
152 39 91
101 99 98 98 102 98 99 101 99 98 
153 68 62
99 100 98 102 101 100 101 98 102 98 
154 7 34
101 99 98 98 98 101 99 101 100 101 
155 14 12
101 99 99 99 101 101 102 100 100 102 
156 47 83
99 99 98 100 99 99 98 100 102 99 
157 88 10
99 101 100 101 99 101 99 99 99 100 
158 65 8
100 101 102 102 101 100 102 99 99 102 
159 35 18
98 102 102 102 100 102 99 99 100 98 
160 10 72
101 99 102 100 98 102 99 101 102 100 
161 48 70
102 99 99 98 98 98 98 100 99 99 
162 55 80
98 98 98 98 98 99 99 99 102 100 
163 49 16
101 102 101 101 99 100 100 100 99 101 
164 11 79
98 98 101 100 101 100 101 102 102 101 
165 5 10
99 100 100 101 99 100 101 98 101 101 
166 61 2
100 100 102 101 101 99 102 101 101 100 
167 88 32
102 98 98 101 98 99 102 100 98 100 
168 88 53
99 98 100 98 98 100 99 100 99 100 
169 79 10
101 100 98 99 102 100 98 98 98 98 
170 11 51
102 99 102 102 98 99 99 100 101 98 
171 73 74
100 101 101 99 99 101 98 99 98 100 
172 74 27
100 101 101 100 98 98 102 99 99 102 
173 4 45
98 102 99 99 100 98 102 99 101 102 
174 13 77
100 98 98 102 100 101 100 102 101 100 
175 54 76
100 101 102 99 100 100 98 102 101 99 
176 41 11
99 100 100 99 99 99 98 99 99 98 
177 3 95
98 98 98 98 102 102 100 100 100 99 
178 19 47
98 101 98 102 99 99 99 102 98 98 
179 23 57
100 100 102 101 102 100 100 102 102 98 
180 12 34
102 102 100 101 100 98 102 98 98 99 
181 45 29
102 100 100 102 101 100 101 100 102 100 
182 76 20
99 98 98 100 98 102 101 99 98 98 
183 30 68
101 98 100 98 99 101 102 99 101 101 
184 21 17
98 98 98 100 101 100 101 99 100 98 
185 85 85
102 100 100 102 102 99 102 100 101 101 
186 84 41
100 102 99 98 102 101 101 100 102 98 
187 5 50
100 102 100 100 102 101 99 102 100 99 
188 91 23
102 102 99 101 101 99 101 100 98 99 
189 58 73
99 100 102 100 100 98 101 99 102 99 
190 89 54
99 98 102 102 101 98 101 100 102 102 
191 51 18
99 98 99 101 99 98 98 98 100 99 
192 65 12
99 101 101 98 99 101 102 100 98 101 
193 69 4
101 99 99 98 101 99 102 99 100 99 
194 72 31
99 102 100 99 98 100 102 100 98 102 
195 85 29
101 101 98 101 102 102 100 102 100 101 
196 12 48
99 99 98 98 100 100 99 98 99 98 
197 14 89
100 101 98 102 100 98 100 100 98 98 
198 52 12
102 101 99 101 101 100 101 102 98 101 
199 91 10
98 101 98 101 98 98 100 101 101 102 
200 90 24
99 100 98 100 100 101 101 101 101 99 
201 9 12
99 99 101 99 98 98 99 100 98 101 
202 22 36
101 101 98 102 102 98 100 99 102 102 
203 49 72
98 101 99 101 100 99 100 101 101 98 
204 92 59
100 100 98 100 100 101 100 99 101 98 
205 78 14
98 99 102 102 98 102 100 100 102 98 
206 2 47
99 101 99 102 98 101 102 102 100 100 
207 27 36
98 98 101 102 98 98 100 98 99 101 
208 7 79
100 98 99 101 98 102 98 100 102 101 
209 19 2
99 101 98 99 98 99 101 100 101 99 
210 77 92
101 98 101 99 101 98 99 100 98 102 
211 97 4
101 101 98 100 101 101 98 98 101 98 
212 84 91
101 99 101 100 100 99 101 100 100 99 
213 34 3
101 102 100 99 102 98 102 102 98 102 
214 15 69
102 102 98 98 98 101 98 98 102 98 
215 3 99
100 100 98 99 99 98 98 102 100 102 
216 58 19
102 99 100 99 98 101 98 100 101 100 
217 53 91
99 102 98 100 98 98 99 102 102 101 
218 18 16
99 100 100 101 100 102 101 101 99 98 
219 6 24
102 100 100 102 102 99 102 98 99 99 
220 81 89
99 101 102 99 99 99 101 102 101 98 
221 20 13
100 100 101 98 101 101 98 102 98 101 
222 91 12
102 99 102 100 100 102 100 102 100 99 
223 13 76
100 98 98 101 101 102 100 98 100 98 
224 8 58
101 100 101 98 98 101 102 100 102 101 
225 35 64
100 100 100 102 98 102 99 101 100 99 
226 14 16
101 98 100 98 99 102 102 99 99 100 
227 50 30
100 101 99 101 99 100 99 98 99 99 
228 97 48
100 100 98 102 102 101 99 102 98 101 
229 100 9
102 98 98 101 102 99 100 99 102 98 
230 27 68
100 102 100 102 98 101 101 98 98 101 
231 62 62
101 101 98 98 101 99 102 101 99 99 
232 39 11
100 98 101 99 98 99 101 102 99 98 
233 66 14
98 101 101 98 101 100 102 101 98 102 
234 25 81
99 98 98 102 99 101 98 101 101 98 
235 52 76
100 102 100 98 99 102 101 99 101 102 
236 74 19
99 100 102 101 100 98 101 98 98 102 
237 100 42
100 99 99 101 100 100 98 99 101 102 
238 57 95
102 99 100 100 98 100 100 99 98 99 
239 42 55
99 98 99 99 99 98 102 98 102 100 
240 99 52
102 99 102 102 98 98 98 102 99 100 
241 19 70
100 99 100 100 100 102 101 99 102 102 
242 95 33
99 102 100 98 101 101 101 101 102 102 
243 48 57
102 98 101 101 100 99 100 99 102 102 
244 59 70
101 101 98 102 102 102 99 99 98 99 
245 64 70
102 102 102 98 101 101 99 98 101 102 
246 86 29
101 100 102 100 101 98 99 102 101 99 
247 16 44
101 102 99 101 98 99 102 99 100 101 
248 7 39
102 102 101 100 102 98 98 102 100 100 
249 67 13
100 98 99 100 99 100 100 99 101 101 
250 96 89
100 99 102 102 98 98 100 102 99 100 
251 14 13
100 99 99 99 101 101 102 100 101 100 
252 27 77
102 102 101 102 102 98 100 99 101 101 
253 69 49
98 98 102 100 101 98 102 100 99 99 
254 50 87
99 101 98 99 98 99 102 100 98 102 
255 62 13
99 99 98 98 102 101 98 98 99 98 
256 23 47
100 101 101 101 102 100 99 100 100 99 
257 86 16
102 98 102 98 99 100 102 101 101 102 
258 14 21
101 101 98 102 98 102 98 100 102 98 
259 83 72
101 98 101 100 101 102 100 101 99 99 
260 84 78
102 102 98 102 101 98 102 101 102 99 
261 75 47
98 99 99 100 100 98 101 100 99 99 
262 60 100
100 100 100 98 98 100 101 99 101 98 
263 2 88
99 98 100 100 100 100 98 102 101 99 
264 32 73
102 99 102 98 101 102 99 100 101 99 
265 99 94
98 99 100 102 101 101 101 99 98 98 
266 71 45
100 99 102 101 102 100 98 101 102 100 
267 46 60
99 102 99 99 98 102 102 100 100 101 
268 67 29
99 102 102 100 98 98 99 102 101 100 
269 75 20
100 100 98 101 102 98 100 100 99 98 
270 44 7
100 102 99 99 101 100 102 102 102 99 
271 44 67
101 100 100 101 102 100 100 101 99 100 
272 12 36
98 98 100 99 101 98 98 98 102 99 
273 19 100
98 101 99 102 99 102 98 102 99 101 
274 8 59
100 99 101 101 102 100 98 99 100 100 
275 23 66
102 102 100 98 100 99 98 101 99 99 
276 88 73
100 98 101 99 98 100 99 100 101 102 
277 51 60
99 98 98 102 102 98 99 98 99 102 
278 46 60
98 100 100 99 98 99 98 101 99 101 
279 10 42
98 98 98 98 99 100 98 101 102 100 
280 35 61
102 100 98 99 99 99 98 101 98 102 
281 27 37
100 99 102 102 99 98 100 101 98 98 
282 20 7
100 99 99 100 101 98 100 101 101 98 
283 87 22
101 101 100 101 100 98 102 102 102 98 
284 16 6
98 98 102 100 98 101 99 102 99 100 
285 89 90
98 101 102 101 101 100 99 99 98 101 
286 22 70
99 99 102 98 101 99 98 102 101 99 
287 94 31
99 102 98 100 100 101 100 100 101 101 
288 43 42
99 98 102 99 99 99 99 100 102 100 
289 53 48
98 100 101 102 102 100 99 100 99 99 
290 46 51
100 102 102 98 100 99 102 101 100 101 
291 68 86
99 98 100 98 102 102 98 99 101 101 
292 91 35
100 102 100 99 98 100 99 102 99 99 
293 93 96
102 101 99 101 99 98 101 98 98 98 
294 56 37
99 100 100 100 101 98 99 98 102 98 
295 2 82
100 98 99 98 101 98 101 100 101 102 
296 99 92
102 99 99 99 102 102 100 100 99 102 
297 45 40
102 99 100 98 99 98 100 99 98 98 
298 44 86
98 99 98 101 100 101 99 101 99 98 
299 90 16
102 101 101 100 98 100 102 99 98 101 
300 53 58
101 102 98 99 102 101 99 99 100 99 
301 85 77
99 100 98 101 100 99 101 101 100 101 
302 82 83
99 100 101 101 98 100 98 101 99 100 
303 25 33
101 101 101 100 99 102 101 101 100 98 
304 57 50
100 99 98 102 98 99 101 101 98 101 
305 97 96
99 102 98 100 99 100 100 102 98 98 
306 17 7
100 100 99 102 100 100 98 102 102 98 
307 36 100
101 98 102 101 102 98 101 98 102 99 
308 55 52
101 99 100 98 102 99 99 99 101 98 
309 63 66
100 100 100 101 98 102 102 98 98 101 
310 65 92
102 102 99 101 98 100 99 98 99 99 
311 91 66
100 102 101 100 102 98 102 101 102 99 
312 38 60
101 101 98 98 100 99 99 101 100 102 
313 84 94
99 100 101 102 101 99 102 98 98 100 
314 73 70
102 99 100 102 98 99 101 98 98 98 
315 31 50
101 101 102 99 102 100 99 100 102 99 
316 58 10
100 99 102 100 99 101 101 98 98 101 
317 45 68
102 98 100 99 100 102 100 99 102 101 
318 65 64
101 98 98 100 99 102 100 99 101 101 
319 41 25
100 102 99 102 100 101 101 101 101 98 
320 58 48
99 99 98 100 98 102 98 101 99 100 
321 58 66
100 99 99 98 100 99 99 102 100 102 
322 56 65
100 101 98 100 98 102 98 101 98 100 
323 91 88
102 100 100 98 102 98 98 101 101 101 
324 81 76
100 101 99 102 101 99 99 98 99 99 
325 36 44
98 100 99 100 102 99 100 101 98 102 
326 72 91
102 101 98 98 100 101 98 99 99 100 
327 86 77
98 99 102 102 102 102 100 99 99 102 
328 97 76
100 101 99 101 100 102 98 102 100 100 
329 50 12
98 102 100 102 101 98 98 99 101 102 
330 46 79
98 100 99 99 101 100 102 101 98 100 
331 89 91
99 98 102 98 102 101 100 98 102 99 
332 17 66
99 99 99 100 101 101 98 101 100 99 
333 38 67
102 99 99 99 101 99 99 99 99 98 
334 17 36
98 98 100 100 102 98 100 100 100 98 
335 80 18
101 102 100 98 101 102 101 102 100 99 
336 16 33
100 102 101 98 99 100 101 100 100 98 
337 47 72
99 101 102 98 98 98 102 98 98 99 
338 46 51
99 99 102 98 100 99 101 98 98 99 
339 43 48
98 98 99 101 101 100 99 99 100 100 
340 89 43
101 100 100 98 98 102 98 101 100 99 
341 10 71
102 100 100 100 98 102 102 99 100 100 
342 87 76
99 100 99 101 100 99 100 98 101 99 
343 18 46
98 100 102 101 98 101 98 102 100 102 
344 7 63
101 100 101 100 99 99 100 100 102 98 
345 41 14
99 100 101 99 101 100 100 99 102 99 
346 42 12
99 99 98 101 100 102 100 98 99 101 
347 34 59
102 100 98 98 98 101 101 99 100 101 
348 46 14
98 102 102 99 98 100 100 101 101 101 
349 94 68
100 98 100 98 101 100 98 101 100 101 
350 49 8
99 100 98 101 100 100 99 101 99 100 
351 25 64
102 100 99 102 100 102 99 99 100 99 
352 37 41
101 100 98 100 98 99 99 101 101 100 
353 47 1
99 98 98 101 100 98 99 100 100 101 
354 22 95
102 98 98 99 99 101 102 99 100 102 
355 95 55
98 98 100 98 102 99 101 99 99 101 
356 67 76
98 100 100 100 98 99 101 100 99 98 
357 11 8
99 102 101 101 99 102 101 101 100 100 
358 72 94
98 99 99 99 99 100 102 100 98 99 
359 82 58
102 100 102 100 100 98 102 101 99 98 
360 85 5
99 102 101 98 99 102 102 100 100 98 
361 96 84
101 102 98 98 101 102 100 102 99 102 
362 28 11
99 101 99 102 98 98 102 100 102 100 
363 63 93
101 101 99 98 102 102 101 102 98 99 
364 90 84
98 101 101 99 102 98 101 98 101 102 
365 66 90
99 102 101 100 101 100 98 101 99 101 
366 74 31
100 101 99 98 102 100 101 102 98 101 
367 73 21
101 101 100 102 100 102 98 102 98 98 
368 24 39
100 98 99 101 102 99 98 101 98 99 
369 34 80
98 102 99 99 100 98 101 101 98 100 
370 80 14
102 99 102 102 99 100 98 101 101 101 
371 30 35
98 99 102 100 101 101 101 98 102 99 
372 77 47
100 99 102 100 99 98 100 98 99 101 
373 15 23
101 99 101 101 98 102 100 100 98 99 
374 20 51
99 102 99 98 99 102 102 98 101 98 
375 10 60
99 102 99 100 100 100 100 98 102 100 
376 76 12
99 100 101 101 99 102 102 102 101 100 
377 56 92
101 102 99 99 102 99 100 100 98 101 
378 61 55
99 102 100 100 99 100 101 102 100 101 
379 93 26
102 101 102 102 100 102 99 99 98 100 
380 85 53
98 100 102 100 100 99 100 98 98 99 
381 53 24
101 100 100 100 100 100 100 99 100 100 
382 92 96
101 102 99 102 99 100 101 102 102 100 
383 14 80
99 100 102 99 101 102 100 102 101 102 
384 67 22
101 102 100 99 101 98 99 99 102 102 
385 68 54
99 98 102 101 98 100 102 99 98 101 
386 40 49
102 99 102 101 101 99 99 99 100 101 
387 33 26
99 101 101 98 102 101 98 101 101 102 
388 27 71
100 98 101 100 98 101 100 100 99 100 
389 48 25
98 101 99 102 101 98 99 102 99 102 
390 93 81
100 100 101 101 100 99 98 99 99 102 
391 29 75
102 100 99 100 99 101 100 99 101 98 
392 31 47
100 101 101 101 101 98 102 100 102 102 
393 8 52
99 101 100 102 102 100 101 98 100 99 
394 28 54
99 99 100 102 99 102 101 102 101 99 
395 73 54
99 101 98 100 101 98 102 99 98 101 
396 76 100
101 99 99 98 100 101 98 99 98 100 
397 66 29
100 101 102 100 99 102 98 102 100 100 
398 53 43
100 101 101 100 99 99 101 102 100 99 
399 82 70
98 100 100 100 102 101 98 101 101 100 
400 38 66
99 100 99 98 98 101 101 102 99 101 
401 100 51
102 100 102 101 102 99 98 99 101 100 
402 64 80
98 98 98 99 100 100 101 98 100 102 
403 67 80
98 99 101 99 102 100 99 99 100 101 
404 40 29
102 102 99 102 100 99 98 102 99 98 
405 83 42
98 98 99 100 100 102 99 100 98 99 
406 69 68
102 100 101 101 98 102 99 99 99 100 
407 68 1
101 100 102 99 98 102 102 100 102 101 
408 47 47
100 100 101 98 101 102 100 102 99 98 
409 60 74
99 98 102 100 102 101 100 102 100 102 
410 69 65
101 100 99 102 100 100 99 100 99 99 
411 93 93
100 102 99 98 99 99 101 100 101 102 
412 1 76
100 100 99 98 101 102 102 99 102 101 
413 2 2
98 102 101 100 100 100 99 98 99 100 
414 86 53
98 99 98 99 98 100 101 98 99 102 
415 58 16
99 99 101 98 99 102 101 100 98 102 
416 52 14
99 100 101 98 99 98 102 102 99 102 
417 91 100
101 98 102 98 102 99 100 100 102 98 
418 45 52
98 101 98 98 102 99 98 100 98 101 
419 75 19
99 102 100 100 101 102 99 102 102 98 
420 25 87
99 99 101 101 99 101 102 101 101 102 
421 62 25
100 99 101 102 100 101 100 101 100 100 
422 76 83
99 102 99 101 99 100 99 101 98 99 
423 22 75
99 100 100 99 99 98 98 101 102 102 
424 48 22
102 99 102 99 101 99 101 100 100 100 
425 73 55
99 101 102 100 99 98 99 101 102 98 
426 80 76
101 100 98 100 101 102 101 100 100 102 
427 16 77
100 98 98 98 100 100 102 102 100 101 
428 49 44
98 99 101 102 99 98 99 102 102 101 
429 77 28
100 99 99 102 98 99 100 101 99 100 
430 84 25
102 100 98 101 100 98 100 100 99 100 
431 17 93
102 100 102 101 98 100 98 102 102 99 
432 21 87
100 101 99 99 100 102 98 102 101 100 
433 68 86
102 99 100 98 102 98 102 101 102 98 
434 75 87
101 102 98 102 101 101 98 100 101 100 
435 4 41
101 98 102 102 102 102 99 101 98 99 
436 64 42
99 101 100 101 101 99 102 101 100 100 
437 63 51
98 98 101 101 102 101 98 102 102 100 
438 79 69
99 100 100 101 101 100 98 99 98 100 
439 35 12
98 102 99 100 101 102 101 101 99 101 
440 89 36
99 98 102 100 102 98 99 98 100 98 
441 12 28
100 99 101 98 98 98 101 98 99 102 
442 15 30
101 102 102 102 100 100 99 99 102 101 
443 64 65
101 99 99 100 99 100 102 99 98 100 
444 64 61
100 99 100 98 98 102 102 99 101 101 
445 68 67
100 102 102 100 100 102 99 100 99 100 
446 10 100
100 101 100 100 100 98 98 100 99 102 
447 53 38
101 100 101 100 100 100 98 98 99 102 
448 48 16
98 98 100 99 102 99 101 99 99 98 
449 42 65
99 99 99 100 100 101 99 99 100 99 
450 51 36
102 98 98 100 99 102 101 99 102 100 
451 76 91
102 98 100 98 98 101 99 101 99 100 
452 4 89
101 102 99 98 101 99 100 102 101 102 
453 42 2
101 99 98 102 102 98 98 98 100 102 
454 8 88
100 102 101 98 101 99 98 99 100 100 
455 85 11
101 101 102 102 101 101 98 99 102 98 
456 77 11
100 101 98 102 100 98 102 99 99 100 
457 62 65
101 99 101 98 101 102 101 102 100 102 
458 54 21
100 101 102 102 99 100 102 101 98 100 
459 69 53
102 100 98 98 99 99 99 102 102 102 
460 12 96
98 102 99 98 99 102 100 98 102 99 
461 100 11
98 99 102 98 98 102 102 102 101 102 
462 60 25
100 98 98 102 100 99 102 100 101 98 
463 78 2
99 98 99 98 101 99 101 102 100 102 
464 30 73
101 99 99 101 100 100 100 100 100 102 
465 62 77
100 100 102 98 102 99 99 98 101 98 
466 68 58
99 98 99 98 99 100 102 102 98 100 
467 65 49
102 101 98 101 100 101 98 98 98 99 
468 73 37
102 99 101 101 99 98 100 102 101 101 
469 20 50
100 101 99 101 100 98 99 101 102 101 
470 17 82
101 101 101 98 102 99 99 102 102 102 
471 65 76
99 99 102 102 99 98 102 101 98 100 
472 27 48
100 102 98 99 102 101 98 100 100 98 
473 43 89
101 98 100 100 102 99 102 99 102 101 
474 68 96
98 101 102 98 98 100 102 101 102 102 
475 77 44
98 101 101 100 102 100 98 102 98 98 
476 13 87
101 99 100 101 100 100 101 100 98 100 
477 36 12
100 102 99 99 99 100 99 99 101 99 
478 16 90
102 100 101 102 100 98 98 99 102 98 
479 5 19
102 102 98 102 100 100 100 99 100 101 
480 88 81
101 101 101 99 98 101 100 99 100 98 
481 28 8
101 102 101 100 99 102 98 98 98 100 
482 1 83
98 100 98 102 101 100 99 99 101 102 
483 40 86
102 99 101 101 101 98 98 99 102 98 
484 86 89
99 100 101 100 98 98 99 100 98 100 
485 49 19
102 99 99 102 98 98 102 99 101 100 
486 10 52
102 100 98 99 100 98 102 102 101 100 
487 32 31
101 102 102 101 99 100 101 101 101 102 
488 93 71
99 102 101 102 99 102 100 101 99 100 
489 20 42
98 101 98 101 100 101 98 98 100 102 
490 91 72
99 101 102 99 100 99 99 98 98 99 
491 27 80
98 102 100 100 101 101 98 101 99 98 
492 14 64
98 101 99 102 100 99 100 98 100 99 
493 77 52
98 102 100 98 98 101 99 99 102 98 
494 36 9
101 98 101 102 100 100 98 102 100 99 
495 41 96
102 101 100 99 99 102 101 99 98 100 
496 3 92
98 98 102 98 99 99 98 102 101 101 
497 2 6
100 99 99 98 102 99 100 98 99 102 
498 55 59
98 102 102 99 99 101 102 99 102 98 
499 24 58
99 98 99 102 102 102 99 101 100 100 

