50 10 2484
0 47 86
103 95 100 95 97 101 96 99 103 99 
1 94 40
97 96 99 100 96 100 100 97 103 103 
2 74 48
100 102 103 103 99 99 101 99 101 96 
3 16 79
95 103 99 103 97 102 103 102 96 97 
4 23 83
104 104 99 102 103 102 101 100 101 99 
5 36 42
96 96 102 102 98 97 103 98 95 97 
6 24 96
95 96 97 96 100 101 98 101 101 102 
7 5 7
101 95 96 98 102 101 101 103 103 98 
8 46 84
101 100 101 103 103 104 98 103 98 102 
9 22 61
101 99 102 97 98 98 95 96 98 96 
10 95 73
104 97 95 102 101 103 95 99 98 103 
11 45 52
95 103 96 100 100 97 102 98 103 99 
12 36 4
104 100 100 98 103 96 102 103 99 103 
13 88 63
103 95 103 96 95 97 100 97 95 103 
14 48 89
98 102 96 98 98 104 102 98 101 99 
15 89 48
100 100 100 96 98 99 98 96 99 98 
16 36 8
101 95 104 103 95 104 103 98 101 97 
17 58 100
96 101 97 104 95 95 101 100 101 98 
18 60 92
95 99 98 99 103 95 96 99 97 98 
19 45 23
97 98 103 103 100 100 102 103 96 97 
20 50 42
97 103 103 95 96 102 97 96 97 102 
21 59 71
102 96 101 104 99 95 98 103 100 96 
22 87 23
103 101 95 104 103 97 97 97 95 96 
23 14 84
95 102 102 99 99 102 99 98 103 97 
24 15 26
100 102 98 95 96 97 98 104 95 100 
25 92 1
102 98 97 104 101 102 98 104 99 97 
26 74 91
104 95 100 104 97 104 99 102 104 95 
27 31 21
99 100 96 99 97 97 99 97 103 103 
28 42 95
101 101 100 97 103 104 100 102 104 95 
29 80 22
97 98 96 98 100 98 98 104 103 101 
30 36 91
104 104 99 104 103 101 98 101 99 96 
31 19 24
95 100 97 104 103 96 97 95 102 100 
32 64 13
103 103 99 103 99 104 96 100 96 100 
33 15 100
96 95 100 101 96 100 96 98 96 98 
34 85 62
102 101 96 99 97 101 103 97 99 99 
35 12 21
101 99 103 102 104 99 103 98 99 100 
36 52 78
97 97 97 100 102 101 101 101 98 102 
37 63 28
98 98 96 104 102 99 97 100 103 95 
38 13 89
99 97 96 96 102 99 95 95 103 98 
39 6 56
104 97 99 99 96 101 96 102 104 100 
40 27 90
104 103 99 103 103 104 101 100 96 104 
41 57 62
98 103 98 96 96 95 103 98 97 97 
42 48 97
96 96 98 95 101 96 96 100 95 101 
43 26 81
102 98 102 103 97 100 96 102 99 99 
44 51 28
100 96 95 104 98 95 102 101 98 95 
45 80 70
99 95 101 99 101 99 101 98 102 101 
46 5 11
96 100 104 102 97 95 100 102 96 102 
47 59 47
104 101 98 97 103 97 96 97 97 95 
48 89 22
99 102 101 96 98 97 98 101 95 98 
49 75 73
100 96 96 101 103 96 99 95 102 104 

