500 10 34988
0 2 4
102 99 101 100 98 101 101 98 102 102 
1 5 5
101 102 100 99 99 102 100 102 101 102 
2 4 9
100 100 98 98 98 101 102 99 102 102 
3 5 5
101 100 99 102 99 98 102 99 100 101 
4 3 4
100 102 100 100 99 100 99 98 102 99 
5 7 8
99 100 101 99 99 102 100 99 99 102 
6 7 1
99 100 101 101 98 99 101 102 100 100 
7 8 1
98 98 99 99 101 102 98 102 101 99 
8 8 10
98 98 99 102 99 102 99 100 99 102 
9 4 9
100 99 100 100 99 99 102 99 99 98 
10 10 5
99 98 99 102 99 101 102 101 98 100 
11 3 4
99 98 101 102 98 99 100 102 102 102 
12 7 1
99 99 99 102 101 101 99 98 101 100 
13 5 7
100 98 102 98 102 102 101 100 102 99 
14 7 2
102 101 99 102 101 100 102 99 98 101 
15 6 10
99 101 99 99 100 98 100 98 101 101 
16 8 5
102 98 100 102 100 101 98 99 100 101 
17 3 3
99 102 98 101 102 100 100 98 99 101 
18 9 4
99 100 98 99 98 100 98 98 98 100 
19 7 5
99 101 98 98 100 98 102 98 102 102 
20 9 9
101 101 98 99 99 101 98 102 100 100 
21 1 8
100 99 102 100 101 98 99 99 99 101 
22 9 9
101 100 101 102 101 101 100 100 99 102 
23 9 4
102 98 102 99 101 98 99 98 99 98 
24 5 2
101 98 98 102 101 101 100 102 99 100 
25 9 10
100 101 99 102 100 100 102 100 100 101 
26 9 3
101 99 102 99 100 101 98 98 101 98 
27 7 5
101 98 101 102 102 101 99 99 99 102 
28 6 10
99 99 101 99 98 101 98 98 98 98 
29 10 10
101 102 99 102 102 100 98 102 102 101 
30 7 4
101 100 102 98 101 100 99 98 101 99 
31 9 6
102 101 99 99 101 98 98 102 99 99 
32 1 1
101 98 102 100 98 100 100 101 102 100 
33 1 9
99 101 98 102 102 98 100 102 101 101 
34 1 10
98 99 98 99 102 100 101 98 102 102 
35 3 2
100 100 102 101 99 100 99 100 98 101 
36 4 6
98 98 99 99 101 99 100 98 102 100 
37 2 5
99 102 102 98 102 101 99 101 98 100 
38 2 4
102 101 98 100 101 102 102 102 99 98 
39 8 8
101 102 100 101 99 99 102 102 98 98 
40 5 2
101 98 102 99 102 99 99 99 99 100 
41 4 2
101 100 100 102 102 102 99 100 101 99 
42 1 7
100 99 98 102 99 102 99 100 99 100 
43 1 9
98 99 102 99 98 102 98 101 101 100 
44 6 3
100 99 102 100 102 100 102 99 101 102 
45 2 3
99 102 99 102 101 99 100 102 102 101 
46 8 6
100 100 101 98 98 98 102 102 100 102 
47 4 9
101 100 98 101 102 101 98 100 102 99 
48 2 8
102 99 101 102 102 99 99 100 101 99 
49 5 6
100 102 99 99 98 98 102 101 100 99 
50 9 9
99 102 98 98 100 102 98 102 98 101 
51 1 5
99 99 101 100 102 98 100 99 102 99 
52 8 2
99 102 99 98 98 102 102 100 98 99 
53 10 1
98 99 102 98 100 99 100 101 102 98 
54 1 4
98 98 98 99 99 102 100 100 101 98 
55 10 7
98 101 98 100 100 102 100 100 101 101 
56 6 1
99 100 101 98 100 102 102 98 102 99 
57 2 1
98 99 102 102 99 101 98 101 102 98 
58 7 7
99 98 98 102 102 98 102 98 100 98 
59 4 3
99 100 100 98 101 98 100 98 101 101 
60 10 8
101 99 98 100 101 101 98 100 102 101 
61 4 1
101 101 100 101 98 98 98 99 102 102 
62 9 5
99 100 98 98 98 99 100 101 101 102 
63 4 4
101 98 100 102 101 99 102 102 99 101 
64 10 2
99 102 100 100 98 100 100 99 102 100 
65 7 5
101 98 102 101 98 102 102 101 100 99 
66 5 8
100 98 99 98 101 100 99 99 99 98 
67 5 9
100 101 98 99 98 101 100 98 102 102 
68 2 7
98 100 99 100 101 98 98 101 98 101 
69 9 6
99 100 102 102 100 101 98 100 99 98 
70 4 4
98 101 98 99 100 101 100 102 98 101 
71 3 2
98 102 102 98 102 102 101 100 101 100 
72 5 2
100 102 101 98 102 101 98 99 99 98 
73 4 6
99 98 98 99 99 102 100 99 98 101 
74 5 5
98 102 100 101 99 101 99 98 100 99 
75 3 9
100 100 102 98 102 100 99 98 98 101 
76 8 7
100 99 102 100 98 101 101 100 100 100 
77 1 6
98 102 100 100 98 102 100 100 99 100 
78 4 9
102 99 101 99 99 100 100 98 99 100 
79 5 4
100 100 98 98 98 100 100 100 99 98 
80 3 8
102 102 99 101 99 99 99 101 100 99 
81 5 9
99 102 101 100 101 102 98 98 100 98 
82 3 10
100 98 101 99 98 98 101 102 98 99 
83 8 4
101 101 101 100 100 98 101 101 99 101 
84 6 10
101 100 102 98 102 100 99 101 102 102 
85 5 5
100 102 101 102 99 99 100 102 99 101 
86 4 6
101 99 101 102 100 98 98 98 102 99 
87 3 4
98 101 100 102 102 101 101 99 101 100 
88 6 5
98 98 98 101 101 98 102 101 100 102 
89 5 5
100 102 99 101 100 101 100 101 101 99 
90 3 8
99 99 99 102 98 101 98 98 101 98 
91 1 9
99 99 101 98 101 102 99 100 98 100 
92 6 4
100 100 99 98 98 101 102 100 102 100 
93 9 5
99 102 99 99 102 102 98 100 98 98 
94 10 4
98 98 98 98 100 99 101 99 98 99 
95 2 4
98 101 100 99 98 98 101 99 102 102 
96 4 2
101 98 101 99 100 101 99 100 98 102 
97 6 1
100 98 99 102 100 101 100 102 101 102 
98 6 4
100 101 100 99 98 100 100 98 100 101 
99 2 7
101 101 102 101 102 99 101 99 101 100 
100 1 6
100 98 102 98 99 98 101 101 98 100 
101 6 6
102 102 99 101 102 102 98 100 102 99 
102 4 9
100 101 102 98 98 100 101 100 100 100 
103 10 4
102 101 100 100 100 102 100 100 98 98 
104 1 6
100 98 102 99 99 102 100 101 98 101 
105 2 6
98 102 98 102 101 102 101 101 102 100 
106 3 3
101 102 102 101 100 99 98 99 100 100 
107 3 9
99 99 102 99 98 100 102 100 99 102 
108 8 10
98 100 102 98 102 99 102 100 101 98 
109 3 3
99 101 101 98 98 100 102 99 102 98 
110 6 2
100 102 101 98 98 100 99 98 102 101 
111 3 1
99 99 102 99 101 100 101 98 98 101 
112 3 6
99 101 101 100 101 101 98 100 102 98 
113 8 10
101 99 98 102 102 100 98 98 99 102 
114 3 5
99 100 99 101 99 102 101 102 100 102 
115 4 4
100 101 98 102 101 98 101 101 101 101 
116 4 8
101 98 102 102 99 101 98 98 99 100 
117 9 5
101 102 101 100 101 99 98 100 99 101 
118 4 10
98 100 101 101 98 101 100 101 98 99 
119 5 2
100 98 101 101 102 100 102 102 101 100 
120 2 4
98 102 100 99 100 99 100 102 101 100 
121 3 1
98 102 102 98 100 98 102 102 100 100 
122 5 4
99 101 100 102 100 99 102 102 98 100 
123 8 5
98 98 101 101 100 100 101 98 99 102 
124 3 1
100 101 98 102 99 99 101 102 98 100 
125 7 10
101 98 102 101 102 99 102 102 99 100 
126 3 7
102 101 101 100 102 100 101 99 99 98 
127 9 5
99 99 101 101 101 102 101 100 100 100 
128 8 7
101 100 99 100 99 98 98 99 98 98 
129 1 1
100 101 101 101 98 99 102 100 100 98 
130 6 4
99 101 100 101 100 102 100 101 101 98 
131 6 1
98 100 101 99 100 101 101 99 100 99 
132 3 5
101 99 99 100 99 102 98 101 102 100 
133 9 8
102 98 98 100 98 100 100 101 99 98 
134 7 9
99 102 102 98 100 101 102 98 98 99 
135 6 9
98 98 99 102 98 100 101 102 100 101 
136 7 6
100 99 101 101 99 99 99 102 98 101 
137 10 5
99 102 98 101 98 100 100 100 100 98 
138 4 10
100 100 101 100 98 100 102 98 101 102 
139 4 7
98 100 99 98 98 98 102 101 102 99 
140 5 7
98 99 101 98 99 100 102 99 99 101 
141 6 9
100 102 101 98 98 100 99 98 102 102 
142 3 7
98 101 99 99 100 98 101 100 99 101 
143 3 1
100 100 101 101 100 98 100 102 99 98 
144 2 2
100 102 99 101 102 101 99 99 99 101 
145 10 9
101 100 99 100 101 98 102 98 100 102 
146 10 2
102 99 100 98 99 98 99 99 98 102 
147 2 2
100 101 102 98 99 101 102 99 99 100 
148 6 7
100 99 99 100 98 98 98 99 99 101 
149 2 6
101 102 99 98 98 102 99 100 100 98 
150 6 6
102 99 102 100 101 102 101 100 99 102 
151 2 4
100 100 98 101 100 101 101 100 98 99 
152 9 1
101 99 98 98 102 98 99 101 99 98 
153 8 2
99 100 98 102 101 100 101 98 102 98 
154 7 4
101 99 98 98 98 101 99 101 100 101 
155 4 2
101 99 99 99 101 101 102 100 100 102 
156 7 3
99 99 98 100 99 99 98 100 102 99 
157 8 10
99 101 100 101 99 101 99 99 99 100 
158 5 8
100 101 102 102 101 100 102 99 99 102 
159 5 8
98 102 102 102 100 102 99 99 100 98 
160 10 2
101 99 102 100 98 102 99 101 102 100 
161 8 10
102 99 99 98 98 98 98 100 99 99 
162 5 10
98 98 98 98 98 99 99 99 102 100 
163 9 6
101 102 101 101 99 100 100 100 99 101 
164 1 9
98 98 101 100 101 100 101 102 102 101 
165 5 10
99 100 100 101 99 100 101 98 101 101 
166 1 2
100 100 102 101 101 99 102 101 101 100 
167 8 2
102 98 98 101 98 99 102 100 98 100 
168 8 3
99 98 100 98 98 100 99 100 99 100 
169 9 10
101 100 98 99 102 100 98 98 98 98 
170 1 1
102 99 102 102 98 99 99 100 101 98 
171 3 4
100 101 101 99 99 101 98 99 98 100 
172 4 7
100 101 101 100 98 98 102 99 99 102 
173 4 5
98 102 99 99 100 98 102 99 101 102 
174 3 7
100 98 98 102 100 101 100 102 101 100 
175 4 6
100 101 102 99 100 100 98 102 101 99 
176 1 1
99 100 100 99 99 99 98 99 99 98 
177 3 5
98 98 98 98 102 102 100 100 100 99 
178 9 7
98 101 98 102 99 99 99 102 98 98 
179 3 7
100 100 102 101 102 100 100 102 102 98 
180 2 4
102 102 100 101 100 98 102 98 98 99 
181 5 9
102 100 100 102 101 100 101 100 102 100 
182 6 10
99 98 98 100 98 102 101 99 98 98 
183 10 8
101 98 100 98 99 101 102 99 101 101 
184 1 7
98 98 98 100 101 100 101 99 100 98 
185 5 5
102 100 100 102 102 99 102 100 101 101 
186 4 1
100 102 99 98 102 101 101 100 102 98 
187 5 10
100 102 100 100 102 101 99 102 100 99 
188 1 3
102 102 99 101 101 99 101 100 98 99 
189 8 3
99 100 102 100 100 98 101 99 102 99 
190 9 4
99 98 102 102 101 98 101 100 102 102 
191 1 8
99 98 99 101 99 98 98 98 100 99 
192 5 2
99 101 101 98 99 101 102 100 98 101 
193 9 4
101 99 99 98 101 99 102 99 100 99 
194 2 1
99 102 100 99 98 100 102 100 98 102 
195 5 9
101 101 98 101 102 102 100 102 100 101 
196 2 8
99 99 98 98 100 100 99 98 99 98 
197 4 9
100 101 98 102 100 98 100 100 98 98 
198 2 2
102 101 99 101 101 100 101 102 98 101 
199 1 10
98 101 98 101 98 98 100 101 101 102 
200 10 4
99 100 98 100 100 101 101 101 101 99 
201 9 2
99 99 101 99 98 98 99 100 98 101 
202 2 6
101 101 98 102 102 98 100 99 102 102 
203 9 2
98 101 99 101 100 99 100 101 101 98 
204 2 9
100 100 98 100 100 101 100 99 101 98 
205 8 4
98 99 102 102 98 102 100 100 102 98 
206 2 7
99 101 99 102 98 101 102 102 100 100 
207 7 6
98 98 101 102 98 98 100 98 99 101 
208 7 9
100 98 99 101 98 102 98 100 102 101 
209 9 2
99 101 98 99 98 99 101 100 101 99 
210 7 2
101 98 101 99 101 98 99 100 98 102 
211 7 4
101 101 98 100 101 101 98 98 101 98 
212 4 1
101 99 101 100 100 99 101 100 100 99 
213 4 3
101 102 100 99 102 98 102 102 98 102 
214 5 9
102 102 98 98 98 101 98 98 102 98 
215 3 9
100 100 98 99 99 98 98 102 100 102 
216 8 9
102 99 100 99 98 101 98 100 101 100 
217 3 1
99 102 98 100 98 98 99 102 102 101 
218 8 6
99 100 100 101 100 102 101 101 99 98 
219 6 4
102 100 100 102 102 99 102 98 99 99 
220 1 9
99 101 102 99 99 99 101 102 101 98 
221 10 3
100 100 101 98 101 101 98 102 98 101 
222 1 2
102 99 102 100 100 102 100 102 100 99 
223 3 6
100 98 98 101 101 102 100 98 100 98 
224 8 8
101 100 101 98 98 101 102 100 102 101 
225 5 4
100 100 100 102 98 102 99 101 100 99 
226 4 6
101 98 100 98 99 102 102 99 99 100 
227 10 10
100 101 99 101 99 100 99 98 99 99 
228 7 8
100 100 98 102 102 101 99 102 98 101 
229 10 9
102 98 98 101 102 99 100 99 102 98 
230 7 8
100 102 100 102 98 101 101 98 98 101 
231 2 2
101 101 98 98 101 99 102 101 99 99 
232 9 1
100 98 101 99 98 99 101 102 99 98 
233 6 4
98 101 101 98 101 100 102 101 98 102 
234 5 1
99 98 98 102 99 101 98 101 101 98 
235 2 6
100 102 100 98 99 102 101 99 101 102 
236 4 9
99 100 102 101 100 98 101 98 98 102 
237 10 2
100 99 99 101 100 100 98 99 101 102 
238 7 5
102 99 100 100 98 100 100 99 98 99 
239 2 5
99 98 99 99 99 98 102 98 102 100 
240 9 2
102 99 102 102 98 98 98 102 99 100 
241 9 10
100 99 100 100 100 102 101 99 102 102 
242 5 3
99 102 100 98 101 101 101 101 102 102 
243 8 7
102 98 101 101 100 99 100 99 102 102 
244 9 10
101 101 98 102 102 102 99 99 98 99 
245 4 10
102 102 102 98 101 101 99 98 101 102 
246 6 9
101 100 102 100 101 98 99 102 101 99 
247 6 4
101 102 99 101 98 99 102 99 100 101 
248 7 9
102 102 101 100 102 98 98 102 100 100 
249 7 3
100 98 99 100 99 100 100 99 101 101 
250 6 9
100 99 102 102 98 98 100 102 99 100 
251 4 3
100 99 99 99 101 101 102 100 101 100 
252 7 7
102 102 101 102 102 98 100 99 101 101 
253 9 9
98 98 102 100 101 98 102 100 99 99 
254 10 7
99 101 98 99 98 99 102 100 98 102 
255 2 3
99 99 98 98 102 101 98 98 99 98 
256 3 7
100 101 101 101 102 100 99 100 100 99 
257 6 6
102 98 102 98 99 100 102 101 101 102 
258 4 1
101 101 98 102 98 102 98 100 102 98 
259 3 2
101 98 101 100 101 102 100 101 99 99 
260 4 8
102 102 98 102 101 98 102 101 102 99 
261 5 7
98 99 99 100 100 98 101 100 99 99 
262 10 10
100 100 100 98 98 100 101 99 101 98 
263 2 8
99 98 100 100 100 100 98 102 101 99 
264 2 3
102 99 102 98 101 102 99 100 101 99 
265 9 4
98 99 100 102 101 101 101 99 98 98 
266 1 5
100 99 102 101 102 100 98 101 102 100 
267 6 10
99 102 99 99 98 102 102 100 100 101 
268 7 9
99 102 102 100 98 98 99 102 101 100 
269 5 10
100 100 98 101 102 98 100 100 99 98 
270 4 7
100 102 99 99 101 100 102 102 102 99 
271 4 7
101 100 100 101 102 100 100 101 99 100 
272 2 6
98 98 100 99 101 98 98 98 102 99 
273 9 10
98 101 99 102 99 102 98 102 99 101 
274 8 9
100 99 101 101 102 100 98 99 100 100 
275 3 6
102 102 100 98 100 99 98 101 99 99 
276 8 3
100 98 101 99 98 100 99 100 101 102 
277 1 10
99 98 98 102 102 98 99 98 99 102 
278 6 10
98 100 100 99 98 99 98 101 99 101 
279 10 2
98 98 98 98 99 100 98 101 102 100 
280 5 1
102 100 98 99 99 99 98 101 98 102 
281 7 7
100 99 102 102 99 98 100 101 98 98 
282 10 7
100 99 99 100 101 98 100 101 101 98 
283 7 2
101 101 100 101 100 98 102 102 102 98 
284 6 6
98 98 102 100 98 101 99 102 99 100 
285 9 10
98 101 102 101 101 100 99 99 98 101 
286 2 10
99 99 102 98 101 99 98 102 101 99 
287 4 1
99 102 98 100 100 101 100 100 101 101 
288 3 2
99 98 102 99 99 99 99 100 102 100 
289 3 8
98 100 101 102 102 100 99 100 99 99 
290 6 1
100 102 102 98 100 99 102 101 100 101 
291 8 6
99 98 100 98 102 102 98 99 101 101 
292 1 5
100 102 100 99 98 100 99 102 99 99 
293 3 6
102 101 99 101 99 98 101 98 98 98 
294 6 7
99 100 100 100 101 98 99 98 102 98 
295 2 2
100 98 99 98 101 98 101 100 101 102 
296 9 2
102 99 99 99 102 102 100 100 99 102 
297 5 10
102 99 100 98 99 98 100 99 98 98 
298 4 6
98 99 98 101 100 101 99 101 99 98 
299 10 6
102 101 101 100 98 100 102 99 98 101 
300 3 8
101 102 98 99 102 101 99 99 100 99 
301 5 7
99 100 98 101 100 99 101 101 100 101 
302 2 3
99 100 101 101 98 100 98 101 99 100 
303 5 3
101 101 101 100 99 102 101 101 100 98 
304 7 10
100 99 98 102 98 99 101 101 98 101 
305 7 6
99 102 98 100 99 100 100 102 98 98 
306 7 7
100 100 99 102 100 100 98 102 102 98 
307 6 10
101 98 102 101 102 98 101 98 102 99 
308 5 2
101 99 100 98 102 99 99 99 101 98 
309 3 6
100 100 100 101 98 102 102 98 98 101 
310 5 2
102 102 99 101 98 100 99 98 99 99 
311 1 6
100 102 101 100 102 98 102 101 102 99 
312 8 10
101 101 98 98 100 99 99 101 100 102 
313 4 4
99 100 101 102 101 99 102 98 98 100 
314 3 10
102 99 100 102 98 99 101 98 98 98 
315 1 10
101 101 102 99 102 100 99 100 102 99 
316 8 10
100 99 102 100 99 101 101 98 98 101 
317 5 8
102 98 100 99 100 102 100 99 102 101 
318 5 4
101 98 98 100 99 102 100 99 101 101 
319 1 5
100 102 99 102 100 101 101 101 101 98 
320 8 8
99 99 98 100 98 102 98 101 99 100 
321 8 6
100 99 99 98 100 99 99 102 100 102 
322 6 5
100 101 98 100 98 102 98 101 98 100 
323 1 8
102 100 100 98 102 98 98 101 101 101 
324 1 6
100 101 99 102 101 99 99 98 99 99 
325 6 4
98 100 99 100 102 99 100 101 98 102 
326 2 1
102 101 98 98 100 101 98 99 99 100 
327 6 7
98 99 102 102 102 102 100 99 99 102 
328 7 6
100 101 99 101 100 102 98 102 100 100 
329 10 2
98 102 100 102 101 98 98 99 101 102 
330 6 9
98 100 99 99 101 100 102 101 98 100 
331 9 1
99 98 102 98 102 101 100 98 102 99 
332 7 6
99 99 99 100 101 101 98 101 100 99 
333 8 7
102 99 99 99 101 99 99 99 99 98 
334 7 6
98 98 100 100 102 98 100 100 100 98 
335 10 8
101 102 100 98 101 102 101 102 100 99 
336 6 3
100 102 101 98 99 100 101 100 100 98 
337 7 2
99 101 102 98 98 98 102 98 98 99 
338 6 1
99 99 102 98 100 99 101 98 98 99 
339 3 8
98 98 99 101 101 100 99 99 100 100 
340 9 3
101 100 100 98 98 102 98 101 100 99 
341 10 1
102 100 100 100 98 102 102 99 100 100 
342 7 6
99 100 99 101 100 99 100 98 101 99 
343 8 6
98 100 102 101 98 101 98 102 100 102 
344 7 3
101 100 101 100 99 99 100 100 102 98 
345 1 4
99 100 101 99 101 100 100 99 102 99 
346 2 2
99 99 98 101 100 102 100 98 99 101 
347 4 9
102 100 98 98 98 101 101 99 100 101 
348 6 4
98 102 102 99 98 100 100 101 101 101 
349 4 8
100 98 100 98 101 100 98 101 100 101 
350 9 8
99 100 98 101 100 100 99 101 99 100 
351 5 4
102 100 99 102 100 102 99 99 100 99 
352 7 1
101 100 98 100 98 99 99 101 101 100 
353 7 1
99 98 98 101 100 98 99 100 100 101 
354 2 5
102 98 98 99 99 101 102 99 100 102 
355 5 5
98 98 100 98 102 99 101 99 99 101 
356 7 6
98 100 100 100 98 99 101 100 99 98 
357 1 8
99 102 101 101 99 102 101 101 100 100 
358 2 4
98 99 99 99 99 100 102 100 98 99 
359 2 8
102 100 102 100 100 98 102 101 99 98 
360 5 5
99 102 101 98 99 102 102 100 100 98 
361 6 4
101 102 98 98 101 102 100 102 99 102 
362 8 1
99 101 99 102 98 98 102 100 102 100 
363 3 3
101 101 99 98 102 102 101 102 98 99 
364 10 4
98 101 101 99 102 98 101 98 101 102 
365 6 10
99 102 101 100 101 100 98 101 99 101 
366 4 1
100 101 99 98 102 100 101 102 98 101 
367 3 1
101 101 100 102 100 102 98 102 98 98 
368 4 9
100 98 99 101 102 99 98 101 98 99 
369 4 10
98 102 99 99 100 98 101 101 98 100 
370 10 4
102 99 102 102 99 100 98 101 101 101 
371 10 5
98 99 102 100 101 101 101 98 102 99 
372 7 7
100 99 102 100 99 98 100 98 99 101 
373 5 3
101 99 101 101 98 102 100 100 98 99 
374 10 1
99 102 99 98 99 102 102 98 101 98 
375 10 10
99 102 99 100 100 100 100 98 102 100 
376 6 2
99 100 101 101 99 102 102 102 101 100 
377 6 2
101 102 99 99 102 99 100 100 98 101 
378 1 5
99 102 100 100 99 100 101 102 100 101 
379 3 6
102 101 102 102 100 102 99 99 98 100 
380 5 3
98 100 102 100 100 99 100 98 98 99 
381 3 4
101 100 100 100 100 100 100 99 100 100 
382 2 6
101 102 99 102 99 100 101 102 102 100 
383 4 10
99 100 102 99 101 102 100 102 101 102 
384 7 2
101 102 100 99 101 98 99 99 102 102 
385 8 4
99 98 102 101 98 100 102 99 98 101 
386 10 9
102 99 102 101 101 99 99 99 100 101 
387 3 6
99 101 101 98 102 101 98 101 101 102 
388 7 1
100 98 101 100 98 101 100 100 99 100 
389 8 5
98 101 99 102 101 98 99 102 99 102 
390 3 1
100 100 101 101 100 99 98 99 99 102 
391 9 5
102 100 99 100 99 101 100 99 101 98 
392 1 7
100 101 101 101 101 98 102 100 102 102 
393 8 2
99 101 100 102 102 100 101 98 100 99 
394 8 4
99 99 100 102 99 102 101 102 101 99 
395 3 4
99 101 98 100 101 98 102 99 98 101 
396 6 10
101 99 99 98 100 101 98 99 98 100 
397 6 9
100 101 102 100 99 102 98 102 100 100 
398 3 3
100 101 101 100 99 99 101 102 100 99 
399 2 10
98 100 100 100 102 101 98 101 101 100 
400 8 6
99 100 99 98 98 101 101 102 99 101 
401 10 1
102 100 102 101 102 99 98 99 101 100 
402 4 10
98 98 98 99 100 100 101 98 100 102 
403 7 10
98 99 101 99 102 100 99 99 100 101 
404 10 9
102 102 99 102 100 99 98 102 99 98 
405 3 2
98 98 99 100 100 102 99 100 98 99 
406 9 8
102 100 101 101 98 102 99 99 99 100 
407 8 1
101 100 102 99 98 102 102 100 102 101 
408 7 7
100 100 101 98 101 102 100 102 99 98 
409 10 4
99 98 102 100 102 101 100 102 100 102 
410 9 5
101 100 99 102 100 100 99 100 99 99 
411 3 3
100 102 99 98 99 99 101 100 101 102 
412 1 6
100 100 99 98 101 102 102 99 102 101 
413 2 2
98 102 101 100 100 100 99 98 99 100 
414 6 3
98 99 98 99 98 100 101 98 99 102 
415 8 6
99 99 101 98 99 102 101 100 98 102 
416 2 4
99 100 101 98 99 98 102 102 99 102 
417 1 10
101 98 102 98 102 99 100 100 102 98 
418 5 2
98 101 98 98 102 99 98 100 98 101 
419 5 9
99 102 100 100 101 102 99 102 102 98 
420 5 7
99 99 101 101 99 101 102 101 101 102 
421 2 5
100 99 101 102 100 101 100 101 100 100 
422 6 3
99 102 99 101 99 100 99 101 98 99 
423 2 5
99 100 100 99 99 98 98 101 102 102 
424 8 2
102 99 102 99 101 99 101 100 100 100 
425 3 5
99 101 102 100 99 98 99 101 102 98 
426 10 6
101 100 98 100 101 102 101 100 100 102 
427 6 7
100 98 98 98 100 100 102 102 100 101 
428 9 4
98 99 101 102 99 98 99 102 102 101 
429 7 8
100 99 99 102 98 99 100 101 99 100 
430 4 5
102 100 98 101 100 98 100 100 99 100 
431 7 3
102 100 102 101 98 100 98 102 102 99 
432 1 7
100 101 99 99 100 102 98 102 101 100 
433 8 6
102 99 100 98 102 98 102 101 102 98 
434 5 7
101 102 98 102 101 101 98 100 101 100 
435 4 1
101 98 102 102 102 102 99 101 98 99 
436 4 2
99 101 100 101 101 99 102 101 100 100 
437 3 1
98 98 101 101 102 101 98 102 102 100 
438 9 9
99 100 100 101 101 100 98 99 98 100 
439 5 2
98 102 99 100 101 102 101 101 99 101 
440 9 6
99 98 102 100 102 98 99 98 100 98 
441 2 8
100 99 101 98 98 98 101 98 99 102 
442 5 10
101 102 102 102 100 100 99 99 102 101 
443 4 5
101 99 99 100 99 100 102 99 98 100 
444 4 1
100 99 100 98 98 102 102 99 101 101 
445 8 7
100 102 102 100 100 102 99 100 99 100 
446 10 10
100 101 100 100 100 98 98 100 99 102 
447 3 8
101 100 101 100 100 100 98 98 99 102 
448 8 6
98 98 100 99 102 99 101 99 99 98 
449 2 5
99 99 99 100 100 101 99 99 100 99 
450 1 6
102 98 98 100 99 102 101 99 102 100 
451 6 1
102 98 100 98 98 101 99 101 99 100 
452 4 9
101 102 99 98 101 99 100 102 101 102 
453 2 2
101 99 98 102 102 98 98 98 100 102 
454 8 8
100 102 101 98 101 99 98 99 100 100 
455 5 1
101 101 102 102 101 101 98 99 102 98 
456 7 1
100 101 98 102 100 98 102 99 99 100 
457 2 5
101 99 101 98 101 102 101 102 100 102 
458 4 1
100 101 102 102 99 100 102 101 98 100 
459 9 3
102 100 98 98 99 99 99 102 102 102 
460 2 6
98 102 99 98 99 102 100 98 102 99 
461 10 1
98 99 102 98 98 102 102 102 101 102 
462 10 5
100 98 98 102 100 99 102 100 101 98 
463 8 2
99 98 99 98 101 99 101 102 100 102 
464 10 3
101 99 99 101 100 100 100 100 100 102 
465 2 7
100 100 102 98 102 99 99 98 101 98 
466 8 8
99 98 99 98 99 100 102 102 98 100 
467 5 9
102 101 98 101 100 101 98 98 98 99 
468 3 7
102 99 101 101 99 98 100 102 101 101 
469 10 10
100 101 99 101 100 98 99 101 102 101 
470 7 2
101 101 101 98 102 99 99 102 102 102 
471 5 6
99 99 102 102 99 98 102 101 98 100 
472 7 8
100 102 98 99 102 101 98 100 100 98 
473 3 9
101 98 100 100 102 99 102 99 102 101 
474 8 6
98 101 102 98 98 100 102 101 102 102 
475 7 4
98 101 101 100 102 100 98 102 98 98 
476 3 7
101 99 100 101 100 100 101 100 98 100 
477 6 2
100 102 99 99 99 100 99 99 101 99 
478 6 10
102 100 101 102 100 98 98 99 102 98 
479 5 9
102 102 98 102 100 100 100 99 100 101 
480 8 1
101 101 101 99 98 101 100 99 100 98 
481 8 8
101 102 101 100 99 102 98 98 98 100 
482 1 3
98 100 98 102 101 100 99 99 101 102 
483 10 6
102 99 101 101 101 98 98 99 102 98 
484 6 9
99 100 101 100 98 98 99 100 98 100 
485 9 9
102 99 99 102 98 98 102 99 101 100 
486 10 2
102 100 98 99 100 98 102 102 101 100 
487 2 1
101 102 102 101 99 100 101 101 101 102 
488 3 1
99 102 101 102 99 102 100 101 99 100 
489 10 2
98 101 98 101 100 101 98 98 100 102 
490 1 2
99 101 102 99 100 99 99 98 98 99 
491 7 10
98 102 100 100 101 101 98 101 99 98 
492 4 4
98 101 99 102 100 99 100 98 100 99 
493 7 2
98 102 100 98 98 101 99 99 102 98 
494 6 9
101 98 101 102 100 100 98 102 100 99 
495 1 6
102 101 100 99 99 102 101 99 98 100 
496 3 2
98 98 102 98 99 99 98 102 101 101 
497 2 6
100 99 99 98 102 99 100 98 99 102 
498 5 9
98 102 102 99 99 101 102 99 102 98 
499 4 8
99 98 99 102 102 102 99 101 100 100 

