50 10 995
0 1 10
138 125 111 148 114 127 95 77 92 129 
1 10 4
87 99 104 123 117 80 52 122 119 65 
2 8 2
60 80 146 113 63 136 132 52 111 146 
3 3 8
123 147 107 117 78 56 110 115 106 64 
4 1 6
94 95 149 116 110 116 59 73 98 55 
5 7 3
93 71 66 106 67 118 136 140 67 93 
6 1 6
99 120 112 107 87 54 135 83 99 134 
7 10 3
53 110 87 101 67 73 115 110 146 131 
8 10 6
51 105 58 68 148 68 65 149 138 127 
9 10 8
132 96 61 133 132 112 147 135 73 84 
10 10 3
60 104 55 56 138 124 122 91 131 82 
11 1 2
100 125 80 140 55 141 118 137 87 129 
12 3 3
91 70 59 66 56 148 59 66 55 116 
13 6 6
90 149 136 71 81 148 102 131 76 84 
14 4 2
128 141 120 117 72 142 89 66 114 99 
15 5 2
149 95 89 106 61 64 51 101 63 90 
16 5 7
88 78 79 66 113 103 97 91 94 119 
17 9 10
64 50 85 128 99 69 51 50 115 91 
18 8 7
57 60 130 123 100 106 119 91 135 149 
19 8 9
54 107 91 98 76 51 69 90 51 104 
20 2 3
76 122 53 93 115 62 69 75 72 101 
21 9 4
58 69 116 143 68 73 143 72 82 136 
22 4 10
137 92 101 91 99 124 145 125 149 100 
23 9 5
112 139 139 135 143 89 60 51 109 126 
24 7 10
101 141 102 134 127 77 145 114 71 96 
25 8 1
71 55 147 70 105 65 86 68 107 128 
26 6 1
67 67 101 126 95 99 56 146 90 60 
27 1 8
139 125 83 60 124 93 83 97 98 80 
28 10 4
148 105 123 105 135 130 55 53 99 58 
29 2 5
59 139 141 99 101 73 68 142 101 53 
30 4 8
96 138 74 96 68 93 52 66 100 125 
31 4 7
58 130 141 59 138 124 54 147 66 97 
32 9 8
72 118 62 123 122 65 100 120 105 76 
33 8 4
119 121 92 122 148 67 58 56 148 101 
34 7 7
127 122 86 143 69 136 63 91 105 75 
35 8 10
142 119 51 97 146 68 70 67 139 64 
36 2 9
82 51 96 132 102 64 70 80 136 106 
37 6 8
145 138 101 52 63 68 131 107 89 132 
38 5 8
103 127 107 144 141 148 84 125 50 83 
39 8 5
97 80 84 136 136 112 145 83 100 96 
40 6 7
66 118 123 106 53 128 145 58 57 102 
41 5 1
101 91 76 53 124 85 57 123 115 144 
42 2 5
106 57 139 108 103 127 124 72 147 50 
43 9 3
128 75 110 135 128 117 137 131 58 115 
44 5 5
51 93 109 68 87 121 124 95 80 66 
45 5 6
143 128 107 140 128 137 93 58 63 105 
46 6 2
72 83 74 132 148 110 66 101 53 126 
47 3 4
149 98 88 79 114 92 114 107 71 124 
48 1 2
111 145 62 124 100 107 67 75 92 143 
49 10 4
103 126 94 107 54 68 100 105 117 138 

