500 10 25003
0 84 87
100 98 101 98 99 100 102 99 100 100 
1 91 60
101 99 98 99 100 99 99 101 100 102 
2 83 31
100 101 100 98 102 100 100 101 102 100 
3 94 57
99 100 102 101 99 102 102 100 101 102 
4 16 71
101 99 99 98 99 101 100 98 99 99 
5 6 26
102 100 99 98 99 102 101 100 102 98 
6 83 46
102 100 102 102 101 98 100 101 99 101 
7 89 85
101 99 102 102 100 98 99 101 102 100 
8 27 87
102 102 98 98 102 101 100 99 100 100 
9 18 93
100 99 99 98 99 99 98 102 102 102 
10 41 30
99 100 100 99 99 98 102 100 100 99 
11 98 54
99 98 99 101 102 102 101 99 100 102 
12 4 20
98 101 101 98 98 102 99 101 101 98 
13 47 52
99 98 102 101 102 101 99 98 101 98 
14 35 65
102 102 100 99 101 99 100 98 102 99 
15 33 52
100 101 98 100 102 99 101 98 102 100 
16 36 94
101 101 101 99 101 102 99 102 101 101 
17 14 39
99 98 102 101 101 101 102 100 100 99 
18 25 44
98 101 98 102 100 98 102 98 98 102 
19 55 87
102 100 100 102 100 100 98 102 101 99 
20 23 29
102 101 99 101 98 100 99 98 98 99 
21 62 31
101 98 98 99 102 99 100 98 101 99 
22 83 59
102 100 100 102 98 99 100 102 102 98 
23 69 72
101 99 99 98 101 102 98 101 102 99 
24 100 97
102 101 101 101 98 98 99 99 102 98 
25 91 85
99 100 99 100 98 99 102 101 100 100 
26 49 73
102 102 99 98 100 100 99 99 101 100 
27 22 56
102 102 99 102 102 99 98 100 98 101 
28 28 51
102 101 98 102 100 102 99 99 98 102 
29 93 73
100 98 98 98 100 102 98 100 101 101 
30 99 91
102 98 102 99 102 99 100 98 102 102 
31 80 70
101 99 98 98 98 100 102 102 101 98 
32 22 68
102 101 99 102 99 102 102 100 100 99 
33 85 22
100 101 101 102 100 101 101 101 99 101 
34 54 49
101 101 101 101 98 102 100 99 101 102 
35 1 47
101 100 102 98 101 101 101 100 101 100 
36 87 26
100 99 98 101 100 102 99 98 102 99 
37 61 5
101 100 98 101 99 100 102 100 102 101 
38 40 3
101 101 98 99 100 101 102 99 98 102 
39 40 93
98 100 102 102 102 102 98 102 101 98 
40 78 1
101 99 102 102 100 101 100 98 101 102 
41 30 91
100 98 99 102 99 100 99 100 98 100 
42 24 62
99 102 98 98 99 100 100 102 98 99 
43 25 58
102 101 98 101 100 99 98 99 99 102 
44 17 53
101 102 99 98 100 98 99 98 99 101 
45 58 28
100 99 102 98 100 98 100 102 98 102 
46 90 75
98 99 98 101 100 101 101 99 98 102 
47 57 18
99 98 102 100 98 102 100 101 98 101 
48 74 59
101 100 102 101 100 101 100 102 99 102 
49 1 60
101 101 98 101 102 101 100 99 101 101 
50 71 100
100 102 102 101 100 102 101 100 99 100 
51 83 91
100 99 100 98 99 100 102 99 100 99 
52 32 22
100 98 102 98 101 98 99 99 99 100 
53 32 40
99 102 101 98 101 99 98 100 100 102 
54 78 86
99 102 99 101 100 102 100 102 102 99 
55 28 51
99 98 101 98 101 102 102 99 98 102 
56 92 76
98 102 102 101 101 101 98 100 100 100 
57 18 31
101 102 99 101 99 101 101 102 102 101 
58 80 78
100 98 101 102 98 100 102 100 99 98 
59 38 92
101 101 101 101 98 99 98 101 100 99 
60 64 56
98 101 98 102 99 99 101 98 102 101 
61 5 52
98 98 101 101 98 99 98 102 102 98 
62 68 27
101 100 99 99 98 98 99 98 98 101 
63 12 43
100 99 102 99 98 102 100 100 102 98 
64 84 73
101 98 101 100 98 98 101 102 102 100 
65 48 25
100 98 100 102 102 101 101 99 98 101 
66 60 63
100 101 99 101 101 102 100 100 102 98 
67 22 58
98 100 99 99 102 101 99 101 101 101 
68 8 60
101 99 100 98 102 101 102 101 99 99 
69 99 16
100 99 102 102 99 98 99 102 102 102 
70 1 79
102 101 99 102 101 102 99 100 100 101 
71 88 32
100 100 99 98 98 102 98 102 98 99 
72 14 58
102 99 99 101 98 101 100 99 100 98 
73 97 26
102 100 100 99 100 100 102 99 99 98 
74 58 9
98 102 100 100 101 99 102 100 102 100 
75 33 83
99 99 101 98 100 99 98 99 98 98 
76 91 84
102 99 99 98 100 98 101 102 98 98 
77 37 61
101 101 100 101 100 99 98 98 101 98 
78 16 71
100 101 101 100 101 98 100 100 100 99 
79 70 72
99 102 98 101 102 101 101 98 101 100 
80 91 77
102 100 99 100 100 102 100 99 100 100 
81 42 36
101 101 102 98 99 98 99 101 102 101 
82 9 94
101 100 98 100 102 98 98 98 100 101 
83 13 28
100 99 101 102 102 102 99 102 98 100 
84 55 62
100 100 99 99 100 98 100 100 102 100 
85 55 74
98 99 99 102 98 101 99 100 100 100 
86 60 29
99 98 100 99 98 99 98 100 98 99 
87 70 18
99 101 99 100 98 99 101 100 102 102 
88 33 55
102 98 102 99 100 101 102 99 98 99 
89 45 61
102 102 98 102 99 99 101 102 102 98 
90 53 22
101 98 102 102 99 101 102 98 101 98 
91 78 14
101 101 102 98 98 101 101 99 98 101 
92 24 87
99 101 100 98 98 99 99 98 101 98 
93 1 55
98 102 100 102 102 102 102 102 102 101 
94 52 77
101 102 101 101 102 99 99 98 99 99 
95 68 13
100 102 100 101 99 100 102 100 101 99 
96 84 78
100 100 101 100 100 98 101 100 99 101 
97 42 54
99 102 98 101 98 101 98 98 102 102 
98 99 61
100 102 102 98 99 100 98 98 99 101 
99 90 41
101 101 101 100 101 99 98 98 98 98 
100 14 92
101 98 99 100 102 99 98 101 98 102 
101 25 89
102 99 102 100 102 98 101 98 101 101 
102 88 80
102 102 102 99 102 102 100 98 99 98 
103 50 16
99 99 99 102 101 100 100 100 101 101 
104 20 43
102 102 102 102 102 101 101 101 100 102 
105 6 5
101 102 102 102 98 98 100 101 102 98 
106 88 3
100 100 102 98 98 98 102 99 100 102 
107 4 17
100 99 100 98 101 102 99 101 101 100 
108 1 46
100 100 102 99 102 99 101 99 101 102 
109 37 7
100 100 100 102 99 98 98 99 102 102 
110 24 38
101 102 100 100 99 100 102 98 99 101 
111 70 46
98 100 99 98 102 102 99 99 100 99 
112 41 26
101 100 99 102 100 99 101 100 98 99 
113 25 34
101 99 102 98 102 101 98 99 100 102 
114 38 64
101 98 102 100 101 99 101 100 102 99 
115 47 84
101 98 98 98 99 100 99 102 101 98 
116 57 53
98 100 99 102 99 101 101 99 98 100 
117 17 40
102 102 99 98 100 102 101 100 102 98 
118 51 93
100 99 102 98 101 98 98 101 100 99 
119 38 71
99 98 102 99 101 98 100 102 99 98 
120 40 64
98 102 101 99 102 101 99 102 99 98 
121 40 5
98 99 100 98 102 99 100 100 102 99 
122 62 20
99 101 101 100 102 102 101 99 101 101 
123 88 40
101 101 101 102 98 98 101 99 101 100 
124 64 99
98 98 98 102 100 99 101 98 100 101 
125 54 67
100 101 100 100 99 99 100 102 100 98 
126 54 98
100 101 98 99 100 101 102 102 99 99 
127 35 4
98 102 101 100 101 101 98 98 99 102 
128 86 98
98 100 101 102 102 101 102 102 99 102 
129 86 76
98 99 98 99 100 99 102 102 100 102 
130 67 16
98 101 101 99 100 101 99 98 100 99 
131 30 64
98 101 100 99 98 100 102 98 98 99 
132 19 66
102 102 102 99 101 101 100 101 99 100 
133 33 35
100 98 102 102 99 98 102 99 102 100 
134 66 52
99 99 101 100 100 99 100 99 98 101 
135 80 21
99 101 102 101 98 101 100 100 98 99 
136 64 67
99 98 98 100 102 100 98 98 101 101 
137 40 81
102 101 101 102 100 102 98 101 101 99 
138 52 74
99 98 101 99 101 101 102 100 98 102 
139 65 70
99 100 100 99 98 99 101 100 100 99 
140 94 40
99 98 102 99 99 101 99 102 101 102 
141 68 98
98 100 102 98 101 98 100 100 102 102 
142 24 91
100 100 102 102 98 100 98 101 101 98 
143 40 67
98 99 101 98 100 98 100 102 100 101 
144 41 22
99 100 98 100 101 101 102 98 100 101 
145 21 64
99 98 101 99 100 101 100 100 99 98 
146 54 64
101 100 101 98 101 98 101 99 102 101 
147 4 88
102 101 100 99 101 102 99 102 100 98 
148 13 10
98 100 102 99 102 102 99 100 101 99 
149 39 72
101 101 102 100 102 98 99 98 98 99 
150 24 4
98 98 98 100 100 100 102 100 102 101 
151 26 95
100 101 99 98 98 99 102 101 100 98 
152 49 22
98 102 101 98 100 99 102 101 101 99 
153 28 11
101 99 102 101 99 99 102 101 98 98 
154 2 66
102 100 98 99 100 101 102 98 98 100 
155 58 33
101 99 100 100 102 100 102 101 101 102 
156 19 71
98 100 98 100 102 101 100 101 98 98 
157 22 86
101 98 98 98 102 100 98 101 99 102 
158 43 31
99 101 98 98 102 101 100 100 98 100 
159 35 86
101 102 98 101 102 100 98 102 100 100 
160 26 58
98 100 100 101 99 99 98 98 102 99 
161 13 57
102 102 101 100 101 100 100 101 99 100 
162 98 21
102 102 98 102 100 100 101 102 99 98 
163 18 85
101 102 102 102 98 99 98 100 100 101 
164 65 24
99 99 99 102 98 98 98 100 98 100 
165 17 90
99 102 101 100 99 98 99 99 102 101 
166 66 78
99 99 102 99 102 101 99 100 99 102 
167 98 17
98 102 98 100 99 99 101 100 100 99 
168 37 36
101 100 99 102 100 100 99 102 98 100 
169 96 75
98 99 100 101 98 99 98 100 98 100 
170 62 77
102 102 98 101 98 99 99 98 98 100 
171 1 89
99 99 102 99 102 102 101 99 100 100 
172 26 83
101 100 100 101 102 98 99 98 98 99 
173 100 48
102 100 101 102 102 101 102 101 99 101 
174 67 91
102 102 102 99 99 102 99 102 101 98 
175 85 40
98 98 98 98 99 99 98 100 101 101 
176 65 80
101 101 102 102 102 99 100 98 100 99 
177 43 35
100 98 98 98 98 100 102 100 100 99 
178 59 2
100 98 101 100 101 100 102 99 101 101 
179 31 55
102 100 102 100 98 99 101 100 101 98 
180 30 36
100 99 101 100 100 101 101 100 101 101 
181 97 52
99 98 102 99 102 99 98 98 102 102 
182 70 37
101 100 102 99 98 101 102 100 102 100 
183 52 25
98 102 101 101 101 102 99 99 98 98 
184 95 67
99 102 99 100 98 99 102 101 98 98 
185 83 56
101 101 98 98 98 99 99 100 101 102 
186 91 9
98 101 99 98 101 98 99 99 102 98 
187 52 92
101 98 100 101 98 99 99 98 102 99 
188 43 35
102 98 99 102 102 101 100 98 99 101 
189 43 57
98 99 102 99 101 98 101 99 100 98 
190 95 25
99 98 98 98 101 102 99 98 98 102 
191 20 97
100 102 101 98 102 99 99 98 102 98 
192 59 53
101 99 101 98 101 102 98 99 100 100 
193 59 1
101 102 100 101 101 102 100 100 98 98 
194 3 5
101 98 99 100 99 98 99 99 101 102 
195 52 38
99 101 98 101 100 102 98 99 98 101 
196 82 57
100 101 101 100 99 101 101 102 101 98 
197 15 62
100 100 100 100 102 99 102 98 102 100 
198 79 38
99 101 98 101 99 99 102 98 100 98 
199 40 34
101 101 102 101 98 98 98 102 101 102 
200 47 13
98 101 100 98 98 98 102 101 98 102 
201 57 38
100 99 102 102 101 102 102 101 102 102 
202 82 20
99 101 98 102 101 99 101 101 102 98 
203 71 2
100 99 102 101 100 99 100 98 102 101 
204 80 90
100 102 100 101 98 98 102 99 102 102 
205 12 15
101 99 102 100 100 100 99 99 101 98 
206 42 32
101 98 99 102 102 100 98 101 101 100 
207 38 54
98 101 100 102 101 98 98 99 99 102 
208 36 39
101 99 100 100 102 98 98 102 99 101 
209 72 3
98 99 98 99 102 102 102 99 101 99 
210 71 39
99 100 102 101 101 99 101 100 98 100 
211 85 60
101 99 98 99 102 99 101 99 101 98 
212 48 55
100 102 98 100 100 100 98 99 99 99 
213 100 5
102 102 99 102 102 100 98 100 101 99 
214 69 20
100 101 99 100 101 98 101 98 102 98 
215 70 78
102 102 98 98 100 99 98 100 98 99 
216 14 57
102 102 101 102 98 101 102 102 101 100 
217 5 73
100 100 102 102 101 102 101 102 98 101 
218 51 56
102 98 102 99 101 100 101 100 99 101 
219 55 9
102 101 101 100 98 100 99 102 99 101 
220 41 72
102 101 99 99 99 99 99 100 101 100 
221 60 27
98 102 102 101 100 101 100 101 101 100 
222 77 31
102 102 99 100 100 100 102 99 98 100 
223 94 50
101 99 101 99 102 100 100 99 101 101 
224 50 59
101 99 99 101 98 102 101 102 102 100 
225 40 57
102 98 98 102 100 98 98 100 99 102 
226 84 56
101 100 101 100 101 101 98 101 99 99 
227 50 38
99 102 101 100 99 100 101 98 100 98 
228 63 87
98 100 101 100 99 101 102 100 99 101 
229 60 67
101 102 99 102 100 98 99 98 98 100 
230 18 17
99 101 100 102 101 99 98 102 101 99 
231 64 18
102 102 102 100 102 101 101 100 102 98 
232 5 14
100 100 102 100 102 99 99 99 99 101 
233 28 51
102 102 99 102 98 99 99 98 100 100 
234 33 53
100 101 99 99 98 98 100 100 101 99 
235 41 58
102 101 98 99 101 100 101 102 100 99 
236 64 75
102 100 102 99 102 102 101 102 100 98 
237 78 3
100 102 102 98 98 99 98 98 102 98 
238 24 43
98 101 99 102 102 100 101 98 102 101 
239 52 61
100 100 102 102 102 100 101 99 99 100 
240 68 35
99 102 99 98 102 102 98 99 100 101 
241 71 59
98 102 101 102 102 99 100 101 101 99 
242 33 28
98 100 99 100 102 101 99 100 102 100 
243 76 56
101 98 100 100 101 100 100 102 101 100 
244 51 58
101 100 98 100 99 102 99 99 99 100 
245 99 69
100 99 98 99 98 100 102 98 100 99 
246 80 14
101 99 102 102 101 102 99 102 102 100 
247 59 61
99 102 101 98 102 102 101 101 98 98 
248 83 89
101 99 101 100 100 98 98 100 99 99 
249 72 18
101 101 99 100 100 102 102 98 98 100 
250 28 52
99 100 98 102 101 100 100 101 101 100 
251 48 53
102 98 102 99 99 101 98 102 101 101 
252 84 46
100 102 100 102 100 98 99 98 100 99 
253 50 98
98 101 100 101 101 98 98 100 98 99 
254 36 92
99 98 101 102 101 101 99 100 101 99 
255 3 66
99 98 98 98 101 100 101 101 100 98 
256 62 96
98 101 98 100 99 98 99 101 101 102 
257 45 59
100 101 99 98 102 98 100 98 100 98 
258 41 81
102 98 101 99 99 102 102 101 102 102 
259 62 13
99 102 100 102 101 100 101 100 98 99 
260 51 55
99 102 99 101 102 99 101 98 102 101 
261 88 1
100 101 98 101 100 101 98 98 100 101 
262 6 18
100 98 100 102 99 100 101 102 99 102 
263 90 19
100 100 101 99 98 100 101 102 98 99 
264 5 20
99 99 98 102 99 100 101 101 100 98 
265 98 31
100 100 102 99 101 101 99 101 100 99 
266 92 45
102 100 98 99 101 99 101 102 100 98 
267 76 80
102 102 102 99 102 102 101 102 99 100 
268 36 38
100 99 98 99 102 99 98 101 98 100 
269 48 44
101 100 98 100 102 100 99 101 99 101 
270 90 94
100 100 100 98 99 102 100 98 100 102 
271 42 47
101 101 100 101 98 102 100 98 101 102 
272 68 68
99 99 98 98 102 99 101 99 98 98 
273 92 89
102 99 101 99 98 102 100 101 102 99 
274 53 17
100 99 99 98 98 98 102 101 99 102 
275 39 78
100 99 101 100 101 100 98 102 101 98 
276 8 36
99 98 102 98 101 101 101 99 102 102 
277 77 92
100 99 102 98 100 98 101 98 99 99 
278 70 78
98 98 99 101 100 102 102 102 99 98 
279 97 95
101 98 98 102 99 102 98 101 98 99 
280 70 70
99 100 102 98 98 102 100 99 99 101 
281 82 59
102 100 102 98 102 99 100 100 99 100 
282 62 78
99 101 99 101 98 100 101 99 99 102 
283 97 22
101 98 102 99 99 99 100 98 98 99 
284 54 31
100 98 102 101 100 101 101 99 99 99 
285 27 2
101 102 98 102 99 101 100 99 102 100 
286 64 21
98 98 100 100 101 98 100 101 98 102 
287 84 51
100 99 101 101 100 102 100 100 99 100 
288 52 48
100 99 101 99 98 101 101 100 98 101 
289 30 70
101 102 100 99 101 100 101 98 102 101 
290 64 37
102 100 99 98 102 102 102 100 98 98 
291 91 71
101 99 100 99 102 102 98 102 101 102 
292 18 54
99 100 101 100 98 101 99 100 99 100 
293 40 63
99 102 99 102 99 102 102 102 98 102 
294 56 2
98 100 100 101 101 100 101 100 99 99 
295 12 20
99 100 99 102 99 98 100 101 99 98 
296 63 53
102 101 102 99 102 99 100 102 99 100 
297 30 100
99 100 101 100 98 100 99 100 102 100 
298 62 72
101 98 99 99 99 98 102 98 98 101 
299 98 41
102 99 99 98 98 99 100 99 98 100 
300 15 52
102 100 98 99 98 101 102 98 102 98 
301 87 73
100 100 100 100 98 99 102 98 98 99 
302 43 11
100 102 102 102 102 98 98 101 100 98 
303 25 10
102 101 102 98 98 101 100 100 98 99 
304 83 52
101 99 101 98 100 100 100 99 102 99 
305 22 4
99 101 101 99 99 101 98 100 101 100 
306 33 27
98 99 101 98 100 100 101 100 102 101 
307 33 64
101 98 100 100 101 101 100 100 101 98 
308 24 60
98 101 99 99 98 98 100 100 99 100 
309 6 97
98 101 101 102 102 101 102 100 98 99 
310 2 71
99 101 100 98 101 98 99 99 99 101 
311 3 39
98 102 101 102 99 101 98 99 101 98 
312 23 80
98 100 99 98 98 100 101 100 100 98 
313 8 52
101 101 100 99 101 102 99 102 98 102 
314 19 92
100 98 101 101 98 100 100 101 102 99 
315 56 66
98 101 102 101 102 99 99 102 99 98 
316 51 98
99 99 101 99 99 101 100 98 101 100 
317 94 86
98 99 101 99 100 99 101 100 102 100 
318 48 54
101 101 100 100 101 102 99 102 99 102 
319 6 25
100 98 102 100 100 98 102 102 99 98 
320 67 16
99 102 102 98 100 100 99 100 98 98 
321 57 32
98 100 98 101 99 101 100 98 101 99 
322 50 33
99 99 100 102 99 101 99 102 102 99 
323 2 52
98 100 99 100 98 100 101 98 98 99 
324 6 69
99 100 99 102 98 100 101 102 101 98 
325 34 92
98 100 100 100 98 102 101 98 101 99 
326 35 29
102 98 98 99 101 98 99 102 102 100 
327 71 81
100 101 102 100 99 102 102 101 101 101 
328 41 94
100 99 98 99 100 100 99 101 100 100 
329 45 16
102 99 102 102 98 102 99 100 102 98 
330 76 76
99 99 99 98 102 99 98 100 102 101 
331 36 58
98 99 100 100 98 100 102 98 101 101 
332 87 54
102 100 99 101 102 101 99 100 102 100 
333 50 29
98 98 100 100 98 100 99 98 99 101 
334 93 42
98 101 101 98 99 102 102 100 101 100 
335 78 73
100 101 100 99 100 99 99 98 101 102 
336 23 49
101 98 98 102 101 102 101 102 100 99 
337 65 16
101 98 100 99 102 98 99 99 98 98 
338 70 11
99 99 100 100 100 99 100 98 99 101 
339 73 50
100 98 98 98 101 100 98 99 102 98 
340 41 85
98 101 100 100 101 100 100 102 101 99 
341 84 91
100 99 100 101 99 99 98 101 101 98 
342 81 23
102 99 98 102 101 100 98 98 98 100 
343 83 59
102 100 98 100 101 101 102 99 99 102 
344 90 58
98 102 99 99 100 101 101 99 99 98 
345 58 70
101 100 102 98 98 100 102 102 99 102 
346 60 5
102 98 98 99 99 100 101 100 101 99 
347 29 61
98 101 102 99 98 99 99 98 102 98 
348 27 27
102 100 98 98 99 99 98 98 102 100 
349 24 1
99 100 102 98 98 100 100 98 100 101 
350 80 61
100 98 98 99 100 101 102 102 98 99 
351 90 32
101 99 102 102 99 100 102 100 99 102 
352 55 3
101 102 102 101 102 101 101 99 98 98 
353 55 11
102 101 102 102 98 101 101 98 100 102 
354 60 79
101 101 100 98 102 102 102 101 101 101 
355 29 38
102 99 99 102 101 98 102 100 102 101 
356 100 30
102 100 102 99 101 98 99 99 101 101 
357 34 96
100 100 98 100 101 101 100 100 99 101 
358 4 10
98 101 100 102 101 101 98 102 100 99 
359 88 46
99 101 99 100 102 98 100 101 102 100 
360 39 13
98 98 102 99 98 98 100 98 101 99 
361 73 24
102 100 98 99 102 100 101 100 101 100 
362 100 90
102 99 102 101 98 100 101 98 102 102 
363 39 35
102 101 100 102 102 102 101 102 101 101 
364 23 40
100 101 100 98 98 101 99 102 100 99 
365 35 53
101 100 98 98 100 98 99 99 101 101 
366 92 4
102 99 102 101 99 101 100 98 99 102 
367 34 69
101 102 102 100 98 102 102 99 101 102 
368 72 8
100 102 102 98 101 100 98 102 98 102 
369 83 59
98 98 101 99 99 99 100 99 99 99 
370 59 54
100 98 102 99 99 100 101 101 102 102 
371 20 20
101 99 101 101 101 99 99 101 101 100 
372 62 42
101 101 101 99 98 101 98 100 101 99 
373 46 66
99 102 101 98 98 102 102 102 101 100 
374 28 32
98 99 102 101 101 98 100 101 99 98 
375 86 59
101 98 100 102 99 101 102 100 102 102 
376 95 25
99 101 98 102 101 98 100 101 99 99 
377 40 52
101 99 102 99 101 102 102 101 99 100 
378 60 54
98 101 100 99 98 102 100 101 100 101 
379 95 78
101 99 101 99 102 100 100 100 98 101 
380 75 16
101 98 98 102 100 98 102 102 98 102 
381 11 16
101 98 98 100 101 102 98 99 100 101 
382 13 12
100 99 102 102 102 98 99 102 98 99 
383 22 21
99 100 99 100 99 102 102 99 102 98 
384 57 38
99 99 98 102 99 102 100 98 98 99 
385 92 92
101 100 99 99 101 100 101 100 99 102 
386 65 11
101 98 99 102 100 100 101 102 98 101 
387 26 89
100 100 101 102 99 102 99 99 101 102 
388 5 98
101 100 102 102 102 98 102 102 98 101 
389 95 19
100 100 102 98 99 99 101 98 98 102 
390 18 7
98 101 98 102 102 102 101 100 100 102 
391 29 82
102 101 98 99 101 99 99 98 102 100 
392 28 3
98 99 102 99 100 99 102 100 102 102 
393 77 74
102 99 100 101 98 99 99 99 99 101 
394 6 65
98 99 99 99 99 102 101 99 100 100 
395 5 15
99 102 99 98 98 98 99 99 99 98 
396 90 38
99 100 101 102 99 101 98 101 100 100 
397 87 16
101 99 101 98 101 101 102 99 102 100 
398 23 95
100 98 99 102 100 100 99 99 98 99 
399 41 69
100 99 101 99 98 102 101 101 98 99 
400 19 16
99 102 100 98 99 99 98 102 101 99 
401 56 46
101 101 99 98 102 102 101 101 98 101 
402 57 11
100 102 98 100 99 101 101 100 102 100 
403 39 16
101 98 102 99 101 102 99 101 102 98 
404 75 25
102 102 102 102 101 99 99 98 98 99 
405 56 59
99 98 99 98 100 99 100 98 101 102 
406 19 7
98 99 102 98 99 98 102 98 98 98 
407 27 1
99 102 98 100 100 100 100 101 100 101 
408 66 30
99 101 99 102 100 102 98 102 99 100 
409 95 23
100 98 98 100 99 101 100 100 101 98 
410 27 56
100 102 99 100 102 99 99 101 99 98 
411 43 46
102 98 98 100 100 102 100 102 98 100 
412 60 87
98 101 98 98 98 102 99 98 98 100 
413 18 65
98 98 100 102 98 100 102 100 100 99 
414 50 27
99 99 100 101 98 99 99 101 100 99 
415 14 93
100 99 102 100 98 99 100 99 100 99 
416 28 5
101 99 99 100 98 101 101 101 99 99 
417 27 5
102 100 100 99 98 100 99 98 102 98 
418 43 85
100 102 100 99 101 102 98 99 101 102 
419 87 99
100 102 99 101 98 102 100 98 101 99 
420 79 6
102 102 98 98 100 101 99 102 102 99 
421 58 3
98 102 99 98 101 100 101 98 101 99 
422 87 32
98 98 101 101 100 99 102 101 101 102 
423 91 6
100 99 99 102 100 101 99 98 102 102 
424 86 74
101 99 98 100 100 101 101 101 102 99 
425 94 54
102 102 99 102 102 101 102 101 102 100 
426 3 10
100 99 102 100 100 99 98 99 100 100 
427 31 33
99 101 100 98 99 98 98 100 98 99 
428 28 7
99 101 99 98 99 102 99 98 100 100 
429 28 75
99 102 100 101 100 100 100 98 100 102 
430 16 71
100 98 101 102 101 100 98 102 100 99 
431 82 41
100 98 99 99 100 98 99 98 98 101 
432 10 85
101 101 102 98 101 99 99 100 101 99 
433 37 89
98 101 102 100 99 100 101 102 100 102 
434 68 68
99 101 100 99 102 101 100 100 100 101 
435 5 23
102 98 99 102 101 100 100 101 100 99 
436 42 39
102 99 102 99 100 100 98 101 100 101 
437 3 29
101 102 98 98 98 100 102 102 102 98 
438 47 44
102 101 101 99 98 99 100 99 100 101 
439 25 42
98 98 98 98 98 100 101 101 101 99 
440 32 99
101 100 98 102 101 99 100 100 102 99 
441 47 92
102 101 102 100 101 102 101 99 99 98 
442 87 77
100 99 99 101 102 102 99 102 100 99 
443 80 53
102 99 99 102 102 100 100 102 100 100 
444 9 57
101 101 100 102 102 98 100 101 99 98 
445 74 12
98 98 98 102 101 102 99 101 101 102 
446 5 40
102 101 98 99 100 101 102 98 102 101 
447 70 59
98 99 101 102 102 100 100 99 102 102 
448 6 20
102 101 102 102 100 98 98 99 102 99 
449 96 77
102 99 100 98 100 101 98 100 100 102 
450 79 52
101 98 100 100 98 100 101 99 100 101 
451 81 37
101 98 101 100 99 98 99 101 101 98 
452 26 41
101 99 98 98 100 101 101 98 102 98 
453 40 17
102 100 100 99 98 100 98 99 102 98 
454 51 74
98 99 101 98 99 101 99 100 99 101 
455 65 24
101 101 101 102 101 102 98 98 102 100 
456 84 55
99 101 100 101 101 101 99 98 102 99 
457 27 24
99 102 98 101 100 102 99 98 100 100 
458 63 29
99 100 101 98 98 101 100 99 100 102 
459 75 96
102 100 101 102 98 102 102 100 101 102 
460 58 73
98 101 102 98 100 99 98 99 102 98 
461 24 67
101 100 100 98 100 102 101 99 101 99 
462 93 50
100 99 101 100 100 98 102 98 98 101 
463 61 51
100 98 99 101 100 102 102 98 100 101 
464 94 37
102 101 102 101 99 102 102 101 100 102 
465 46 21
99 99 98 101 99 100 101 101 102 102 
466 2 72
99 100 101 98 99 99 101 98 102 102 
467 1 73
101 102 98 99 101 100 101 99 101 98 
468 96 58
100 101 98 99 98 102 102 101 99 100 
469 29 25
99 101 98 100 100 98 98 99 100 100 
470 30 73
100 102 102 100 102 102 102 101 100 100 
471 62 33
99 98 98 102 102 98 102 98 101 102 
472 59 69
99 98 102 101 100 98 99 102 102 100 
473 68 51
99 99 101 101 98 102 101 99 102 98 
474 24 41
101 100 99 101 101 102 99 99 102 100 
475 86 19
100 101 101 101 98 100 101 101 98 101 
476 4 47
100 99 102 101 102 100 102 100 102 100 
477 38 15
99 102 99 100 99 101 100 99 101 100 
478 45 91
102 98 101 100 98 101 98 101 98 102 
479 79 77
100 102 98 101 99 100 98 102 99 101 
480 79 54
99 99 99 99 101 100 99 98 102 99 
481 48 71
102 100 98 99 101 101 102 98 101 102 
482 2 80
100 101 99 98 99 102 98 100 98 99 
483 51 90
102 101 99 101 99 101 101 100 100 101 
484 25 26
102 101 101 102 98 99 98 102 102 99 
485 40 66
99 98 102 99 101 102 100 102 102 101 
486 74 36
101 101 100 98 102 101 101 98 100 101 
487 85 65
102 102 101 98 99 100 100 100 102 99 
488 61 99
100 101 102 99 99 100 101 98 101 98 
489 73 90
102 100 102 101 98 98 100 99 102 100 
490 47 28
102 101 99 99 99 100 99 98 98 98 
491 94 64
98 99 98 98 102 98 102 101 100 98 
492 19 91
98 98 99 99 100 101 99 101 101 100 
493 87 28
102 100 100 99 98 99 100 98 102 100 
494 6 4
102 99 101 100 101 99 100 98 101 98 
495 29 38
101 102 99 102 100 100 99 101 100 98 
496 61 68
101 100 102 98 99 99 101 99 100 100 
497 1 26
98 102 100 102 102 98 99 98 98 102 
498 22 100
102 102 100 99 102 100 98 98 99 102 
499 81 86
98 98 101 102 100 101 99 98 100 101 

