500 10 44676
0 7 6
93 115 100 115 97 101 76 89 83 99 
1 4 10
77 116 89 100 76 120 90 117 113 83 
2 4 8
110 112 93 123 79 89 111 99 81 86 
3 6 9
115 93 119 123 117 112 113 122 106 77 
4 3 3
124 114 99 112 123 122 111 110 111 79 
5 6 2
96 96 92 102 108 107 83 98 75 77 
6 4 6
115 86 117 96 90 91 78 91 81 102 
7 5 7
101 115 116 88 122 101 81 93 123 98 
8 6 4
81 80 81 83 83 104 78 123 118 122 
9 2 1
91 99 102 97 78 108 105 106 98 96 
10 5 3
124 77 115 122 101 113 105 109 118 113 
11 5 2
95 123 76 90 120 97 102 88 123 79 
12 6 4
114 90 110 88 113 106 112 113 109 103 
13 8 3
93 95 123 86 85 117 90 107 115 93 
14 8 9
118 102 76 118 108 114 122 98 81 109 
15 9 8
90 100 110 76 78 99 88 96 119 88 
16 6 8
81 75 114 123 95 114 113 88 91 117 
17 8 10
106 81 97 114 115 85 111 80 111 98 
18 10 2
75 99 88 119 113 75 76 119 77 118 
19 5 3
107 108 113 123 100 120 122 83 76 97 
20 10 2
107 113 123 95 86 82 87 86 107 102 
21 9 1
102 86 91 104 79 85 78 113 120 116 
22 7 3
113 111 105 114 83 107 107 117 95 106 
23 4 4
115 102 122 99 79 82 119 108 93 87 
24 5 6
100 92 88 95 86 77 118 124 115 100 
25 2 1
82 98 117 104 81 82 88 124 109 87 
26 4 1
94 95 100 114 107 114 89 82 84 105 
27 1 1
109 100 96 99 77 87 99 87 113 93 
28 2 5
101 81 120 87 93 94 80 112 114 105 
29 10 2
97 118 106 108 100 88 78 84 113 101 
30 6 1
114 84 79 104 103 121 98 81 79 96 
31 9 4
115 100 87 104 83 116 77 105 112 110 
32 4 3
123 93 99 113 119 84 106 110 96 110 
33 5 10
106 115 80 111 86 100 86 78 76 98 
34 5 2
92 111 116 79 97 81 93 97 99 119 
35 2 1
81 119 83 102 104 99 103 88 89 110 
36 2 8
87 87 107 90 112 91 101 81 78 92 
37 3 8
98 108 76 124 102 89 97 110 83 105 
38 3 9
79 117 76 96 102 79 75 115 93 108 
39 6 6
124 107 89 79 76 101 106 102 84 110 
40 7 10
124 123 99 83 103 114 121 110 106 124 
41 7 2
78 83 78 96 116 85 103 118 117 117 
42 8 7
96 106 98 105 91 76 96 90 75 121 
43 6 1
112 98 92 93 97 100 106 102 109 109 
44 1 8
120 106 95 114 98 95 112 121 78 85 
45 10 10
89 75 111 89 121 89 121 108 112 91 
46 5 1
116 110 114 102 97 115 80 92 96 102 
47 9 7
124 121 118 77 83 97 96 97 97 85 
48 9 2
99 112 81 86 78 87 98 121 75 88 
49 5 3
80 106 116 101 83 76 99 85 122 94 
50 3 9
116 111 105 91 121 94 114 97 81 122 
51 6 2
85 86 82 87 99 106 111 106 87 102 
52 10 4
105 108 108 105 78 120 113 121 108 93 
53 5 10
114 78 78 120 78 114 81 90 75 91 
54 8 7
122 88 84 87 117 93 112 99 76 97 
55 5 5
94 117 78 78 86 92 107 77 98 113 
56 9 7
104 81 116 106 97 95 82 97 110 91 
57 5 8
111 98 76 112 120 83 119 89 75 122 
58 8 4
91 77 91 114 115 91 92 96 99 85 
59 3 8
107 86 96 92 104 82 121 90 105 123 
60 3 6
81 123 116 83 122 84 97 89 88 113 
61 6 6
81 100 101 105 112 103 104 95 114 75 
62 8 1
82 109 110 112 109 114 89 117 115 83 
63 1 8
92 97 78 107 87 86 112 95 111 90 
64 2 4
118 105 120 109 106 108 81 115 92 116 
65 1 2
107 121 118 97 79 120 85 98 95 90 
66 6 5
101 119 80 89 84 81 115 79 113 110 
67 1 10
93 121 87 112 112 117 115 95 113 110 
68 5 4
106 79 91 78 97 99 112 123 93 117 
69 6 9
75 80 107 114 117 98 85 88 94 97 
70 3 10
89 118 106 80 105 100 75 86 107 93 
71 5 5
117 79 77 86 121 94 116 122 101 98 
72 7 10
123 121 109 95 94 111 104 110 104 85 
73 3 1
112 119 98 94 88 115 98 82 119 103 
74 1 1
122 86 114 99 112 100 120 112 99 104 
75 8 6
90 111 107 120 123 100 82 111 96 105 
76 6 5
95 106 119 91 84 89 82 81 103 121 
77 3 8
99 102 79 75 81 87 120 97 123 104 
78 10 10
81 101 110 103 83 117 89 106 98 83 
79 8 3
100 81 116 78 80 98 95 106 78 101 
80 2 10
113 103 108 114 82 79 113 89 107 100 
81 5 2
94 83 99 118 92 98 102 117 105 95 
82 8 8
121 94 93 124 120 76 85 109 106 119 
83 6 9
123 90 79 106 115 123 99 86 82 123 
84 5 7
98 109 95 78 79 94 117 75 113 85 
85 2 6
88 87 96 119 83 121 108 83 86 114 
86 2 4
113 92 90 122 92 96 98 116 80 120 
87 5 3
89 112 89 77 124 91 114 90 105 86 
88 10 9
82 119 123 96 109 115 101 99 82 116 
89 2 6
90 121 91 97 116 87 109 80 76 124 
90 10 4
92 123 93 122 86 104 112 94 99 110 
91 3 1
102 93 111 110 87 84 87 104 80 105 
92 2 9
119 111 80 123 112 91 78 81 91 96 
93 6 9
77 117 124 103 104 116 113 82 86 101 
94 5 6
110 83 79 117 113 81 117 109 119 122 
95 3 4
90 110 114 107 83 119 85 88 113 86 
96 2 8
79 107 99 92 83 93 118 119 101 124 
97 9 7
82 106 76 78 105 110 111 121 98 102 
98 9 4
96 115 121 84 76 115 104 80 97 78 
99 3 1
99 92 101 75 94 90 94 101 123 97 
100 1 9
82 93 99 107 121 79 93 94 119 91 
101 2 8
81 85 79 103 88 104 86 112 121 114 
102 1 8
81 84 119 79 108 101 108 115 119 84 
103 6 3
89 118 87 85 86 118 83 93 78 89 
104 9 9
118 86 83 117 76 123 84 82 84 78 
105 5 3
106 124 109 101 83 86 95 97 81 107 
106 4 9
102 118 111 105 82 109 76 76 121 84 
107 4 10
82 79 83 93 83 97 85 116 96 121 
108 10 1
83 115 79 89 97 114 107 77 109 93 
109 5 3
80 110 120 78 119 115 79 78 119 87 
110 2 5
112 108 121 83 105 90 115 115 80 122 
111 5 1
111 112 107 98 82 91 90 89 77 87 
112 10 9
77 98 79 121 113 100 78 100 86 124 
113 4 4
89 101 108 97 100 112 77 88 101 109 
114 7 7
77 76 77 81 90 97 80 92 122 84 
115 7 6
111 94 85 124 95 121 117 109 97 100 
116 7 8
90 85 85 116 121 124 104 124 75 107 
117 8 9
79 89 110 78 100 78 114 87 99 124 
118 4 5
120 81 106 94 108 114 93 123 75 106 
119 3 7
105 96 122 107 78 80 75 84 94 113 
120 4 8
116 79 86 93 80 99 87 76 105 118 
121 3 5
108 118 89 108 99 81 106 81 103 106 
122 9 4
111 116 120 82 104 85 79 97 89 90 
123 1 2
115 80 99 97 123 122 113 108 117 78 
124 9 7
84 75 99 114 106 87 100 94 80 97 
125 7 7
107 108 84 123 123 76 94 115 81 119 
126 6 8
118 78 115 110 81 84 78 93 86 102 
127 8 5
116 109 90 122 81 118 108 115 101 119 
128 9 8
123 85 94 79 81 109 88 124 113 79 
129 7 7
90 114 89 103 91 99 99 84 83 114 
130 7 8
107 117 82 86 111 123 113 111 83 82 
131 2 5
119 81 90 107 85 78 103 102 117 118 
132 8 1
94 106 94 104 95 103 121 80 95 79 
133 7 9
77 79 120 87 88 113 103 82 119 120 
134 2 8
123 95 109 115 90 119 77 109 100 96 
135 4 9
76 87 78 96 91 94 107 95 100 102 
136 5 9
92 89 123 88 84 114 95 84 86 82 
137 10 7
76 78 87 103 101 103 101 103 115 104 
138 10 9
75 108 105 100 85 89 91 104 105 89 
139 4 10
80 88 123 92 97 124 118 98 79 83 
140 3 1
111 105 83 103 85 85 111 85 118 93 
141 9 7
109 79 110 89 93 105 80 98 121 80 
142 1 9
79 111 119 85 119 123 115 107 103 76 
143 1 1
86 123 78 81 91 116 87 75 120 75 
144 7 6
107 96 113 103 101 106 124 107 94 118 
145 3 6
118 109 122 96 110 84 87 123 84 90 
146 6 6
81 94 102 78 94 120 93 79 91 83 
147 3 5
114 106 101 85 101 95 100 94 81 99 
148 4 3
110 82 117 119 97 122 96 105 92 75 
149 6 9
120 78 117 86 86 102 82 78 85 110 
150 6 10
80 116 83 89 92 76 83 78 83 75 
151 10 3
123 96 89 92 96 124 82 92 77 75 
152 1 7
104 113 96 114 98 111 105 104 104 114 
153 6 8
117 78 77 78 78 76 112 78 97 77 
154 1 5
78 103 88 83 105 118 99 86 106 122 
155 3 6
108 108 111 88 97 106 87 91 109 89 
156 10 8
92 84 116 115 86 88 111 89 116 124 
157 5 4
119 123 109 101 122 112 106 106 95 94 
158 7 5
75 85 85 111 101 107 100 118 116 93 
159 6 5
107 98 95 100 99 120 124 94 120 110 
160 6 4
99 103 101 119 122 97 115 124 109 78 
161 6 1
112 85 80 103 104 118 109 86 91 79 
162 9 2
124 114 87 122 100 84 115 124 112 91 
163 7 7
115 113 110 99 116 97 111 103 107 116 
164 9 4
111 117 101 78 124 90 121 75 79 83 
165 8 2
92 112 108 81 80 106 117 120 94 104 
166 2 2
76 82 116 110 76 75 76 114 119 102 
167 3 4
119 113 119 76 123 116 107 92 106 92 
168 4 7
123 92 107 93 121 80 106 124 90 99 
169 8 9
99 113 82 96 90 75 89 87 115 85 
170 4 2
77 122 83 108 90 109 96 88 76 80 
171 4 1
86 91 76 101 116 113 119 92 103 78 
172 9 7
80 80 83 123 90 96 114 94 93 124 
173 5 4
108 101 124 112 106 109 112 117 78 115 
174 1 7
106 91 90 84 95 81 80 102 86 88 
175 6 9
109 91 123 78 91 79 113 76 105 112 
176 9 3
99 102 81 102 93 104 100 124 120 115 
177 9 8
121 91 120 84 104 97 113 89 114 113 
178 10 6
117 82 83 98 122 122 112 98 101 120 
179 3 5
101 102 120 97 94 81 116 91 97 113 
180 6 2
86 90 92 75 78 113 82 121 121 90 
181 2 6
89 85 95 116 82 97 112 109 76 108 
182 9 1
116 124 111 88 113 89 91 76 104 111 
183 4 4
99 85 106 97 102 79 94 117 91 114 
184 4 4
86 95 82 89 80 92 110 121 94 98 
185 2 10
112 103 85 92 91 88 77 115 100 108 
186 4 3
112 109 119 80 99 104 103 112 77 113 
187 3 8
80 114 79 99 87 90 108 75 120 120 
188 10 2
83 96 79 110 81 92 113 120 78 109 
189 1 8
89 103 92 91 93 94 98 101 85 104 
190 1 3
122 111 97 117 108 118 81 119 89 85 
191 10 1
104 94 90 107 79 90 87 95 121 104 
192 7 5
75 86 115 85 118 118 107 115 106 82 
193 5 5
75 115 83 90 77 115 112 106 84 78 
194 7 4
95 103 108 91 84 96 108 84 110 98 
195 10 9
93 78 95 124 85 79 89 88 122 99 
196 1 2
89 92 108 99 97 76 114 120 104 98 
197 4 9
121 121 124 106 97 93 84 115 98 104 
198 1 5
111 81 124 110 107 104 111 122 123 96 
199 4 2
97 87 91 78 112 104 118 109 103 117 
200 6 1
87 102 115 111 83 107 97 119 113 96 
201 2 2
77 93 95 75 114 118 96 89 82 114 
202 8 8
96 86 106 124 78 123 124 93 102 114 
203 5 7
97 101 107 87 124 89 110 76 107 80 
204 2 4
123 100 112 83 89 80 80 110 93 113 
205 7 4
111 110 116 89 102 120 77 76 98 109 
206 4 5
123 124 100 107 79 104 81 80 79 118 
207 6 1
75 95 83 93 83 119 117 121 107 110 
208 3 10
106 89 85 81 76 100 106 76 99 83 
209 5 2
112 117 113 118 112 78 91 115 98 99 
210 9 4
95 77 106 77 115 119 86 98 85 98 
211 10 2
124 87 88 100 96 124 81 85 118 121 
212 5 1
124 95 95 99 121 106 84 91 110 116 
213 2 8
110 107 75 120 83 105 84 84 119 99 
214 5 6
100 118 101 93 114 107 75 116 79 98 
215 6 1
81 100 93 118 93 114 96 78 99 96 
216 1 3
78 86 116 123 110 102 90 87 95 118 
217 1 3
100 108 78 106 81 93 106 89 120 75 
218 8 4
114 103 93 88 77 96 122 80 107 115 
219 6 1
93 96 107 113 89 90 75 117 123 78 
220 4 7
99 82 95 96 84 104 112 75 83 82 
221 7 3
105 88 94 90 79 100 110 99 123 94 
222 3 5
109 90 81 109 95 107 115 121 116 87 
223 1 1
117 82 75 77 91 91 89 122 107 108 
224 3 9
85 124 87 85 93 101 100 80 116 108 
225 10 5
90 107 85 83 121 105 83 113 114 86 
226 1 7
102 81 80 86 117 92 124 79 91 88 
227 6 7
115 115 116 106 98 108 120 116 92 83 
228 10 4
113 85 77 105 96 119 111 123 76 116 
229 3 6
85 86 124 103 102 89 89 92 79 83 
230 9 1
116 121 96 85 81 97 98 121 107 102 
231 7 4
99 89 79 100 82 91 95 92 104 94 
232 6 7
111 85 98 115 93 99 95 86 97 118 
233 2 1
93 121 101 75 101 78 81 75 94 87 
234 6 8
103 122 119 84 93 117 93 79 77 118 
235 8 3
94 94 110 118 90 83 98 108 79 75 
236 6 1
80 118 105 99 80 82 76 110 81 123 
237 6 8
115 90 106 119 85 105 93 105 75 78 
238 4 6
86 124 75 92 124 110 75 81 106 107 
239 3 7
115 111 97 123 109 94 100 101 109 84 
240 1 5
114 115 101 116 118 77 83 81 76 83 
241 6 3
121 100 83 102 83 117 88 75 103 112 
242 1 3
81 101 115 117 112 85 112 103 77 90 
243 1 8
92 103 78 93 114 104 97 112 81 105 
244 5 5
98 104 91 76 92 92 91 100 120 81 
245 9 3
94 82 85 96 97 107 94 115 86 99 
246 1 3
80 108 114 87 90 80 103 115 109 122 
247 5 4
89 87 104 86 93 122 118 114 81 80 
248 4 9
113 107 95 76 83 108 78 91 93 119 
249 9 4
124 83 101 110 82 97 114 98 109 93 
250 5 5
92 104 119 100 110 82 78 98 116 101 
251 7 2
86 106 92 104 100 122 89 101 83 115 
252 2 6
87 75 114 121 95 100 78 114 80 122 
253 5 1
81 95 90 122 123 116 123 84 99 93 
254 9 10
90 77 102 98 120 113 116 84 116 105 
255 9 2
80 86 78 87 83 94 77 89 114 94 
256 4 8
85 88 121 109 106 109 110 124 114 87 
257 3 5
78 88 118 119 120 76 82 78 89 85 
258 6 3
105 95 113 96 114 76 84 75 92 82 
259 7 9
119 99 122 108 113 97 94 116 110 89 
260 6 4
93 118 111 107 80 78 82 112 98 120 
261 10 4
124 95 90 91 102 76 91 96 102 89 
262 7 7
113 100 82 100 117 120 83 87 115 121 
263 5 6
75 78 110 98 124 119 111 123 89 76 
264 7 2
80 107 90 109 121 96 75 111 124 85 
265 3 4
82 95 80 122 94 76 119 94 80 104 
266 3 7
100 106 81 114 109 97 108 116 79 123 
267 7 4
96 101 114 97 113 76 90 120 99 97 
268 5 4
99 116 89 106 95 83 112 123 114 118 
269 10 7
92 97 92 96 97 120 101 121 99 91 
270 9 3
94 109 85 120 83 79 115 107 122 79 
271 6 1
88 77 93 79 122 82 105 89 107 75 
272 9 5
120 89 77 94 107 96 109 79 82 119 
273 10 6
75 115 75 75 119 90 95 84 95 113 
274 5 8
122 121 109 104 123 97 111 121 113 113 
275 6 2
84 76 100 93 122 101 111 75 91 111 
276 1 4
76 95 97 96 85 113 116 82 110 100 
277 10 6
124 100 106 114 88 124 87 100 75 114 
278 4 9
91 106 75 109 92 77 122 96 97 97 
279 5 5
85 110 118 122 87 107 108 88 82 89 
280 6 4
88 92 75 89 82 120 89 98 102 91 
281 8 5
93 82 92 117 104 87 101 116 124 96 
282 10 5
79 99 104 88 113 109 113 77 77 113 
283 9 10
109 109 109 86 75 118 82 93 77 100 
284 3 4
114 113 100 113 86 91 79 90 115 109 
285 2 9
95 94 107 97 85 77 108 119 111 94 
286 8 9
90 89 83 92 116 95 76 105 85 103 
287 2 3
121 102 114 111 86 97 91 107 119 76 
288 7 5
78 117 75 117 86 82 107 103 98 116 
289 7 6
88 124 122 101 104 93 75 100 121 114 
290 2 10
89 104 118 83 105 77 89 111 119 89 
291 9 8
96 85 111 121 78 109 86 94 110 86 
292 6 5
104 120 114 102 111 77 114 75 106 109 
293 1 3
113 99 123 109 113 103 117 86 115 105 
294 1 5
91 96 90 76 107 85 90 89 82 79 
295 4 6
81 109 123 114 96 83 78 84 110 78 
296 5 6
106 113 114 97 95 124 93 111 97 110 
297 8 6
120 79 96 79 83 91 124 91 78 122 
298 8 5
83 86 110 118 89 104 93 121 94 82 
299 1 10
81 115 100 104 100 89 111 97 93 84 
300 7 9
102 102 121 107 100 79 81 108 90 119 
301 9 10
98 121 102 120 81 122 109 89 114 87 
302 4 5
101 106 113 120 117 89 100 95 119 97 
303 3 10
101 86 79 116 80 107 97 105 105 75 
304 6 7
122 87 76 114 99 121 78 75 105 119 
305 8 3
83 98 119 77 122 122 98 98 85 104 
306 7 8
88 113 122 119 113 100 107 113 112 110 
307 8 4
109 107 88 89 101 88 111 112 113 106 
308 2 6
105 92 85 117 121 103 84 85 91 83 
309 7 8
110 113 122 97 101 101 110 85 85 76 
310 5 10
89 87 103 79 120 94 116 100 113 76 
311 10 8
104 103 122 122 112 80 81 97 118 78 
312 8 10
106 109 106 117 112 80 106 78 93 86 
313 8 4
105 123 116 96 76 85 83 105 116 82 
314 1 1
87 111 79 82 117 76 102 100 113 85 
315 8 6
91 75 104 111 86 113 76 119 114 117 
316 6 1
80 100 98 121 107 78 101 119 116 105 
317 2 6
109 105 86 99 116 105 124 82 106 105 
318 6 5
96 121 115 85 116 82 75 121 107 98 
319 5 7
103 95 85 95 77 87 80 111 119 91 
320 3 6
122 87 119 105 119 114 101 90 113 94 
321 6 10
101 103 100 86 76 94 102 105 116 115 
322 3 4
79 82 107 123 101 119 111 98 83 107 
323 6 6
99 108 95 87 77 123 116 106 103 93 
324 3 10
114 96 86 105 86 88 100 92 98 84 
325 7 10
81 77 99 89 111 106 96 85 89 117 
326 3 8
117 88 123 95 108 117 76 97 90 90 
327 3 8
105 105 119 78 114 87 79 120 91 105 
328 3 4
86 108 88 101 102 111 120 96 76 120 
329 4 8
112 120 84 77 87 89 106 117 119 103 
330 9 4
117 77 106 84 108 118 89 121 103 104 
331 3 7
92 94 104 96 89 98 83 78 95 92 
332 7 3
106 114 99 100 94 97 86 87 102 119 
333 4 3
114 114 83 92 93 106 100 111 77 80 
334 8 8
103 90 95 75 109 103 107 91 95 83 
335 4 10
106 79 78 85 75 103 97 114 92 105 
336 8 9
88 109 101 91 114 108 110 94 75 80 
337 10 5
111 78 77 81 87 121 122 120 77 78 
338 6 4
106 104 117 76 84 76 116 100 111 92 
339 4 8
77 103 124 79 108 95 113 96 99 118 
340 8 7
114 102 108 118 105 113 123 88 92 116 
341 7 9
119 82 80 105 101 123 85 103 101 84 
342 3 3
106 98 108 80 93 88 118 84 115 101 
343 3 1
91 76 108 110 119 75 91 115 84 96 
344 2 7
95 108 91 123 117 76 87 100 101 121 
345 2 5
84 101 78 76 80 82 96 96 85 81 
346 10 7
83 100 122 95 121 95 81 93 78 99 
347 10 8
100 106 97 76 104 80 122 113 107 77 
348 10 8
85 87 85 95 96 94 104 104 119 101 
349 10 4
121 82 88 124 107 107 121 84 91 95 
350 4 6
101 85 111 83 88 102 122 100 115 82 
351 6 2
102 99 117 96 77 119 91 123 76 105 
352 10 6
89 122 120 105 93 85 103 119 95 89 
353 5 6
116 78 85 108 85 83 119 112 109 114 
354 2 8
108 104 112 111 86 112 97 101 109 94 
355 9 3
104 113 123 76 77 79 112 119 82 124 
356 8 1
84 99 84 119 90 97 108 123 77 95 
357 5 4
84 83 116 119 102 77 123 83 115 124 
358 1 6
78 124 116 88 123 95 108 85 119 119 
359 5 10
92 114 84 94 84 119 109 96 79 103 
360 6 3
107 90 115 97 89 77 94 95 76 85 
361 6 3
106 93 87 102 89 93 114 106 82 123 
362 3 9
119 112 114 124 92 81 108 124 97 98 
363 4 9
101 118 83 104 80 118 106 111 88 120 
364 5 9
88 80 84 97 78 87 116 75 76 107 
365 2 9
114 109 94 88 84 117 76 112 112 85 
366 8 4
80 75 104 96 121 120 124 86 77 85 
367 5 9
99 100 83 102 84 84 122 123 120 91 
368 2 7
86 90 119 123 102 86 118 107 88 98 
369 6 10
95 79 96 100 92 80 108 118 107 116 
370 4 2
77 95 117 124 114 80 80 75 95 124 
371 1 8
87 119 107 101 94 112 112 116 119 83 
372 7 4
90 124 83 124 115 106 118 119 79 110 
373 4 4
117 76 120 88 75 120 87 90 114 121 
374 2 1
111 103 77 105 114 93 120 81 93 78 
375 9 1
112 76 82 116 111 77 109 103 78 104 
376 4 7
101 83 96 93 79 87 103 115 117 107 
377 3 4
76 92 117 96 98 75 108 85 76 117 
378 2 10
120 112 94 123 93 90 81 119 98 102 
379 3 10
116 118 95 109 100 119 94 103 89 88 
380 10 8
88 110 124 91 102 77 82 97 114 102 
381 4 8
117 104 78 92 82 91 121 123 86 93 
382 5 7
88 81 90 102 94 91 91 110 76 92 
383 4 10
94 86 78 83 113 103 92 107 83 95 
384 10 8
111 120 92 124 89 79 111 104 85 78 
385 9 2
94 101 93 98 118 97 77 87 108 82 
386 1 4
111 112 80 119 82 81 88 121 78 105 
387 6 10
111 108 123 123 111 83 105 83 109 75 
388 2 8
97 110 114 80 117 86 105 103 75 110 
389 5 1
118 114 83 122 95 80 91 83 114 92 
390 8 8
100 112 110 85 112 93 112 87 78 104 
391 10 7
117 75 101 120 112 76 80 106 115 88 
392 9 3
95 121 96 84 88 103 114 114 92 99 
393 10 7
118 113 93 121 94 113 119 87 115 96 
394 10 8
99 89 85 91 104 113 106 124 112 77 
395 2 1
107 75 114 76 101 115 82 96 104 103 
396 1 1
93 89 89 83 112 98 112 88 114 123 
397 1 9
113 86 95 100 90 108 101 124 108 92 
398 1 2
83 84 108 114 114 78 114 82 94 81 
399 8 8
104 82 95 94 80 77 114 120 90 86 
400 4 3
119 124 106 104 93 108 116 101 120 99 
401 8 5
104 82 119 123 88 86 82 119 93 105 
402 4 6
107 80 98 123 91 121 105 88 122 89 
403 3 6
122 108 119 117 84 86 104 113 95 98 
404 10 4
109 121 105 80 101 120 107 84 75 80 
405 10 10
78 116 107 75 80 101 91 80 85 87 
406 10 2
98 105 87 119 78 76 104 115 122 84 
407 8 5
80 104 110 82 112 121 101 115 112 85 
408 2 6
112 84 77 122 96 78 95 119 109 107 
409 1 8
108 95 104 108 106 101 84 111 81 119 
410 7 6
117 97 110 104 108 103 101 95 112 103 
411 10 1
109 114 82 93 99 122 82 84 94 114 
412 3 2
90 78 114 98 122 110 93 116 85 81 
413 2 4
109 124 90 97 105 109 107 89 100 114 
414 5 2
114 118 86 83 107 80 86 123 84 76 
415 2 9
113 117 75 123 123 98 116 107 97 83 
416 7 3
119 114 93 95 105 77 98 96 121 111 
417 1 9
117 118 101 78 119 75 88 110 119 90 
418 4 3
113 102 101 88 110 108 92 105 99 111 
419 3 7
113 100 103 111 89 85 90 81 78 118 
420 2 1
120 101 110 114 117 95 108 107 122 85 
421 8 6
118 90 92 92 76 94 98 116 121 78 
422 1 1
88 120 93 94 115 106 94 111 83 81 
423 6 1
101 84 109 101 96 107 88 89 122 105 
424 4 1
76 81 118 122 87 98 85 100 95 105 
425 5 2
87 90 122 97 98 99 99 77 110 83 
426 9 7
115 116 97 114 98 80 116 99 89 112 
427 4 7
85 108 78 106 91 75 119 105 90 118 
428 3 2
94 101 118 80 111 96 88 104 89 113 
429 9 8
118 87 86 84 124 109 112 84 95 116 
430 3 9
116 113 93 83 106 97 124 76 75 119 
431 9 7
90 98 90 106 86 111 95 82 75 108 
432 9 10
95 81 85 115 122 80 105 115 118 123 
433 1 6
97 75 103 97 119 111 85 87 84 103 
434 6 4
89 91 107 89 124 75 90 94 81 100 
435 2 6
105 116 120 101 116 121 76 90 123 104 
436 8 5
92 123 83 103 101 81 76 117 99 108 
437 9 4
111 98 120 119 75 83 75 106 77 122 
438 10 6
120 85 86 118 116 75 115 83 75 75 
439 7 9
81 115 95 107 100 105 81 86 78 78 
440 7 7
88 83 114 92 80 123 88 76 83 101 
441 7 2
101 113 86 102 116 124 80 122 116 103 
442 3 8
83 113 105 89 118 113 95 83 121 84 
443 7 3
84 116 80 94 92 78 95 120 117 108 
444 3 4
107 105 107 99 85 89 118 93 79 98 
445 5 10
89 81 83 85 92 111 89 101 102 96 
446 6 5
100 92 116 92 75 89 77 110 121 111 
447 2 7
76 79 101 82 104 88 82 120 94 92 
448 7 10
78 97 92 107 119 88 103 96 107 94 
449 9 6
110 117 95 106 103 108 114 104 114 91 
450 10 1
106 121 91 77 90 99 116 95 123 84 
451 3 3
99 105 88 83 124 78 118 112 122 90 
452 9 7
123 83 82 114 101 121 85 82 119 103 
453 10 10
77 78 104 75 87 106 120 113 88 85 
454 7 6
91 117 77 88 82 97 114 83 107 124 
455 10 9
120 84 92 115 114 104 76 116 107 108 
456 5 7
91 116 109 105 76 107 122 94 101 124 
457 4 7
98 99 121 81 98 120 89 96 82 109 
458 4 7
88 89 113 120 122 109 116 89 100 102 
459 7 9
86 118 123 113 119 106 99 92 82 95 
460 4 2
92 115 77 99 99 90 96 112 106 86 
461 5 2
120 100 120 97 79 118 75 92 113 123 
462 6 5
106 106 78 114 78 102 97 96 94 101 
463 6 4
118 93 107 99 104 91 80 99 118 77 
464 9 10
120 124 91 110 124 99 94 108 82 98 
465 5 4
77 121 111 96 99 108 91 92 77 75 
466 2 2
93 122 83 88 76 81 87 124 82 105 
467 5 8
81 79 115 89 104 91 102 106 87 90 
468 5 7
123 97 80 75 97 121 109 117 120 119 
469 6 8
75 92 123 85 122 107 94 79 113 86 
470 1 10
102 124 75 116 89 81 104 87 105 109 
471 6 5
105 124 121 103 118 76 102 120 93 100 
472 6 9
84 99 99 123 110 121 92 87 120 95 
473 4 2
103 107 98 84 93 113 88 124 112 87 
474 10 3
88 81 103 109 108 108 79 117 85 103 
475 3 8
101 87 85 96 109 90 107 89 75 82 
476 4 9
123 114 94 112 76 75 95 91 81 123 
477 1 2
108 79 109 120 109 103 118 85 115 80 
478 4 7
97 92 116 99 100 91 120 98 82 89 
479 1 1
90 107 102 98 107 102 90 93 109 76 
480 4 9
104 81 106 97 88 89 75 111 107 116 
481 3 10
85 82 109 92 99 121 103 114 104 82 
482 5 4
111 106 106 95 107 120 116 89 78 97 
483 9 10
113 113 82 97 107 94 106 117 102 90 
484 2 2
89 116 117 118 123 81 81 110 113 115 
485 6 3
110 123 113 115 95 103 84 84 94 91 
486 4 2
111 90 120 90 107 83 91 121 75 83 
487 2 9
91 75 108 81 115 116 104 102 114 94 
488 10 1
123 104 96 92 122 79 95 108 96 90 
489 9 7
98 91 77 100 99 121 99 118 123 82 
490 10 1
75 105 92 115 75 111 77 75 92 100 
491 8 6
106 114 75 78 79 76 86 104 92 90 
492 6 5
86 106 112 86 115 113 76 116 94 95 
493 4 2
82 110 96 101 87 115 116 118 104 119 
494 9 6
120 84 91 89 100 98 85 113 79 124 
495 1 6
113 76 113 84 97 96 105 106 83 76 
496 10 1
118 78 88 97 122 89 82 119 98 98 
497 9 1
122 96 114 78 95 116 75 83 117 113 
498 8 7
86 124 124 94 77 84 114 120 89 80 
499 8 2
94 99 82 119 75 92 120 124 113 111 

