500 10 34843
0 1 10
138 125 111 148 114 127 95 77 92 129 
1 10 4
87 99 104 123 117 80 52 122 119 65 
2 8 2
60 80 146 113 63 136 132 52 111 146 
3 3 8
123 147 107 117 78 56 110 115 106 64 
4 1 6
94 95 149 116 110 116 59 73 98 55 
5 7 3
93 71 66 106 67 118 136 140 67 93 
6 1 6
99 120 112 107 87 54 135 83 99 134 
7 10 3
53 110 87 101 67 73 115 110 146 131 
8 10 6
51 105 58 68 148 68 65 149 138 127 
9 10 8
132 96 61 133 132 112 147 135 73 84 
10 10 3
60 104 55 56 138 124 122 91 131 82 
11 1 2
100 125 80 140 55 141 118 137 87 129 
12 3 3
91 70 59 66 56 148 59 66 55 116 
13 6 6
90 149 136 71 81 148 102 131 76 84 
14 4 2
128 141 120 117 72 142 89 66 114 99 
15 5 2
149 95 89 106 61 64 51 101 63 90 
16 5 7
88 78 79 66 113 103 97 91 94 119 
17 9 10
64 50 85 128 99 69 51 50 115 91 
18 8 7
57 60 130 123 100 106 119 91 135 149 
19 8 9
54 107 91 98 76 51 69 90 51 104 
20 2 3
76 122 53 93 115 62 69 75 72 101 
21 9 4
58 69 116 143 68 73 143 72 82 136 
22 4 10
137 92 101 91 99 124 145 125 149 100 
23 9 5
112 139 139 135 143 89 60 51 109 126 
24 7 10
101 141 102 134 127 77 145 114 71 96 
25 8 1
71 55 147 70 105 65 86 68 107 128 
26 6 1
67 67 101 126 95 99 56 146 90 60 
27 1 8
139 125 83 60 124 93 83 97 98 80 
28 10 4
148 105 123 105 135 130 55 53 99 58 
29 2 5
59 139 141 99 101 73 68 142 101 53 
30 4 8
96 138 74 96 68 93 52 66 100 125 
31 4 7
58 130 141 59 138 124 54 147 66 97 
32 9 8
72 118 62 123 122 65 100 120 105 76 
33 8 4
119 121 92 122 148 67 58 56 148 101 
34 7 7
127 122 86 143 69 136 63 91 105 75 
35 8 10
142 119 51 97 146 68 70 67 139 64 
36 2 9
82 51 96 132 102 64 70 80 136 106 
37 6 8
145 138 101 52 63 68 131 107 89 132 
38 5 8
103 127 107 144 141 148 84 125 50 83 
39 8 5
97 80 84 136 136 112 145 83 100 96 
40 6 7
66 118 123 106 53 128 145 58 57 102 
41 5 1
101 91 76 53 124 85 57 123 115 144 
42 2 5
106 57 139 108 103 127 124 72 147 50 
43 9 3
128 75 110 135 128 117 137 131 58 115 
44 5 5
51 93 109 68 87 121 124 95 80 66 
45 5 6
143 128 107 140 128 137 93 58 63 105 
46 6 2
72 83 74 132 148 110 66 101 53 126 
47 3 4
149 98 88 79 114 92 114 107 71 124 
48 1 2
111 145 62 124 100 107 67 75 92 143 
49 10 4
103 126 94 107 54 68 100 105 117 138 
50 7 2
133 102 91 106 76 91 57 138 86 69 
51 5 9
79 82 65 73 75 125 66 81 53 63 
52 1 10
81 140 64 148 80 52 80 63 104 121 
53 10 2
114 79 71 102 50 85 140 131 69 108 
54 6 8
83 71 130 138 84 70 97 116 60 63 
55 7 3
65 96 108 119 119 129 52 83 110 73 
56 6 2
61 78 92 132 136 97 81 121 71 61 
57 10 8
133 56 75 95 69 92 88 84 90 98 
58 6 1
77 108 145 90 83 131 51 146 111 145 
59 2 8
145 64 68 66 128 79 125 111 137 51 
60 8 9
93 147 94 133 95 149 95 74 59 91 
61 5 6
124 115 93 85 63 124 84 58 139 54 
62 7 10
83 101 130 70 102 137 128 97 134 72 
63 4 2
123 78 56 133 71 120 80 145 138 123 
64 3 4
98 66 111 139 70 87 58 55 90 90 
65 8 6
78 105 142 114 79 125 96 105 106 54 
66 9 10
76 70 127 116 143 109 69 91 78 82 
67 3 1
119 92 56 112 133 133 57 113 141 149 
68 8 3
77 75 77 85 79 67 114 58 87 91 
69 5 4
103 144 74 131 76 109 131 98 51 89 
70 1 5
125 119 97 68 118 77 92 97 102 120 
71 5 5
89 149 92 79 142 118 62 95 112 138 
72 9 2
149 62 91 51 101 53 87 128 122 87 
73 7 3
114 89 90 118 111 124 52 102 75 146 
74 2 9
115 95 65 129 136 144 122 135 56 63 
75 9 10
66 126 138 138 63 134 83 79 125 75 
76 8 7
101 102 139 127 98 72 97 115 70 64 
77 8 7
110 119 93 116 133 132 78 101 60 118 
78 3 6
54 75 54 130 100 51 118 51 55 107 
79 1 7
82 79 121 102 94 70 60 54 140 103 
80 4 6
137 101 126 147 69 118 122 73 95 126 
81 6 6
80 74 99 137 83 129 143 115 59 67 
82 8 6
87 77 59 77 131 82 54 118 85 131 
83 9 5
51 140 80 97 69 87 144 51 111 145 
84 9 6
125 84 110 86 101 80 91 90 107 52 
85 1 1
85 74 61 120 107 131 127 109 73 109 
86 9 5
146 54 145 108 50 86 55 77 72 67 
87 6 4
97 58 63 107 60 135 149 95 60 112 
88 9 8
93 95 128 117 54 138 63 102 143 59 
89 3 6
147 117 122 69 135 89 94 134 97 59 
90 4 8
145 143 105 107 105 73 126 101 118 105 
91 1 5
145 133 78 90 94 141 135 143 60 59 
92 3 8
98 58 82 97 68 75 55 115 120 110 
93 3 9
133 148 79 53 55 101 129 51 136 57 
94 4 2
100 129 74 111 90 139 58 91 147 142 
95 9 8
68 143 82 90 55 56 68 90 107 149 
96 4 3
100 124 65 87 84 111 70 134 142 146 
97 8 3
135 56 123 85 148 64 104 118 109 89 
98 10 6
95 77 55 104 129 51 119 131 125 86 
99 1 2
147 140 148 139 137 145 72 74 51 97 
100 2 3
63 116 70 123 55 131 88 52 111 145 
101 10 1
146 128 71 74 64 142 135 62 84 133 
102 4 4
81 125 100 134 125 111 86 138 129 59 
103 4 7
92 101 89 53 97 98 93 145 128 67 
104 10 3
111 107 106 145 142 60 71 73 87 121 
105 9 3
134 146 103 114 107 116 50 50 120 141 
106 4 10
89 149 114 67 118 86 112 79 143 68 
107 7 8
78 99 111 116 70 71 80 55 119 85 
108 10 8
104 119 129 74 111 84 143 102 135 59 
109 3 4
95 134 84 140 104 113 78 133 62 91 
110 2 4
64 133 140 85 69 109 112 123 130 143 
111 8 4
78 92 148 63 53 122 69 99 58 103 
112 2 3
66 121 147 131 114 148 64 128 132 106 
113 7 4
117 78 76 149 124 125 95 52 119 93 
114 8 3
65 136 123 125 142 67 87 110 138 85 
115 2 4
135 57 133 69 113 99 122 132 80 148 
116 3 7
75 77 108 144 120 127 69 87 66 94 
117 3 9
111 51 70 100 86 64 105 124 71 140 
118 4 8
142 116 69 124 66 103 80 144 130 90 
119 1 3
67 109 141 83 54 105 143 115 107 64 
120 8 6
130 124 69 51 115 115 140 59 81 112 
121 4 10
117 115 95 98 55 136 52 72 95 144 
122 9 2
99 51 69 56 117 88 102 97 63 73 
123 2 1
138 93 89 121 107 124 73 75 89 118 
124 6 7
104 77 68 102 71 128 103 121 82 74 
125 10 2
113 131 149 78 107 102 108 95 97 99 
126 10 6
125 142 132 64 110 57 60 65 84 130 
127 8 7
61 122 129 93 147 58 144 62 92 95 
128 1 10
99 100 146 147 149 115 104 124 107 86 
129 1 9
145 52 83 79 84 102 135 95 126 66 
130 1 6
75 85 87 117 82 79 116 84 129 112 
131 4 9
78 139 54 135 127 94 105 122 96 90 
132 2 2
142 89 76 71 105 117 96 130 104 86 
133 10 9
115 115 74 95 130 57 73 110 146 78 
134 8 4
74 103 95 121 143 149 102 88 140 80 
135 10 6
99 107 128 105 143 127 96 109 93 120 
136 5 6
80 129 85 76 109 82 102 134 135 99 
137 8 2
50 61 71 140 91 130 86 93 87 64 
138 1 2
93 146 92 88 117 96 63 147 127 50 
139 6 10
83 129 123 120 131 130 103 131 93 124 
140 3 7
104 110 129 94 76 80 77 119 128 71 
141 1 8
69 123 96 146 124 124 135 109 103 60 
142 2 7
92 85 118 135 59 142 72 66 54 103 
143 3 3
85 141 53 64 62 113 61 81 139 60 
144 10 6
134 67 124 139 77 57 126 120 92 146 
145 8 5
138 79 122 94 85 134 76 120 77 79 
146 7 10
95 50 72 84 60 51 99 144 68 125 
147 4 9
132 109 70 75 57 77 131 145 59 103 
148 2 5
139 119 64 66 149 53 57 146 53 79 
149 1 4
132 81 57 51 56 92 101 138 104 121 
150 6 2
148 148 59 57 101 50 53 90 120 68 
151 9 2
123 65 67 126 94 149 139 77 80 98 
152 1 9
140 81 78 94 52 96 108 50 94 117 
153 1 7
117 113 138 139 83 147 112 56 62 81 
154 3 10
80 73 138 62 121 70 102 64 101 131 
155 1 6
77 118 107 121 85 67 69 105 83 110 
156 7 7
59 109 75 123 140 109 132 123 133 72 
157 6 7
92 88 70 143 121 133 100 148 101 58 
158 2 10
127 143 96 60 55 92 127 64 51 104 
159 8 5
63 72 67 146 94 104 105 137 94 77 
160 3 6
60 85 115 64 93 89 103 70 134 101 
161 2 10
143 110 53 97 64 92 93 129 114 110 
162 7 2
116 133 50 61 60 134 128 71 69 94 
163 6 3
85 90 85 69 141 116 110 86 128 65 
164 6 5
107 128 73 124 140 101 137 107 84 137 
165 9 8
121 148 68 141 144 55 55 79 147 90 
166 1 9
108 110 126 86 77 114 82 87 92 58 
167 2 4
109 148 92 96 87 112 93 58 110 63 
168 2 6
68 107 86 65 147 87 105 106 99 133 
169 5 8
97 127 64 92 135 127 77 146 77 119 
170 5 5
81 139 74 93 52 126 148 122 135 137 
171 10 5
74 96 140 75 80 137 52 79 66 118 
172 2 4
95 148 51 122 69 146 138 52 135 63 
173 7 1
91 146 62 76 133 102 110 109 148 53 
174 6 1
140 89 112 108 58 83 113 55 134 114 
175 1 6
62 68 108 148 133 106 88 74 54 100 
176 1 9
104 61 149 55 116 134 135 58 126 97 
177 7 5
83 79 91 119 95 121 74 108 140 84 
178 7 4
92 96 100 97 98 50 137 105 113 136 
179 1 10
73 95 87 149 95 105 85 80 86 126 
180 10 3
98 125 90 140 112 98 65 54 96 115 
181 2 5
116 88 99 131 127 59 61 50 57 50 
182 10 5
106 84 84 142 60 135 76 60 110 116 
183 1 5
116 66 129 62 83 80 109 149 71 58 
184 4 9
120 146 148 79 146 99 83 54 85 69 
185 10 6
54 125 58 66 144 110 141 110 126 120 
186 6 3
102 134 111 75 94 96 73 64 92 123 
187 6 2
72 130 145 107 149 146 105 105 122 113 
188 5 9
73 65 80 102 87 105 64 91 89 77 
189 8 5
76 92 100 118 66 148 109 140 128 57 
190 9 1
53 105 87 77 120 111 95 95 126 78 
191 8 6
133 113 109 125 93 76 61 119 70 111 
192 10 7
61 99 77 140 106 77 122 61 132 59 
193 10 3
121 86 147 149 114 97 67 50 112 126 
194 6 6
104 136 76 124 149 66 61 113 67 140 
195 6 4
67 127 86 149 136 77 53 59 114 102 
196 2 1
149 128 82 64 104 109 121 58 147 148 
197 3 10
116 95 62 133 85 67 58 54 144 94 
198 6 3
122 108 144 138 61 105 70 112 83 103 
199 7 10
114 98 149 112 148 83 61 114 129 73 
200 8 7
142 57 121 88 101 128 72 125 87 66 
201 6 1
121 86 112 106 91 141 97 55 141 96 
202 10 10
130 80 55 61 55 54 127 147 61 50 
203 6 5
129 108 140 118 76 55 118 100 143 132 
204 7 5
75 104 142 118 50 61 107 82 144 64 
205 4 10
68 71 99 131 123 134 146 54 144 136 
206 3 2
93 142 121 87 77 79 73 102 85 65 
207 2 9
129 80 70 123 147 114 74 65 87 123 
208 8 3
60 143 117 54 81 141 127 124 134 98 
209 2 2
80 137 65 115 104 138 103 83 121 124 
210 9 9
140 133 85 77 106 134 91 116 127 58 
211 4 1
50 50 85 86 51 148 149 81 135 64 
212 7 3
53 52 75 124 78 86 144 68 69 79 
213 8 8
64 88 96 93 149 119 54 101 71 141 
214 8 3
91 136 55 129 102 104 121 57 106 98 
215 4 5
134 77 104 53 107 53 133 121 91 79 
216 7 3
100 120 93 121 63 80 96 105 118 101 
217 7 2
107 107 130 63 55 64 99 140 91 105 
218 6 1
108 130 123 102 59 90 94 61 112 138 
219 6 7
120 131 133 89 134 119 62 92 128 142 
220 8 6
108 59 127 102 114 125 52 73 105 126 
221 6 8
118 121 78 80 109 65 108 80 98 143 
222 2 4
64 135 77 142 79 136 130 138 145 107 
223 1 3
134 144 137 90 72 64 107 140 135 87 
224 4 6
103 133 77 51 127 50 136 93 87 115 
225 9 7
102 118 56 149 127 96 61 112 91 148 
226 5 4
62 61 56 100 50 81 97 55 64 76 
227 8 4
76 95 137 65 61 125 131 65 145 138 
228 5 5
136 76 136 77 126 142 93 91 53 51 
229 2 7
82 88 111 96 66 70 140 144 116 79 
230 10 8
106 140 142 101 80 108 125 67 134 64 
231 7 4
56 141 104 112 142 147 120 74 137 81 
232 4 4
102 115 147 120 144 108 149 52 98 93 
233 6 2
51 82 50 88 96 146 101 55 90 107 
234 10 3
56 139 59 143 122 134 98 126 99 147 
235 7 6
105 95 147 105 138 52 136 140 136 136 
236 9 4
85 81 140 77 138 111 109 144 100 70 
237 10 3
54 89 101 55 86 147 50 141 93 99 
238 9 4
53 87 123 140 73 103 125 60 134 67 
239 8 5
128 99 120 130 71 59 104 128 98 55 
240 4 7
53 86 129 148 87 128 131 91 65 57 
241 4 1
110 60 103 147 77 140 71 107 141 142 
242 8 4
103 141 141 104 147 76 140 102 112 120 
243 1 1
98 81 143 65 88 78 55 101 88 108 
244 9 8
51 71 76 142 115 113 107 69 104 50 
245 4 4
77 65 105 91 135 55 143 135 139 136 
246 1 8
116 56 128 54 66 128 123 67 50 149 
247 3 6
64 69 86 71 122 111 74 149 127 82 
248 3 5
87 136 50 128 74 50 56 141 108 86 
249 8 8
117 71 94 117 122 108 134 137 80 123 
250 9 3
84 134 103 113 66 95 80 56 81 80 
251 5 7
132 92 149 143 81 96 70 148 117 66 
252 6 3
125 51 129 107 124 89 109 111 73 62 
253 7 3
59 56 148 143 86 84 99 121 127 50 
254 5 9
96 86 56 116 102 73 108 129 74 139 
255 7 2
130 97 62 53 61 138 97 71 97 147 
256 5 6
82 65 56 111 65 72 119 111 60 77 
257 10 6
52 87 144 76 128 133 79 108 80 91 
258 5 3
132 111 65 131 109 79 66 93 146 125 
259 5 4
147 75 74 58 102 54 125 104 143 119 
260 3 5
54 112 132 137 105 98 131 139 112 146 
261 1 4
127 89 66 123 64 122 86 61 147 62 
262 2 10
118 96 105 64 118 89 88 74 51 122 
263 2 10
71 142 148 85 90 71 58 67 110 126 
264 1 5
98 128 87 95 141 111 96 61 109 51 
265 6 10
142 113 54 144 138 117 53 111 110 103 
266 7 3
76 54 120 136 82 62 110 130 141 100 
267 8 5
61 73 95 120 126 121 100 118 136 56 
268 5 5
123 119 85 135 73 81 88 99 137 110 
269 9 2
122 50 101 113 100 130 147 63 53 93 
270 5 2
116 136 102 102 94 116 129 67 86 116 
271 6 2
100 95 62 87 55 102 111 127 103 114 
272 2 6
95 140 119 50 135 103 82 53 141 86 
273 9 6
52 137 54 140 103 109 103 53 54 68 
274 4 10
120 104 89 125 120 82 81 65 72 50 
275 7 1
55 50 113 146 86 121 133 140 108 137 
276 4 5
97 88 69 53 58 114 115 81 68 54 
277 7 2
86 87 106 60 139 74 72 144 126 136 
278 1 3
107 123 105 118 111 90 134 110 80 53 
279 6 10
118 130 120 88 86 78 129 74 68 138 
280 8 8
62 59 52 139 145 142 103 55 68 110 
281 6 2
102 59 93 133 114 108 124 134 141 146 
282 6 8
74 56 54 92 144 141 100 109 50 54 
283 9 9
98 103 55 116 116 132 99 68 93 142 
284 4 8
53 77 94 144 125 69 123 50 75 127 
285 5 3
70 146 81 123 50 81 123 99 86 128 
286 8 3
110 67 123 53 111 76 112 66 104 108 
287 1 2
127 86 83 105 115 78 129 88 126 112 
288 2 8
143 134 128 131 64 95 134 76 64 107 
289 10 9
85 93 94 139 52 57 73 81 145 106 
290 9 1
134 67 148 63 129 111 92 74 95 70 
291 7 2
67 92 87 134 149 68 62 84 112 58 
292 7 7
65 101 97 60 57 136 73 94 105 71 
293 8 6
85 149 109 130 121 67 142 138 109 79 
294 5 1
50 86 147 112 95 75 128 62 126 127 
295 6 4
65 148 129 121 121 86 108 56 85 119 
296 10 7
137 133 97 148 114 121 111 114 110 108 
297 7 8
85 106 119 61 136 94 96 51 144 76 
298 5 7
64 84 74 100 54 113 58 93 96 57 
299 4 2
129 104 125 141 62 104 98 149 60 119 
300 3 9
116 59 52 110 137 76 128 51 63 53 
301 4 8
68 114 62 115 121 55 78 52 110 53 
302 4 5
107 143 74 70 113 136 118 131 97 72 
303 2 7
99 122 138 112 125 93 81 143 57 93 
304 1 2
50 88 135 62 144 129 87 101 74 63 
305 4 10
101 94 70 149 116 112 135 117 136 75 
306 2 2
71 62 56 130 57 67 61 110 57 99 
307 3 2
130 111 55 54 124 78 94 76 74 114 
308 8 2
128 64 108 114 142 142 127 63 54 134 
309 6 5
103 59 126 62 108 98 64 88 60 69 
310 3 7
149 88 112 74 53 141 117 83 56 127 
311 1 1
119 77 65 76 113 110 140 118 119 116 
312 2 10
116 145 67 78 116 62 115 115 52 77 
313 2 8
121 58 141 79 136 91 129 105 70 144 
314 2 5
56 73 102 78 91 83 57 58 130 127 
315 7 9
91 51 114 93 131 55 51 54 116 94 
316 4 3
135 62 109 55 108 91 91 114 114 144 
317 3 9
129 102 116 62 131 104 60 72 58 76 
318 8 2
134 68 95 100 112 128 104 149 92 63 
319 6 3
104 96 66 121 142 111 79 74 115 97 
320 7 7
103 148 118 111 75 135 104 59 106 149 
321 2 9
79 115 120 73 128 125 125 135 123 94 
322 7 9
107 87 92 72 86 80 70 139 78 90 
323 4 6
127 107 116 83 59 79 54 88 144 124 
324 5 6
51 91 112 76 135 120 94 144 57 88 
325 7 6
118 86 134 99 78 137 56 56 147 75 
326 10 7
104 145 146 51 71 60 128 72 102 90 
327 10 10
60 95 134 119 134 102 114 54 91 50 
328 6 10
90 114 125 87 139 117 145 145 112 141 
329 7 5
104 124 108 56 116 109 97 126 55 81 
330 8 2
86 111 147 127 64 105 96 104 69 124 
331 4 1
143 88 57 105 131 54 141 85 80 52 
332 4 10
111 91 127 68 74 125 61 110 138 111 
333 8 3
66 86 58 137 112 101 149 105 91 56 
334 3 4
112 56 108 95 58 102 144 71 95 121 
335 3 10
148 105 80 137 66 69 91 134 105 52 
336 4 10
103 124 74 97 131 137 120 145 143 130 
337 3 2
134 136 124 79 60 116 149 110 72 131 
338 8 1
50 91 125 58 93 148 127 98 123 104 
339 6 7
91 67 103 84 100 96 137 84 134 63 
340 7 7
130 117 57 104 98 56 94 50 97 69 
341 1 3
120 88 141 145 142 88 103 135 106 108 
342 2 7
106 60 142 91 73 58 89 105 77 96 
343 10 6
55 56 78 102 127 138 145 97 76 88 
344 5 1
126 149 57 134 108 128 140 64 138 85 
345 8 5
145 97 69 73 95 131 148 100 137 76 
346 6 5
117 52 114 95 90 108 66 118 60 125 
347 4 9
104 145 84 144 80 92 60 76 91 80 
348 2 7
61 101 139 100 80 146 64 147 100 80 
349 3 3
139 60 60 149 136 113 69 142 61 103 
350 7 2
97 147 69 138 129 122 77 92 74 118 
351 3 5
114 108 101 64 139 143 58 80 106 68 
352 2 3
84 102 84 95 55 70 88 103 119 60 
353 4 1
132 122 92 108 90 136 62 106 147 65 
354 3 7
111 80 118 67 99 51 109 133 103 95 
355 1 9
67 120 113 137 130 59 137 65 131 132 
356 4 3
118 88 128 67 103 51 53 116 133 73 
357 4 3
74 144 117 127 89 149 138 107 120 53 
358 7 3
62 85 67 144 119 93 66 88 131 96 
359 8 7
149 113 55 133 136 90 117 61 85 85 
360 1 7
84 130 85 106 134 81 109 146 69 78 
361 1 9
121 108 76 54 107 136 93 106 99 98 
362 2 6
138 109 148 125 144 141 52 130 121 87 
363 10 6
71 98 102 90 126 144 78 50 103 57 
364 5 1
143 149 68 92 97 60 127 138 119 78 
365 4 6
69 115 97 140 105 86 96 126 86 100 
366 7 6
94 94 115 99 101 71 61 146 71 132 
367 9 1
142 118 58 63 146 122 130 117 139 77 
368 8 5
66 105 122 54 107 138 71 104 135 136 
369 6 9
110 117 135 83 99 125 103 143 93 112 
370 9 2
136 88 108 125 67 118 122 83 125 94 
371 1 4
135 61 89 72 100 144 60 112 63 97 
372 6 5
125 98 57 120 112 115 112 98 53 122 
373 7 4
90 98 108 118 94 98 103 79 62 142 
374 2 3
136 64 126 50 63 121 64 138 121 124 
375 10 7
89 123 136 145 95 112 118 88 112 128 
376 7 8
77 109 86 89 101 138 103 139 104 79 
377 10 8
102 106 106 125 80 117 111 71 90 98 
378 9 6
112 86 73 75 65 131 82 144 90 70 
379 6 4
110 140 83 64 121 124 132 125 80 140 
380 1 1
107 62 132 147 62 100 84 124 89 108 
381 2 7
89 85 102 82 106 87 77 66 129 110 
382 4 1
85 67 75 67 57 77 128 66 89 62 
383 4 4
64 149 80 55 107 131 113 99 119 65 
384 4 6
54 110 143 133 123 78 135 110 95 112 
385 8 5
140 57 122 131 121 87 87 136 87 117 
386 4 5
50 57 145 119 124 130 96 129 91 142 
387 5 7
70 102 76 68 116 53 124 106 113 97 
388 1 5
134 77 122 71 96 66 118 96 73 113 
389 9 8
146 116 78 87 108 145 105 81 97 131 
390 2 4
86 125 72 149 72 62 136 57 141 108 
391 1 8
124 98 85 99 114 105 149 110 124 129 
392 10 3
124 54 65 123 87 66 89 123 142 111 
393 6 7
75 113 75 66 71 56 55 98 56 142 
394 10 1
50 50 132 124 130 133 108 56 137 124 
395 1 7
140 69 52 84 82 129 51 107 92 76 
396 6 6
82 132 113 89 76 115 111 76 115 94 
397 3 8
129 61 54 69 87 86 145 77 57 147 
398 5 10
78 117 98 120 143 123 136 128 57 51 
399 10 4
116 132 62 134 128 114 131 108 77 87 
400 8 5
123 122 94 130 72 108 121 100 75 69 
401 4 1
94 61 98 101 62 119 87 81 102 99 
402 6 1
115 98 138 143 136 115 59 61 140 103 
403 5 5
113 65 116 138 85 89 61 129 100 61 
404 4 6
131 70 148 135 71 63 65 88 63 106 
405 4 10
123 143 113 113 148 57 77 112 72 96 
406 3 8
135 63 139 138 75 74 105 108 146 103 
407 4 8
116 108 57 81 116 141 81 90 86 144 
408 6 5
51 133 146 125 79 101 83 116 114 124 
409 7 2
148 111 149 144 64 144 113 82 55 72 
410 5 2
115 97 61 51 143 117 138 144 52 134 
411 2 4
85 56 51 102 130 58 143 80 119 95 
412 7 5
89 141 118 94 64 82 66 129 129 129 
413 4 3
96 71 68 50 55 90 85 143 148 87 
414 8 10
95 92 111 116 137 88 52 129 131 121 
415 4 6
53 141 77 85 73 110 109 71 131 80 
416 3 9
72 107 81 70 144 130 101 141 73 63 
417 9 3
53 110 91 134 81 67 82 137 110 109 
418 5 4
69 83 55 102 65 129 140 87 86 124 
419 1 4
104 111 76 79 76 134 142 131 95 83 
420 9 9
52 100 117 113 111 91 96 82 77 53 
421 5 3
132 124 82 121 50 92 56 105 105 82 
422 5 5
67 126 65 64 112 135 144 114 137 112 
423 10 9
53 76 82 132 131 118 127 114 93 59 
424 6 6
53 143 100 60 75 137 94 144 65 62 
425 9 8
147 105 144 135 67 123 135 122 101 68 
426 6 4
136 82 99 131 143 86 127 146 79 129 
427 9 5
116 53 51 132 65 111 61 62 66 107 
428 10 4
133 85 108 84 55 115 69 141 99 118 
429 6 3
106 52 140 135 83 98 142 50 53 143 
430 5 9
104 95 133 121 105 82 106 88 69 116 
431 5 5
81 146 118 130 66 143 124 123 97 66 
432 9 1
115 52 82 118 145 116 89 52 114 124 
433 6 10
108 131 59 128 50 83 104 81 79 72 
434 5 7
117 140 121 116 57 79 97 74 82 129 
435 5 10
148 133 131 112 59 56 83 118 90 92 
436 9 1
77 102 73 59 77 89 57 96 132 128 
437 4 10
57 62 63 141 93 59 121 91 95 54 
438 6 5
61 90 72 53 132 122 145 112 127 68 
439 2 7
60 128 52 142 58 117 83 117 81 148 
440 10 6
57 132 118 102 136 126 57 99 66 131 
441 3 2
104 149 63 133 68 86 89 130 116 143 
442 3 5
111 107 91 94 105 50 69 112 84 90 
443 6 4
66 124 72 82 105 77 133 111 76 146 
444 5 7
134 85 78 100 79 102 74 92 59 116 
445 7 5
68 108 77 103 148 144 76 64 118 50 
446 9 4
129 132 87 108 80 83 56 65 119 85 
447 6 1
137 140 94 147 58 80 63 76 138 90 
448 2 9
84 59 102 52 60 53 128 91 135 117 
449 10 6
50 108 132 71 143 98 121 82 140 117 
450 10 9
148 93 126 88 85 58 79 72 67 83 
451 7 10
86 104 71 71 123 122 139 124 132 121 
452 8 6
121 121 58 63 88 139 61 86 134 90 
453 8 3
98 106 144 67 139 120 147 76 127 120 
454 10 1
144 138 74 127 62 74 54 85 145 114 
455 10 4
104 62 120 140 102 99 112 102 55 58 
456 1 7
129 117 74 106 139 74 108 133 114 85 
457 3 9
109 67 114 104 131 115 137 137 79 59 
458 1 3
108 94 84 65 103 106 64 82 125 88 
459 1 5
64 148 98 129 135 62 57 94 79 73 
460 9 4
90 88 52 120 97 82 54 108 127 140 
461 4 1
97 137 64 72 128 56 137 142 106 137 
462 2 3
149 81 88 79 56 87 94 97 77 96 
463 8 5
129 71 82 58 61 108 140 60 147 106 
464 4 6
112 122 118 120 109 141 114 108 124 53 
465 10 4
142 133 130 69 132 99 143 111 72 128 
466 2 6
86 61 146 83 117 131 111 131 103 131 
467 4 3
74 118 72 149 73 112 82 65 147 114 
468 5 10
63 129 142 137 59 63 74 95 74 70 
469 2 4
103 94 126 56 75 130 120 99 98 143 
470 1 2
57 134 88 106 98 122 86 63 53 130 
471 3 4
144 127 60 120 99 143 64 53 87 92 
472 10 5
72 82 66 120 75 118 143 82 103 81 
473 9 4
105 126 117 61 107 69 74 53 98 136 
474 4 9
82 89 51 119 132 112 86 106 144 54 
475 8 10
122 122 53 75 106 94 129 61 122 148 
476 3 2
119 148 134 68 87 60 66 119 99 67 
477 1 4
129 128 90 76 132 69 95 105 93 51 
478 1 10
147 61 113 119 59 87 101 129 86 85 
479 10 6
95 115 96 97 84 86 132 115 117 124 
480 2 10
143 139 54 139 140 87 138 89 50 101 
481 9 3
139 61 143 127 97 92 104 94 57 50 
482 4 4
138 128 108 105 102 100 107 148 141 63 
483 8 4
52 77 122 53 129 130 115 70 94 60 
484 8 4
102 53 137 61 53 133 54 93 111 64 
485 2 6
114 58 113 57 71 52 90 74 80 62 
486 10 10
95 146 131 139 56 80 82 108 83 121 
487 2 7
56 127 81 117 141 132 135 58 140 98 
488 6 5
101 106 90 83 118 69 92 115 65 73 
489 5 2
55 88 81 88 60 54 76 118 131 107 
490 7 3
90 123 130 132 71 146 96 74 102 136 
491 8 3
55 101 88 122 76 94 95 81 85 78 
492 10 8
82 97 115 63 55 103 136 147 76 68 
493 10 1
64 76 74 68 114 84 141 120 87 131 
494 5 7
127 90 149 62 118 71 59 103 118 125 
495 7 4
78 54 120 57 73 100 57 139 78 133 
496 9 3
119 149 64 57 82 59 73 59 51 124 
497 3 2
145 81 124 114 108 143 87 89 99 110 
498 7 3
112 103 64 92 86 72 84 56 123 51 
499 6 6
112 90 64 113 64 138 86 60 70 113 

