500 10 24876
0 2 84
99 101 98 102 100 98 103 100 99 99 
1 15 65
98 99 97 96 96 104 102 99 103 104 
2 74 19
97 97 95 95 95 98 99 101 104 104 
3 95 25
98 97 96 104 101 100 99 96 97 103 
4 73 44
102 104 102 102 96 97 101 100 99 101 
5 17 38
96 97 98 96 96 104 102 101 96 104 
6 7 91
101 97 98 103 95 101 98 104 102 97 
7 68 61
100 100 101 96 98 99 95 99 103 101 
8 78 40
100 100 101 104 101 99 96 97 101 99 
9 94 79
97 101 102 97 96 101 99 101 96 95 
10 80 65
101 95 96 99 101 103 99 98 100 97 
11 63 84
101 100 103 99 95 96 97 99 104 104 
12 87 21
101 96 101 104 98 103 101 95 103 102 
13 65 27
102 95 104 100 99 99 103 97 104 101 
14 37 82
104 103 101 104 103 97 104 101 100 103 
15 96 30
101 98 96 101 97 100 97 95 103 98 
16 48 25
104 100 102 104 97 98 95 96 97 103 
17 43 43
96 99 95 103 99 102 102 95 96 103 
18 59 64
101 97 100 101 100 97 95 100 95 102 
19 47 55
96 103 100 100 102 95 104 95 99 104 
20 59 69
103 103 95 96 101 103 100 99 97 97 
21 41 68
102 96 99 102 103 95 96 96 96 103 
22 89 79
103 102 103 99 103 103 97 102 101 99 
23 49 34
99 100 104 101 103 95 101 100 96 95 
24 85 42
98 100 100 99 98 98 97 99 96 97 
25 49 100
97 98 101 104 102 102 99 97 97 98 
26 19 3
98 101 104 101 102 98 95 95 103 100 
27 57 15
103 95 103 104 99 103 96 101 96 104 
28 86 50
101 96 98 96 100 98 100 95 95 100 
29 50 100
103 104 96 104 99 102 100 99 104 98 
30 27 44
98 102 104 100 103 102 101 100 103 96 
31 49 96
99 98 101 101 103 100 100 104 101 101 
32 1 81
98 100 99 97 95 97 102 98 104 102 
33 51 69
101 103 100 99 104 100 97 99 103 103 
34 61 50
100 101 95 96 99 97 98 95 104 104 
35 23 72
97 97 99 98 96 102 96 102 100 103 
36 64 96
100 100 96 101 98 96 102 95 104 102 
37 72 55
96 99 99 95 99 103 96 103 95 102 
38 82 24
99 98 95 97 98 99 104 104 96 95 
39 58 28
98 99 102 98 96 96 104 99 100 100 
40 75 22
98 100 104 101 99 96 96 96 101 97 
41 34 22
103 97 97 104 99 104 101 102 98 101 
42 91 7
102 96 95 99 101 99 101 97 96 102 
43 1 9
95 96 104 101 100 99 95 98 103 97 
44 36 63
97 96 104 102 104 97 99 101 98 99 
45 42 73
96 104 101 99 103 101 97 104 104 98 
46 58 6
102 102 103 100 95 100 104 99 102 104 
47 4 99
98 102 100 103 99 103 95 102 104 101 
48 32 78
99 101 103 99 104 101 96 102 98 96 
49 55 26
102 99 96 101 100 100 99 103 97 96 
50 79 49
96 104 100 95 102 104 95 99 100 103 
51 11 25
101 96 98 97 99 95 102 96 99 96 
52 8 52
101 99 96 95 100 104 104 102 95 101 
53 20 41
100 96 99 95 97 101 102 103 104 95 
54 81 4
95 95 100 101 96 99 102 102 103 95 
55 40 47
95 103 100 97 102 99 97 97 103 103 
56 36 51
101 97 103 100 97 104 104 100 104 101 
57 2 31
95 96 104 104 96 103 100 98 104 95 
58 37 27
101 95 95 99 104 100 99 100 102 100 
59 84 43
101 97 102 100 103 95 102 95 98 103 
60 40 28
103 101 95 102 103 103 100 102 104 103 
61 24 11
98 103 102 98 100 95 100 96 99 99 
62 39 65
101 102 100 95 100 101 102 98 98 104 
63 64 54
103 95 97 104 103 101 104 99 101 103 
64 100 52
96 99 97 102 95 97 97 101 104 102 
65 97 45
98 100 104 103 100 99 99 98 102 101 
66 65 88
97 100 96 95 98 97 96 101 101 100 
67 75 9
102 103 100 101 100 98 97 95 104 99 
68 92 7
95 102 96 102 98 100 100 103 95 103 
69 39 46
96 97 99 104 102 103 95 102 101 100 
70 64 44
95 103 100 96 97 103 102 99 100 103 
71 23 82
100 104 104 100 104 104 98 97 98 102 
72 65 82
102 99 103 100 104 98 95 96 96 100 
73 14 66
101 95 95 96 96 99 97 101 100 98 
74 65 15
100 104 102 103 101 98 96 100 102 96 
75 13 99
102 97 104 95 104 97 101 100 100 103 
76 78 97
97 96 99 102 100 103 98 97 102 97 
77 1 16
100 99 97 97 100 99 97 97 101 97 
78 24 99
99 96 98 96 96 97 102 100 101 97 
79 35 54
97 102 100 95 95 102 102 102 96 95 
80 43 58
99 99 96 98 101 101 96 98 102 101 
81 35 79
96 99 98 102 103 104 95 95 102 100 
82 13 20
97 95 103 101 95 95 98 99 100 101 
83 8 54
98 103 103 97 102 100 98 103 96 103 
84 96 40
103 102 104 100 99 97 101 103 99 99 
85 55 5
102 104 103 99 101 101 102 104 101 103 
86 24 56
98 101 98 99 102 95 100 100 104 101 
87 33 84
95 103 97 99 99 103 103 96 103 102 
88 86 35
100 100 100 98 98 95 104 103 102 99 
89 75 45
102 104 96 103 102 98 97 103 98 101 
90 93 28
101 96 96 99 95 103 95 100 98 100 
91 1 89
101 96 103 100 103 99 96 102 100 97 
92 26 94
102 102 96 95 100 98 104 97 99 97 
93 79 65
96 104 96 101 99 99 100 97 100 100 
94 80 64
95 95 95 100 97 101 103 96 100 96 
95 72 94
100 98 102 96 100 100 103 101 99 104 
96 44 72
98 95 98 96 102 98 101 102 100 104 
97 36 81
102 100 96 99 102 98 102 99 103 99 
98 46 54
97 98 97 101 100 102 102 95 102 98 
99 62 37
103 103 99 98 104 96 98 101 103 102 
100 81 56
97 95 104 95 101 100 98 103 95 102 
101 36 66
99 99 101 98 104 104 95 102 104 101 
102 34 69
102 103 99 100 100 102 98 102 102 97 
103 100 24
104 98 97 97 97 104 102 102 100 100 
104 61 16
102 95 99 101 101 104 102 98 95 98 
105 62 96
95 99 100 104 103 99 98 103 104 102 
106 3 33
103 104 104 98 102 96 95 101 97 102 
107 73 99
101 96 99 101 100 102 99 102 96 104 
108 28 20
100 97 104 100 104 96 104 102 98 95 
109 3 53
96 98 103 100 95 97 99 101 99 95 
110 16 42
102 104 103 95 95 102 96 100 104 98 
111 73 61
101 96 104 96 98 97 98 100 100 98 
112 13 56
101 103 98 97 103 103 100 102 104 100 
113 98 10
98 96 100 99 99 102 100 95 96 99 
114 33 55
101 102 96 98 96 99 103 104 97 99 
115 4 14
97 103 95 99 98 95 98 103 98 103 
116 14 78
103 95 104 104 101 98 100 100 96 102 
117 69 15
98 104 98 102 98 101 95 102 101 98 
118 84 70
100 102 103 103 100 98 102 98 100 101 
119 75 62
97 95 103 98 104 102 104 99 103 97 
120 32 54
95 99 97 101 102 101 102 99 98 102 
121 93 1
95 104 99 100 102 95 104 104 97 102 
122 75 54
101 98 102 99 102 96 104 104 100 97 
123 38 35
95 100 103 98 97 97 98 100 96 104 
124 43 21
97 98 95 99 96 101 103 104 95 102 
125 7 80
103 100 104 98 104 101 104 104 96 102 
126 3 7
104 103 98 97 104 102 98 96 96 100 
127 29 95
96 101 98 98 98 104 98 97 102 97 
128 68 7
103 102 101 97 101 95 95 101 95 100 
129 11 81
97 98 98 98 95 96 104 97 102 100 
130 16 64
101 103 102 98 97 99 97 98 98 95 
131 6 81
95 102 103 96 97 103 98 101 97 101 
132 3 95
103 96 101 102 101 99 95 98 99 102 
133 19 68
99 95 95 102 95 102 102 98 101 100 
134 17 59
101 104 99 95 102 103 99 100 95 96 
135 96 99
100 100 96 104 100 97 103 104 97 103 
136 17 46
102 101 103 98 96 101 96 104 100 103 
137 20 95
101 99 95 103 100 102 102 97 97 95 
138 54 100
97 97 103 102 95 102 99 95 98 99 
139 14 57
95 102 101 100 100 100 104 98 104 96 
140 95 77
95 96 103 100 96 97 99 101 101 98 
141 26 19
97 104 103 100 100 97 96 100 104 104 
142 63 17
100 98 96 101 102 100 98 102 101 98 
143 13 41
102 102 103 98 97 100 97 99 101 95 
144 82 42
97 99 101 98 99 103 96 96 96 98 
145 80 79
103 97 101 102 103 95 104 100 102 104 
146 80 92
99 96 102 95 96 95 96 101 100 104 
147 22 72
102 98 99 95 101 98 104 101 101 102 
148 46 87
102 101 96 102 100 95 95 96 96 103 
149 82 6
103 99 96 100 100 99 101 97 102 95 
150 26 6
99 101 99 97 98 104 103 97 101 104 
151 52 64
97 97 100 98 97 103 103 97 100 96 
152 39 91
103 101 100 100 104 95 96 98 101 100 
153 68 62
101 102 100 99 103 102 103 95 104 100 
154 7 34
98 101 100 95 95 98 96 103 97 103 
155 14 12
103 101 101 101 98 98 104 97 97 99 
156 47 83
96 101 100 97 96 96 100 102 104 96 
157 88 10
101 103 102 103 101 98 96 101 96 102 
158 65 8
97 98 104 99 103 102 104 96 101 99 
159 35 18
100 104 99 99 97 99 101 96 97 100 
160 10 72
103 96 104 97 95 99 96 98 104 97 
161 48 70
104 101 96 100 95 100 100 102 101 96 
162 55 80
100 95 95 95 100 96 96 101 99 97 
163 49 16
103 104 103 103 96 102 102 97 101 103 
164 11 79
100 100 103 97 103 97 98 99 99 98 
165 5 10
101 102 102 98 96 102 103 95 103 103 
166 61 2
102 102 99 98 103 101 99 98 98 97 
167 88 32
99 95 100 103 100 96 104 97 95 102 
168 88 53
101 100 97 100 100 97 101 97 96 97 
169 79 10
103 97 100 96 99 97 100 95 100 95 
170 11 51
99 96 99 99 95 96 101 102 103 95 
171 73 74
97 103 103 101 96 103 100 96 95 97 
172 74 27
102 103 103 97 95 95 99 101 96 104 
173 4 45
95 104 96 96 97 100 99 101 98 99 
174 13 77
97 95 95 99 97 98 97 104 98 97 
175 54 76
97 103 99 101 102 102 95 104 103 96 
176 41 11
101 102 102 96 96 96 95 101 96 95 
177 3 95
100 100 100 95 104 104 102 97 102 96 
178 19 47
95 103 100 104 96 101 96 104 100 95 
179 23 57
97 97 99 98 99 102 102 104 99 100 
180 12 34
99 104 102 98 97 100 104 100 100 101 
181 45 29
99 102 102 104 103 97 103 97 99 97 
182 76 20
96 100 95 102 95 99 98 101 100 95 
183 30 68
103 95 97 100 101 103 99 96 103 98 
184 21 17
100 95 95 97 98 102 98 101 97 100 
185 85 85
104 102 97 99 104 96 99 102 98 103 
186 84 41
102 104 96 100 99 98 98 97 99 100 
187 5 50
97 104 102 102 99 98 96 99 97 101 
188 91 23
104 99 96 98 98 101 98 97 100 101 
189 58 73
96 97 99 102 102 95 103 96 104 101 
190 89 54
96 95 104 99 103 95 103 102 99 104 
191 51 18
101 100 96 98 96 95 100 100 97 96 
192 65 12
96 98 98 95 96 98 99 97 100 98 
193 69 4
98 101 96 95 103 96 104 101 102 96 
194 72 31
96 104 102 101 95 97 104 97 100 99 
195 85 29
103 103 95 98 99 104 102 104 102 103 
196 12 48
96 96 100 95 97 102 96 100 101 95 
197 14 89
97 98 95 104 102 100 102 102 100 95 
198 52 12
104 103 96 103 103 97 103 104 100 98 
199 91 10
95 98 100 103 100 95 102 103 98 104 
200 90 24
101 102 95 97 102 98 98 103 98 101 
201 9 12
96 101 98 101 95 100 101 97 95 98 
202 22 36
98 103 100 104 104 100 97 101 99 99 
203 49 72
95 98 96 98 97 96 102 98 103 95 
204 92 59
102 102 95 102 97 98 97 101 98 95 
205 78 14
100 96 104 104 100 104 97 102 99 100 
206 2 47
101 103 96 99 95 98 99 104 97 102 
207 27 36
95 95 98 99 95 95 102 100 96 103 
208 7 79
102 95 101 98 100 104 95 97 104 98 
209 19 2
101 98 95 96 95 101 103 97 103 96 
210 77 92
98 100 103 101 98 100 101 97 100 99 
211 97 4
98 103 100 97 98 98 100 95 103 100 
212 84 91
98 96 98 97 97 96 98 102 102 96 
213 34 3
103 104 102 101 99 100 104 104 100 99 
214 15 69
104 104 95 95 100 98 95 95 99 100 
215 3 99
102 102 100 101 96 95 95 104 97 104 
216 58 19
99 101 102 96 95 98 95 97 98 97 
217 53 91
101 99 95 97 95 100 96 104 99 103 
218 18 16
96 102 102 98 102 99 98 98 96 95 
219 6 24
99 102 102 104 104 96 104 100 101 96 
220 81 89
101 98 104 96 96 101 103 99 98 100 
221 20 13
97 97 103 100 98 98 95 104 95 103 
222 91 12
104 96 104 102 97 104 102 104 97 101 
223 13 76
97 95 95 103 103 104 97 95 97 95 
224 8 58
98 102 103 100 100 103 104 102 104 103 
225 35 64
102 97 97 104 95 99 101 98 102 101 
226 14 16
103 100 102 95 101 99 104 96 96 102 
227 50 30
102 103 101 103 101 97 96 100 101 101 
228 97 48
97 97 95 104 104 98 101 104 95 98 
229 100 9
104 95 95 98 104 96 97 101 104 95 
230 27 68
97 104 97 104 100 103 103 95 95 103 
231 62 62
98 103 95 100 98 96 99 98 96 101 
232 39 11
102 95 103 101 95 101 98 99 101 100 
233 66 14
100 98 98 100 98 102 104 103 100 104 
234 25 81
96 95 100 99 101 98 100 98 98 100 
235 52 76
97 99 97 95 96 104 98 101 98 104 
236 74 19
101 97 104 98 97 100 98 100 100 104 
237 100 42
97 101 101 103 97 102 100 101 98 104 
238 57 95
104 96 97 97 95 102 97 101 95 96 
239 42 55
101 100 96 96 101 95 99 95 104 97 
240 99 52
104 101 104 99 100 100 95 99 101 97 
241 19 70
97 96 102 97 97 104 103 96 99 104 
242 95 33
96 104 97 95 98 98 98 98 104 99 
243 48 57
104 95 98 103 97 96 102 101 99 99 
244 59 70
98 103 95 104 104 99 96 96 100 101 
245 64 70
104 104 99 95 98 98 101 100 98 104 
246 86 29
98 97 99 102 103 100 101 99 98 101 
247 16 44
98 104 101 103 100 96 104 101 97 98 
248 7 39
104 99 98 97 99 95 95 104 97 102 
249 67 13
97 100 101 102 96 97 97 101 98 103 
250 96 89
97 101 99 99 95 95 97 104 101 102 
251 14 13
102 101 96 96 98 103 99 102 98 97 
252 27 77
99 104 98 104 104 95 102 96 103 98 
253 69 49
100 95 104 97 103 100 99 102 96 101 
254 50 87
101 98 100 96 100 96 104 97 95 99 
255 62 13
101 96 100 100 99 98 100 95 101 100 
256 23 47
97 103 98 98 99 97 96 97 102 101 
257 86 16
104 100 104 95 96 97 99 103 98 104 
258 14 21
98 103 95 104 100 99 100 102 99 95 
259 83 72
98 100 98 97 98 104 102 98 101 101 
260 84 78
104 104 100 99 103 95 99 98 104 101 
261 75 47
95 96 101 102 97 95 103 102 101 96 
262 60 100
97 102 97 95 100 102 103 101 103 100 
263 2 88
101 100 97 102 97 102 100 99 103 96 
264 32 73
99 96 104 95 98 104 96 102 103 101 
265 99 94
100 101 97 99 98 98 98 96 95 100 
266 71 45
97 101 104 98 104 97 100 98 99 102 
267 46 60
101 104 101 101 100 99 104 97 97 98 
268 67 29
101 104 104 102 100 95 96 104 103 97 
269 75 20
102 97 100 98 104 95 97 102 96 95 
270 44 7
102 99 96 96 103 102 104 99 104 96 
271 44 67
98 102 102 98 104 97 97 103 101 102 
272 12 36
95 100 97 96 103 100 95 100 104 96 
273 19 100
95 103 101 104 96 104 100 99 101 98 
274 8 59
102 96 103 98 104 97 95 96 102 97 
275 23 66
104 99 97 95 102 96 95 103 96 101 
276 88 73
102 100 103 101 95 102 101 102 103 99 
277 51 60
101 95 95 99 99 100 96 100 96 99 
278 46 60
100 102 102 101 100 101 95 98 96 103 
279 10 42
100 100 95 100 96 97 100 103 99 102 
280 35 61
99 102 100 101 96 96 100 103 95 99 
281 27 37
97 101 104 99 101 95 102 98 100 95 
282 20 7
97 101 101 102 98 95 102 103 103 100 
283 87 22
103 98 97 103 102 95 99 104 104 100 
284 16 6
100 100 104 97 100 103 96 104 101 102 
285 89 90
95 103 104 103 98 102 96 96 95 98 
286 22 70
101 101 104 100 98 101 95 104 98 96 
287 94 31
96 99 95 102 97 103 102 97 103 103 
288 43 42
101 100 99 101 96 101 101 102 99 102 
289 53 48
100 97 103 104 99 97 96 102 101 96 
290 46 51
97 99 99 95 97 101 99 103 97 103 
291 68 86
101 100 97 95 99 99 95 96 103 103 
292 91 35
97 99 97 96 100 102 96 104 96 101 
293 93 96
99 103 101 103 101 100 98 100 95 100 
294 56 37
96 102 102 97 103 95 101 95 99 95 
295 2 82
102 100 96 95 98 100 103 102 98 99 
296 99 92
104 96 101 96 104 99 102 97 96 99 
297 45 40
99 96 97 95 96 100 97 96 95 100 
298 44 86
95 96 100 98 102 98 101 103 101 100 
299 90 16
104 103 103 97 100 97 99 96 100 103 
300 53 58
98 99 95 101 104 98 96 96 102 101 
301 85 77
96 97 100 103 102 101 98 103 102 98 
302 82 83
101 102 98 98 100 102 95 103 96 97 
303 25 33
103 103 98 102 101 104 98 103 97 95 
304 57 50
102 96 95 99 100 96 103 98 95 98 
305 97 96
96 104 100 97 96 97 102 104 95 95 
306 17 7
97 97 101 99 97 97 100 104 99 100 
307 36 100
103 100 99 103 104 95 98 95 104 96 
308 55 52
98 96 97 100 99 96 96 101 98 95 
309 63 66
97 102 102 103 100 99 104 100 95 98 
310 65 92
99 104 96 98 95 102 101 100 96 96 
311 91 66
97 99 98 102 99 100 99 103 99 96 
312 38 60
103 103 100 95 97 96 96 103 97 99 
313 84 94
96 97 103 99 98 96 104 100 100 97 
314 73 70
104 101 102 99 95 101 98 95 100 95 
315 31 50
98 98 104 101 104 97 96 97 99 96 
316 58 10
97 101 99 102 96 103 103 95 100 103 
317 45 68
99 95 102 96 97 104 97 101 99 98 
318 65 64
103 100 100 97 101 99 97 96 98 103 
319 41 25
102 104 101 99 102 98 98 98 98 95 
320 58 48
96 96 100 102 100 104 95 98 101 102 
321 58 66
97 96 101 100 97 101 96 104 102 104 
322 56 65
97 103 95 102 95 104 100 98 95 97 
323 91 88
99 97 97 95 104 95 100 98 98 98 
324 81 76
97 98 101 104 98 96 101 100 96 101 
325 36 44
100 97 101 102 99 101 102 103 95 104 
326 72 91
104 103 100 100 97 103 95 101 96 102 
327 86 77
95 96 99 99 104 104 102 101 96 99 
328 97 76
97 98 101 98 97 104 100 99 102 97 
329 50 12
95 104 102 99 103 100 95 96 103 99 
330 46 79
100 97 101 101 103 97 99 98 100 97 
331 89 91
96 100 99 95 104 98 97 95 99 96 
332 17 66
101 101 101 102 98 98 100 103 102 96 
333 38 67
99 96 96 96 98 96 96 101 101 100 
334 17 36
95 95 102 102 99 100 97 97 97 95 
335 80 18
98 99 102 95 103 99 103 99 102 96 
336 16 33
97 104 103 95 101 102 103 102 102 100 
337 47 72
96 103 99 100 95 100 99 100 95 96 
338 46 51
101 101 99 100 102 96 103 95 95 101 
339 43 48
100 95 101 98 103 97 101 96 97 97 
340 89 43
103 97 102 95 100 99 95 98 97 101 
341 10 71
104 102 97 97 100 99 104 96 102 102 
342 87 76
96 97 101 98 102 101 102 100 103 101 
343 18 46
95 102 104 98 100 103 100 99 102 104 
344 7 63
98 102 98 97 101 96 102 102 99 100 
345 41 14
96 102 103 96 98 102 102 101 99 101 
346 42 12
101 101 100 98 102 99 102 95 96 98 
347 34 59
99 97 100 95 95 103 98 96 102 98 
348 46 14
95 99 104 101 95 97 102 103 103 98 
349 94 68
102 95 102 95 98 97 95 103 102 103 
350 49 8
101 97 95 98 102 102 101 103 96 102 
351 25 64
104 97 96 104 102 99 101 101 102 101 
352 37 41
103 102 95 102 100 96 101 98 98 102 
353 47 1
101 100 95 103 97 100 96 97 102 98 
354 22 95
104 95 95 101 101 103 104 101 102 104 
355 95 55
95 95 102 100 104 101 103 101 96 103 
356 67 76
100 102 102 97 95 96 103 97 96 95 
357 11 8
96 104 98 103 96 104 98 98 97 97 
358 72 94
95 96 96 96 96 102 104 102 100 101 
359 82 58
104 97 104 97 97 95 104 98 96 100 
360 85 5
101 104 103 95 96 104 99 97 97 100 
361 96 84
98 99 95 95 98 99 102 99 101 104 
362 28 11
96 103 101 99 100 95 104 97 104 102 
363 63 93
103 103 101 95 99 99 98 104 95 101 
364 90 84
95 103 103 101 104 100 103 95 98 99 
365 66 90
101 99 98 102 98 102 95 98 101 103 
366 74 31
97 103 96 100 99 97 103 99 95 103 
367 73 21
98 98 97 104 102 104 95 99 100 100 
368 24 39
97 100 96 103 99 101 95 103 100 96 
369 34 80
100 99 101 101 97 95 103 103 100 97 
370 80 14
99 96 104 104 101 97 95 103 103 98 
371 30 35
95 96 99 102 98 103 103 95 99 101 
372 77 47
102 101 99 97 96 100 102 100 101 103 
373 15 23
98 101 98 98 95 99 102 97 100 96 
374 20 51
96 104 96 100 101 104 99 100 103 95 
375 10 60
101 104 101 97 102 97 102 95 104 97 
376 76 12
101 97 98 98 101 99 99 104 98 102 
377 56 92
103 104 101 101 104 101 102 102 100 98 
378 61 55
101 104 102 102 96 97 103 104 102 98 
379 93 26
104 103 99 99 102 104 101 101 95 97 
380 85 53
95 97 104 102 102 96 97 100 95 96 
381 53 24
98 97 97 97 102 102 102 101 102 97 
382 92 96
98 104 96 99 96 102 103 99 104 102 
383 14 80
96 102 99 96 103 104 102 99 98 104 
384 67 22
103 99 102 101 103 95 96 96 104 99 
385 68 54
96 100 104 98 100 97 99 101 95 103 
386 40 49
104 101 99 98 103 96 101 101 102 98 
387 33 26
101 98 103 100 104 103 95 98 98 104 
388 27 71
97 95 103 97 95 103 97 97 101 102 
389 48 25
95 98 96 104 103 100 101 99 96 99 
390 93 81
97 97 98 103 97 96 95 101 96 104 
391 29 75
104 97 101 102 96 98 97 96 103 100 
392 31 47
97 103 98 98 98 100 99 102 104 104 
393 8 52
96 103 102 99 104 102 103 95 97 101 
394 28 54
96 96 102 104 101 104 103 104 103 96 
395 73 54
101 103 95 102 103 95 104 96 95 103 
396 76 100
103 101 96 95 97 103 100 101 95 97 
397 66 29
97 98 104 97 101 99 100 99 97 102 
398 53 43
102 98 98 102 96 96 103 104 102 96 
399 82 70
95 102 102 97 104 98 95 98 103 97 
400 38 66
101 97 96 95 95 98 98 104 101 103 
401 100 51
104 102 104 103 104 96 95 96 103 102 
402 64 80
95 100 100 96 102 97 103 100 102 104 
403 67 80
100 96 103 96 104 102 96 96 102 98 
404 40 29
99 104 96 99 102 101 100 104 96 95 
405 83 42
100 95 101 97 97 99 96 102 100 96 
406 69 68
104 97 103 103 100 104 101 96 96 102 
407 68 1
98 97 104 101 100 99 104 97 99 103 
408 47 47
97 102 98 95 103 99 102 104 101 100 
409 60 74
101 100 99 102 99 98 102 104 102 104 
410 69 65
98 102 101 104 102 97 101 97 96 96 
411 93 93
102 104 96 100 101 96 103 97 103 99 
412 1 76
102 102 101 100 103 99 104 96 99 103 
413 2 2
95 104 98 97 97 102 101 95 101 102 
414 86 53
95 101 100 96 95 102 103 95 101 99 
415 58 16
96 101 103 100 101 104 103 102 95 99 
416 52 14
96 102 98 95 101 95 99 104 101 104 
417 91 100
103 95 104 100 99 101 97 102 99 95 
418 45 52
95 98 95 95 104 96 100 97 95 103 
419 75 19
96 104 102 102 103 104 101 104 104 100 
420 25 87
96 101 98 103 101 103 104 103 98 104 
421 62 25
97 101 103 99 102 98 97 103 97 97 
422 76 83
96 99 96 98 96 102 96 98 100 101 
423 22 75
101 97 97 96 96 100 100 98 99 99 
424 48 22
104 96 104 96 98 101 98 102 97 102 
425 73 55
101 98 104 97 96 95 101 103 99 95 
426 80 76
103 102 95 97 98 104 98 97 97 99 
427 16 77
97 95 100 100 102 102 104 99 97 103 
428 49 44
95 101 98 99 101 100 96 99 99 98 
429 77 28
97 96 96 99 100 101 97 103 101 102 
430 84 25
99 97 95 103 97 95 97 97 101 102 
431 17 93
99 102 104 103 95 102 100 99 104 101 
432 21 87
97 98 101 96 97 104 100 104 98 102 
433 68 86
104 96 102 100 104 100 104 98 99 95 
434 75 87
103 104 95 104 103 98 100 97 103 97 
435 4 41
98 95 104 104 104 104 101 103 95 101 
436 64 42
96 98 102 103 98 96 99 98 97 102 
437 63 51
95 95 98 103 99 103 95 104 104 97 
438 79 69
96 102 102 98 98 97 100 101 100 97 
439 35 12
100 104 101 102 103 104 103 103 96 98 
440 89 36
96 95 99 97 99 100 96 100 97 95 
441 12 28
97 101 98 95 95 95 98 100 96 104 
442 15 30
103 99 104 104 102 102 101 96 104 98 
443 64 65
103 101 96 97 101 97 104 96 95 97 
444 64 61
97 101 102 100 100 99 99 101 103 98 
445 68 67
97 99 104 97 102 99 101 102 96 102 
446 10 100
97 103 97 97 97 100 100 102 96 99 
447 53 38
103 102 98 102 97 97 100 100 101 99 
448 48 16
95 100 97 96 99 96 98 101 96 100 
449 42 65
96 101 96 97 97 98 96 96 97 101 
450 51 36
104 100 95 102 96 104 98 96 99 102 
451 76 91
104 95 102 95 100 103 101 103 101 102 
452 4 89
98 99 96 100 98 96 97 99 103 99 
453 42 2
98 101 100 104 99 95 95 100 97 104 
454 8 88
102 99 103 100 98 96 100 101 102 102 
455 85 11
103 103 99 104 98 103 95 101 99 100 
456 77 11
102 103 100 104 102 100 104 101 96 102 
457 62 65
103 101 98 100 98 104 103 99 102 99 
458 54 21
97 98 104 104 96 102 104 103 100 102 
459 69 53
99 102 95 100 101 96 96 99 104 99 
460 12 96
100 104 96 100 101 99 102 95 104 101 
461 100 11
100 96 104 95 95 104 99 99 103 99 
462 60 25
102 95 95 104 102 96 99 97 98 100 
463 78 2
96 100 96 95 98 96 98 104 97 99 
464 30 73
98 101 101 98 97 102 102 97 102 104 
465 62 77
97 102 104 100 99 101 101 100 98 95 
466 68 58
96 95 101 100 101 102 104 104 100 102 
467 65 49
99 98 95 98 97 98 95 100 95 96 
468 73 37
104 96 98 98 96 95 97 99 98 103 
469 20 50
102 103 96 98 102 100 96 98 104 98 
470 17 82
103 103 103 95 104 96 101 104 99 104 
471 65 76
96 101 104 99 101 95 99 98 95 102 
472 27 48
97 104 95 96 99 103 100 97 102 100 
473 43 89
103 95 102 97 104 96 104 96 104 103 
474 68 96
95 98 104 95 95 102 104 98 104 104 
475 77 44
95 98 103 102 104 97 100 104 100 100 
476 13 87
103 96 102 103 97 102 98 97 95 97 
477 36 12
97 99 101 96 101 97 101 101 103 101 
478 16 90
104 97 103 99 102 95 95 101 99 95 
479 5 19
104 104 95 104 97 102 97 101 97 103 
480 88 81
98 98 103 96 95 98 97 96 102 95 
481 28 8
98 104 98 102 96 104 100 95 95 102 
482 1 83
100 97 95 104 98 102 96 101 98 104 
483 40 86
99 96 103 98 98 100 95 101 99 100 
484 86 89
101 97 103 102 95 95 96 102 100 97 
485 49 19
104 96 101 99 95 100 104 101 103 102 
486 10 52
99 97 95 96 102 100 104 99 103 102 
487 32 31
103 99 104 98 101 102 98 103 103 104 
488 93 71
101 99 103 99 96 104 102 103 96 102 
489 20 42
100 103 100 98 102 103 100 100 97 99 
490 91 72
96 98 104 96 97 96 96 95 100 96 
491 27 80
95 99 102 97 98 103 100 103 101 95 
492 14 64
95 103 96 99 97 96 102 100 102 101 
493 77 52
95 104 97 100 95 103 101 96 99 100 
494 36 9
98 95 103 104 97 97 100 99 97 101 
495 41 96
104 103 97 101 101 104 103 101 95 97 
496 3 92
95 95 99 100 101 96 100 104 98 98 
497 2 6
102 101 96 95 99 96 102 100 96 104 
498 55 59
95 99 99 96 101 103 99 101 104 95 
499 24 58
96 95 101 99 99 104 96 98 102 97 

