500 10 24790
0 47 86
118 90 75 90 122 126 51 114 108 74 
1 94 40
52 91 114 125 51 145 65 92 88 108 
2 74 48
135 87 118 148 104 64 86 124 56 111 
3 16 79
140 118 144 98 142 137 138 97 131 102 
4 23 83
149 139 74 87 98 147 86 135 136 54 
5 36 42
121 121 117 127 83 132 58 73 100 52 
6 24 96
140 61 92 121 65 66 103 116 56 127 
7 5 7
76 90 141 63 147 76 56 118 148 123 
8 46 84
106 55 56 108 58 79 103 148 143 97 
9 22 61
66 124 77 72 53 133 130 131 73 121 
10 95 73
99 102 90 97 76 88 80 84 93 138 
11 45 52
120 148 51 65 95 72 77 63 98 104 
12 36 4
139 65 135 63 88 81 87 138 134 128 
13 88 63
118 120 98 61 60 142 65 82 140 118 
14 48 89
93 77 51 93 83 139 97 73 106 134 
15 89 48
65 75 85 101 53 124 63 121 94 63 
16 36 8
56 100 89 98 120 89 138 63 116 92 
17 58 100
81 106 72 89 90 60 136 105 86 123 
18 60 92
50 74 113 94 88 100 101 94 102 93 
19 45 23
132 83 138 98 125 95 97 108 51 72 
20 50 42
82 138 98 70 111 57 62 111 82 77 
21 59 71
127 111 116 79 54 60 53 88 145 141 
22 87 23
138 136 130 139 58 132 132 142 120 81 
23 14 84
140 127 147 124 54 57 94 83 118 112 
24 15 26
75 67 113 70 111 52 93 99 90 125 
25 92 1
107 123 142 129 106 107 113 149 84 62 
26 74 91
69 120 125 89 82 139 114 107 109 130 
27 31 21
84 75 71 124 102 62 124 112 88 68 
28 42 95
126 106 95 112 118 69 55 137 139 130 
29 80 22
72 93 81 83 125 63 103 59 88 76 
30 36 91
89 59 54 79 78 96 73 106 104 71 
31 19 24
90 125 112 79 58 91 52 80 87 135 
32 64 13
148 118 124 138 144 59 81 135 121 85 
33 15 100
131 140 105 86 61 75 61 53 51 123 
34 85 62
117 136 141 54 122 56 118 72 124 144 
35 12 21
106 144 108 77 79 74 128 113 64 135 
36 52 78
112 112 82 65 137 66 126 56 53 117 
37 63 28
123 133 51 149 127 114 122 135 108 80 
38 13 89
104 92 101 71 77 104 100 140 118 133 
39 6 56
149 132 64 104 51 126 131 77 109 85 
40 27 90
149 148 124 108 78 89 96 85 131 99 
41 57 62
53 108 53 121 91 110 128 143 92 142 
42 48 97
71 131 73 130 66 51 71 65 50 146 
43 26 81
137 73 117 118 122 125 131 77 84 134 
44 51 28
95 131 70 89 123 70 137 96 103 60 
45 80 70
114 50 86 114 146 64 146 133 87 66 
46 5 11
141 135 139 127 72 90 55 117 71 127 
47 59 47
99 96 143 52 58 122 121 122 122 110 
48 89 22
124 87 106 61 103 62 123 146 100 113 
49 75 73
105 81 141 126 58 51 124 60 97 69 
50 13 9
141 86 130 66 146 119 139 72 56 147 
51 86 12
60 61 57 62 124 131 86 131 62 77 
52 10 74
130 133 133 130 53 145 138 96 133 118 
53 15 80
139 53 103 145 103 89 56 65 100 116 
54 28 77
97 113 59 62 92 68 87 124 51 122 
55 55 5
69 92 53 53 61 67 132 102 123 138 
56 49 27
129 56 91 131 122 70 107 122 85 116 
57 85 78
86 123 101 87 95 108 144 114 50 147 
58 68 64
116 52 66 89 140 66 67 71 124 60 
59 3 48
132 61 121 67 79 57 96 115 130 148 
60 3 26
106 98 91 58 147 59 122 114 113 138 
61 56 6
106 75 76 80 137 78 79 120 89 50 
62 88 21
57 84 135 137 134 89 114 142 90 108 
63 1 38
117 122 103 132 62 111 137 70 136 115 
64 52 74
143 130 145 134 131 133 106 90 67 91 
65 81 2
82 146 143 122 104 95 60 123 120 65 
66 56 35
126 144 105 64 109 56 90 54 88 85 
67 41 20
68 146 62 137 87 142 90 120 138 135 
68 95 44
81 54 66 103 122 74 137 98 68 92 
69 16 79
50 105 132 89 92 73 60 63 69 72 
70 53 10
64 143 81 105 80 75 100 111 132 68 
71 15 55
92 104 52 111 146 119 141 147 126 123 
72 37 20
98 96 134 70 119 86 79 85 79 110 
73 43 61
87 94 123 69 113 90 123 107 144 78 
74 71 91
147 111 89 124 137 125 95 137 124 79 
75 8 96
115 86 132 145 98 75 57 136 71 130 
76 6 85
70 81 144 116 109 114 107 106 128 146 
77 83 18
74 77 54 100 106 62 95 72 98 129 
78 70 50
106 126 85 128 58 142 64 131 73 58 
79 48 83
75 106 141 53 55 123 70 131 103 126 
80 32 10
138 78 133 139 57 54 88 114 82 75 
81 95 42
119 58 124 143 67 123 77 92 80 120 
82 98 88
146 119 118 99 95 101 60 84 81 144 
83 76 39
148 115 104 81 140 98 74 61 107 148 
84 5 27
73 134 70 103 104 119 142 100 88 110 
85 52 36
113 112 71 144 58 146 83 108 111 89 
86 42 4
138 67 65 147 117 121 73 141 105 145 
87 45 63
114 87 114 52 99 66 139 115 80 61 
88 60 39
57 94 98 71 134 140 126 74 57 141 
89 22 76
65 146 116 72 141 112 134 105 101 99 
90 10 54
67 148 68 97 111 79 87 119 124 135 
91 43 11
77 68 136 85 112 109 112 79 105 130 
92 52 99
144 86 55 148 87 116 53 56 66 71 
93 6 79
52 92 149 78 129 91 88 57 61 126 
94 95 26
85 58 104 92 138 56 142 84 144 147 
95 33 84
65 85 139 82 58 144 60 113 138 111 
96 92 68
104 132 124 67 108 118 93 144 126 99 
97 89 17
57 131 101 103 80 85 86 96 73 127 
98 79 84
121 90 96 109 51 140 129 105 122 103 
99 73 31
124 117 126 100 119 115 69 126 148 72 
100 31 29
107 68 124 82 146 54 118 69 94 116 
101 32 98
106 60 54 78 113 79 61 87 146 89 
102 41 18
106 109 144 104 83 126 133 140 144 59 
103 76 43
64 93 112 60 111 143 58 68 53 114 
104 99 19
143 111 58 92 51 98 109 107 109 103 
105 65 93
131 149 84 126 58 111 120 72 106 82 
106 34 19
127 143 86 130 107 84 101 101 146 109 
107 94 50
57 54 108 68 108 72 60 141 71 146 
108 20 31
108 140 54 64 72 139 82 102 84 118 
109 85 93
105 85 145 53 144 90 54 103 94 112 
110 72 55
87 83 96 108 80 115 90 90 105 147 
111 55 31
136 137 132 123 57 116 115 64 52 62 
112 70 49
102 123 104 146 138 75 53 75 61 99 
113 84 94
64 126 83 72 75 137 102 113 76 84 
114 37 87
102 51 102 56 115 72 105 67 97 59 
115 67 36
136 119 110 99 120 146 92 134 122 125 
116 7 98
65 60 110 91 146 99 129 99 100 82 
117 8 69
104 64 135 103 125 53 139 112 74 99 
118 64 95
95 56 81 119 83 139 68 98 50 81 
119 43 97
130 71 147 132 103 55 100 109 69 138 
120 14 48
141 104 111 118 105 74 112 51 80 143 
121 23 65
133 143 114 133 74 56 81 106 78 131 
122 39 34
136 91 95 107 79 60 54 122 114 115 
123 41 72
140 105 74 122 98 97 138 133 142 103 
124 19 17
109 100 74 89 81 112 75 119 105 72 
125 27 37
82 133 59 98 98 51 69 140 106 94 
126 16 58
93 53 90 85 106 109 53 118 111 77 
127 8 45
91 134 115 147 56 93 83 140 76 144 
128 39 28
98 60 119 54 56 134 63 99 138 104 
129 37 97
115 89 114 128 116 74 124 109 58 89 
130 57 68
132 92 107 111 86 98 138 86 108 107 
131 42 65
144 56 115 132 110 103 128 127 142 93 
132 8 11
69 131 119 129 70 128 96 105 70 54 
133 17 9
102 54 95 112 63 88 128 57 94 145 
134 42 58
98 70 84 90 65 144 52 84 125 121 
135 14 49
51 62 53 71 66 69 132 70 125 77 
136 35 89
67 114 98 63 109 139 120 109 111 107 
137 100 77
101 103 112 128 126 78 76 128 90 79 
138 100 9
50 83 130 125 110 64 66 79 80 114 
139 44 90
55 63 98 117 72 149 93 123 54 108 
140 53 81
136 80 108 128 110 60 136 110 93 68 
141 89 57
134 54 135 64 118 130 105 123 96 105 
142 41 69
104 86 144 60 144 148 140 82 78 51 
143 11 41
61 98 103 56 116 91 112 100 95 50 
144 17 66
82 121 88 128 76 81 149 82 69 143 
145 43 66
93 134 147 121 135 109 62 98 109 115 
146 56 26
56 119 77 53 119 145 118 104 116 108 
147 33 45
139 81 126 110 126 120 75 69 56 124 
148 44 93
135 57 142 94 122 97 71 80 67 50 
149 86 39
145 103 142 111 61 127 107 103 110 135 
150 66 90
105 141 58 64 67 101 108 53 108 100 
151 100 83
148 71 114 117 71 99 107 67 52 100 
152 31 67
129 138 121 89 123 86 130 79 129 139 
153 96 98
142 103 102 53 53 101 87 103 122 52 
154 21 95
53 128 113 108 130 143 74 61 131 97 
155 3 56
133 133 86 113 122 81 62 66 134 114 
156 20 88
117 59 91 90 61 63 136 64 141 99 
157 25 24
144 98 84 126 97 87 81 81 70 69 
158 47 45
100 60 110 136 76 82 75 143 91 68 
159 86 5
82 73 120 125 74 145 149 69 145 135 
160 96 44
124 128 76 144 147 122 140 149 84 53 
161 86 61
137 60 55 78 79 93 134 111 116 104 
162 89 92
99 89 112 147 75 59 90 149 137 116 
163 47 37
140 138 85 74 141 122 86 128 132 91 
164 59 64
86 92 126 53 99 115 96 100 54 58 
165 48 82
67 137 83 106 55 81 142 145 69 129 
166 72 12
101 57 91 135 51 50 51 139 144 127 
167 93 44
144 88 144 101 148 91 82 117 131 67 
168 24 87
98 117 132 118 96 55 81 99 115 74 
169 88 19
74 138 57 121 115 50 64 62 140 110 
170 64 42
52 97 58 133 115 134 71 63 101 105 
171 34 51
111 66 101 76 91 88 94 67 128 53 
172 89 97
105 105 58 148 65 121 89 119 68 149 
173 5 84
133 76 99 137 131 84 87 92 53 90 
174 21 97
81 66 115 59 70 56 55 77 111 63 
175 26 29
134 66 148 53 66 104 88 101 130 137 
176 39 63
124 77 106 127 118 79 75 149 95 140 
177 9 18
146 116 95 59 129 72 88 114 89 138 
178 20 56
92 107 108 73 147 147 87 73 126 95 
179 53 45
76 127 145 122 69 106 91 66 72 88 
180 26 2
111 65 67 50 53 138 57 96 96 115 
181 22 96
64 60 120 141 57 72 137 84 101 133 
182 59 71
141 149 136 63 88 114 116 101 129 86 
183 4 84
74 60 131 72 77 104 119 92 66 89 
184 34 24
111 70 107 114 105 117 85 96 69 123 
185 12 10
87 128 110 67 116 113 102 140 75 83 
186 14 53
137 84 144 105 124 129 128 137 102 138 
187 53 8
105 89 104 124 62 115 133 100 145 145 
188 20 62
108 121 54 85 106 67 138 145 53 84 
189 51 78
64 78 67 116 118 119 123 126 110 129 
190 51 73
147 136 72 142 83 143 56 94 114 60 
191 80 21
129 69 65 132 104 115 62 70 96 79 
192 87 15
100 61 140 60 93 143 132 90 81 107 
193 85 65
100 140 58 65 102 90 137 81 109 53 
194 67 14
70 128 83 116 109 121 83 59 85 73 
195 20 79
118 103 120 149 60 104 114 63 147 74 
196 81 2
114 117 83 74 72 101 139 145 79 73 
197 14 89
96 96 99 131 72 118 109 140 123 79 
198 91 85
86 56 99 135 132 79 136 97 98 121 
199 24 72
72 62 116 53 137 129 93 84 128 142 
200 16 1
62 77 140 136 58 82 72 94 88 121 
201 82 22
102 118 70 50 89 93 121 64 57 139 
202 18 48
71 111 131 149 103 98 149 68 77 139 
203 5 37
72 76 82 62 99 64 135 51 132 55 
204 2 74
98 75 137 58 64 55 105 85 68 138 
205 87 24
86 135 91 114 77 95 102 51 73 134 
206 14 25
148 149 75 82 54 129 56 55 54 143 
207 66 71
100 70 108 118 58 94 142 146 132 135 
208 13 10
81 114 60 56 51 125 81 101 124 58 
209 85 32
137 92 138 93 137 103 116 140 123 74 
210 59 34
70 52 131 52 90 144 61 73 60 123 
211 30 12
99 62 113 125 71 149 56 110 143 96 
212 5 81
149 120 120 74 96 131 59 116 85 141 
213 22 28
135 82 100 145 108 130 109 109 94 124 
214 35 66
75 143 76 68 89 132 100 141 54 123 
215 16 51
56 75 118 143 118 139 71 103 124 121 
216 1 33
53 61 141 98 135 127 115 112 120 93 
217 81 63
75 133 103 131 106 118 81 64 95 50 
218 8 14
139 78 68 113 102 121 97 105 132 140 
219 56 21
118 71 132 88 114 65 50 92 148 103 
220 24 7
124 57 70 121 109 129 87 50 58 57 
221 17 13
80 113 69 115 104 125 135 124 98 69 
222 13 65
84 115 56 134 120 132 140 146 91 112 
223 21 1
92 107 50 52 66 66 64 97 82 83 
224 13 39
110 99 62 110 118 126 75 105 91 133 
225 40 65
115 132 110 108 146 130 108 88 139 61 
226 41 7
77 56 55 61 142 67 99 54 116 63 
227 66 87
140 140 91 81 123 83 145 141 117 58 
228 50 64
138 110 52 80 121 144 86 148 51 91 
229 63 46
60 61 99 78 127 64 64 117 54 58 
230 99 31
91 96 71 110 56 72 73 96 132 127 
231 77 54
74 114 54 75 107 116 120 117 79 69 
232 96 7
136 60 123 140 68 74 70 61 72 143 
233 72 81
118 96 76 100 126 53 106 50 69 62 
234 26 78
128 97 94 109 68 142 68 54 52 93 
235 48 73
69 69 85 143 115 108 123 83 54 50 
236 36 81
105 93 130 124 105 107 101 135 106 98 
237 46 28
90 65 81 144 60 80 68 80 100 103 
238 24 16
61 99 50 117 99 85 50 106 81 82 
239 83 87
140 136 122 148 84 119 75 76 134 59 
240 21 95
89 140 126 91 93 102 58 56 51 58 
241 26 3
146 75 108 77 108 142 63 50 128 87 
242 51 13
56 126 140 92 87 60 87 78 102 115 
243 71 48
67 128 103 68 89 129 122 137 106 80 
244 15 15
73 129 116 51 67 67 116 125 95 106 
245 19 83
69 57 60 121 122 82 69 140 61 74 
246 61 3
105 83 139 62 65 105 128 140 84 147 
247 45 4
64 112 129 61 68 147 143 139 106 105 
248 14 29
138 82 120 101 58 133 103 66 118 144 
249 29 84
99 108 76 85 57 72 89 123 134 68 
250 85 55
117 79 94 125 135 107 53 123 91 76 
251 77 2
111 131 67 79 125 147 114 126 58 140 
252 12 16
62 100 139 146 70 75 53 89 105 97 
253 15 41
106 120 115 147 98 91 148 59 124 118 
254 39 50
115 52 127 123 95 138 91 59 141 80 
255 59 12
105 111 53 112 58 119 52 114 89 69 
256 14 88
110 113 146 84 81 84 85 99 139 62 
257 23 35
103 113 93 94 95 51 57 103 64 60 
258 16 23
130 120 88 121 139 101 109 100 117 57 
259 37 99
144 74 97 133 138 72 119 91 135 114 
260 86 84
68 143 86 82 105 53 57 137 123 95 
261 60 64
99 120 115 66 127 51 116 121 127 64 
262 7 67
138 125 57 75 142 95 58 112 140 146 
263 95 46
50 103 135 123 149 94 86 98 64 51 
264 17 92
105 132 65 134 146 71 100 86 99 60 
265 63 94
57 120 105 147 69 51 144 69 105 129 
266 93 7
125 131 56 139 84 72 83 91 54 98 
267 27 54
71 126 139 72 88 101 65 95 124 72 
268 95 94
74 91 114 81 70 58 87 98 139 93 
269 90 77
67 72 67 71 72 145 76 146 74 66 
270 19 63
69 84 110 95 58 104 140 82 97 104 
271 16 21
113 102 118 54 97 107 130 114 82 100 
272 39 55
95 114 52 119 82 71 134 54 57 94 
273 50 16
100 90 50 100 144 65 120 59 70 88 
274 15 68
97 96 134 129 98 72 136 96 88 138 
275 16 72
59 101 125 118 97 126 86 100 66 86 
276 1 64
101 120 122 121 110 88 141 57 135 125 
277 40 86
99 75 81 89 63 149 112 125 100 139 
278 44 99
116 81 50 84 117 102 147 121 72 72 
279 95 35
110 135 143 147 62 82 133 63 107 64 
280 6 24
63 117 100 114 107 95 64 73 127 116 
281 58 45
68 57 117 142 79 112 76 91 149 121 
282 40 65
54 124 79 63 138 84 138 52 52 88 
283 19 60
134 134 84 111 100 93 107 118 52 75 
284 13 84
89 88 75 88 111 66 104 115 140 134 
285 32 79
120 69 82 122 60 52 133 144 136 119 
286 8 89
115 114 58 117 91 70 101 130 60 78 
287 72 73
146 127 139 136 111 122 66 82 94 51 
288 57 55
53 142 50 92 111 57 132 128 73 141 
289 47 66
113 99 147 76 79 118 100 75 96 89 
290 12 60
114 129 93 58 130 102 64 86 94 64 
291 79 58
71 110 86 146 53 84 111 69 85 61 
292 46 65
129 145 139 127 136 102 139 100 81 134 
293 11 13
138 74 98 134 88 128 92 61 140 80 
294 61 95
66 71 115 101 82 60 65 114 107 54 
295 94 96
106 84 148 89 121 58 53 109 135 53 
296 45 76
131 88 89 122 70 149 68 86 122 85 
297 88 6
95 104 71 104 108 116 99 116 103 97 
298 58 25
58 111 85 143 114 129 118 96 119 57 
299 71 90
56 90 75 129 125 114 86 122 68 59 
300 27 29
77 77 96 82 125 54 106 133 115 94 
301 29 30
73 146 77 95 106 147 84 64 139 62 
302 94 65
126 131 138 145 92 64 125 120 144 72 
303 3 70
76 61 54 141 105 82 122 80 130 50 
304 76 37
147 112 101 89 124 146 53 100 80 94 
305 98 73
108 123 144 102 97 147 123 123 110 79 
306 17 68
63 138 147 144 138 75 132 88 137 135 
307 78 14
84 82 113 114 126 63 86 137 88 81 
308 92 86
130 67 60 142 96 128 109 110 116 58 
309 7 8
135 138 147 122 76 76 135 110 60 51 
310 25 40
64 62 128 54 145 119 91 125 88 101 
311 20 38
79 128 147 97 137 105 56 122 93 53 
312 98 70
131 84 131 142 137 55 81 103 68 111 
313 58 14
80 148 91 71 51 110 108 80 141 57 
314 31 31
112 86 104 107 142 101 77 75 88 110 
315 18 26
116 50 129 86 111 138 51 94 89 92 
316 66 41
105 125 73 96 132 103 126 94 91 80 
317 2 86
84 130 61 74 91 130 99 57 131 130 
318 96 95
71 146 140 110 141 57 50 96 132 73 
319 45 17
78 70 110 120 52 112 105 86 144 116 
320 13 36
97 112 144 130 144 139 76 65 88 119 
321 76 30
126 78 125 61 101 69 77 130 141 90 
322 3 94
104 107 132 98 126 144 86 73 58 132 
323 56 56
74 83 120 112 52 148 141 81 128 68 
324 43 30
139 71 111 130 111 113 75 117 123 109 
325 17 50
56 102 74 64 136 81 71 60 114 142 
326 73 68
92 113 148 70 83 142 51 72 115 65 
327 3 28
80 130 144 53 89 112 54 95 116 130 
328 13 54
61 83 113 126 127 86 145 121 101 95 
329 44 38
87 95 109 52 62 64 131 92 144 78 
330 99 34
92 52 81 59 133 93 64 96 78 79 
331 23 7
67 119 79 71 64 123 108 53 120 67 
332 7 83
81 89 74 75 69 72 61 112 127 144 
333 24 13
139 139 108 67 68 131 125 86 52 55 
334 58 18
128 65 70 50 134 128 132 66 120 108 
335 94 90
131 54 53 60 100 128 72 89 117 130 
336 58 39
63 134 76 66 139 133 135 69 100 55 
337 20 35
86 103 52 56 62 146 97 95 102 53 
338 56 4
131 79 92 51 59 101 141 125 86 67 
339 44 78
102 78 99 104 83 70 138 71 124 93 
340 28 87
89 77 133 93 80 88 148 113 117 91 
341 17 29
94 57 105 130 126 148 60 78 76 109 
342 83 13
81 73 83 55 68 63 93 59 90 76 
343 53 71
66 101 83 85 94 100 66 90 59 121 
344 22 87
120 133 116 98 92 51 62 75 126 96 
345 32 95
109 76 53 101 55 57 71 71 60 56 
346 10 7
58 75 97 120 146 70 106 68 53 124 
347 20 98
125 81 72 101 79 55 147 138 82 102 
348 40 38
110 62 60 120 121 69 79 129 94 126 
349 50 94
146 107 113 149 82 132 146 109 116 120 
350 64 96
126 110 86 58 63 77 147 75 90 57 
351 96 12
77 74 92 121 102 94 66 98 51 130 
352 100 86
64 97 95 130 68 110 78 144 70 114 
353 55 86
141 53 60 133 60 108 144 87 84 139 
354 62 88
83 79 137 136 111 137 122 126 84 119 
355 9 53
79 138 148 51 102 54 137 94 57 99 
356 28 71
109 124 109 144 65 122 83 98 52 70 
357 35 64
109 108 141 144 77 102 148 58 90 99 
358 11 46
103 99 91 63 148 70 133 60 144 144 
359 5 10
117 139 59 119 59 94 134 71 104 78 
360 16 83
82 115 140 122 64 102 119 70 51 60 
361 86 53
81 118 112 127 64 68 89 131 57 98 
362 3 69
94 137 139 149 117 106 83 149 72 73 
363 24 89
126 143 58 79 105 143 131 136 63 145 
364 65 29
63 105 59 122 53 62 91 50 101 132 
365 52 19
89 134 119 63 109 142 51 137 87 60 
366 18 94
105 100 129 71 96 145 99 61 52 60 
367 85 59
124 75 108 127 109 59 97 148 95 66 
368 12 57
111 115 94 148 77 111 93 132 113 73 
369 56 10
120 54 71 75 117 55 133 143 132 91 
370 24 42
52 120 142 149 89 105 105 50 70 149 
371 51 48
62 144 132 126 119 87 87 141 144 108 
372 17 14
65 149 108 99 90 131 93 144 54 85 
373 94 44
92 51 145 113 50 95 112 115 89 146 
374 42 61
136 128 102 130 139 118 95 106 118 53 
375 59 61
87 51 57 91 86 102 134 128 103 129 
376 94 7
126 58 121 118 54 62 78 140 92 82 
377 23 84
51 117 142 71 73 100 83 110 101 142 
378 2 40
95 87 119 148 118 65 106 94 73 77 
379 13 80
141 143 120 84 75 94 119 128 114 63 
380 100 88
113 135 149 116 127 102 107 72 139 77 
381 74 58
92 79 103 67 107 116 146 98 61 68 
382 35 37
113 106 65 77 119 116 116 135 101 67 
383 4 30
119 111 53 108 138 78 117 132 108 70 
384 100 68
136 145 117 99 64 104 136 79 60 103 
385 9 32
69 76 118 73 93 122 102 62 83 57 
386 71 74
86 87 105 144 107 56 63 146 103 130 
387 46 20
136 133 98 98 86 58 130 58 84 50 
388 32 78
122 85 139 55 92 61 80 128 50 135 
389 25 11
93 139 108 147 120 105 66 58 89 67 
390 58 28
75 87 85 110 87 68 87 112 103 129 
391 20 97
92 100 76 145 137 101 55 81 90 113 
392 29 63
120 146 121 59 63 78 139 89 67 74 
393 100 7
93 138 118 146 69 138 94 112 140 121 
394 10 78
124 64 110 116 79 138 131 149 87 102 
395 62 51
82 100 139 51 76 90 57 71 79 78 
396 71 1
118 64 64 108 87 73 137 113 139 98 
397 31 19
138 61 120 75 65 133 126 149 83 67 
398 1 12
108 109 83 89 89 53 89 57 119 56 
399 18 8
79 107 120 69 55 102 139 95 65 61 
400 24 83
144 149 131 129 118 83 141 76 95 74 
401 18 85
129 107 94 98 113 111 57 94 68 80 
402 64 76
132 55 123 148 66 146 130 113 97 64 
403 43 16
97 83 144 142 59 61 79 138 70 123 
404 90 84
84 146 130 55 76 145 82 59 50 55 
405 60 70
103 141 82 50 55 76 66 55 110 112 
406 50 22
123 80 112 144 53 101 79 140 97 59 
407 48 75
55 129 85 107 87 96 76 140 87 60 
408 92 96
87 109 102 147 71 103 120 144 134 82 
409 41 88
133 120 79 133 81 126 59 86 106 94 
410 47 46
92 122 85 129 133 128 76 70 87 128 
411 70 11
134 89 107 118 74 147 57 109 69 139 
412 43 52
115 53 89 123 97 135 68 91 60 56 
413 22 94
134 149 115 72 80 84 82 64 75 139 
414 35 2
89 143 111 108 132 105 111 98 109 51 
415 22 59
88 142 50 98 148 123 91 132 122 108 
416 57 3
94 139 118 120 80 52 73 71 146 86 
417 81 79
142 143 76 53 144 50 63 135 94 115 
418 34 43
88 77 126 113 135 83 67 80 124 136 
419 53 57
138 125 128 86 114 60 65 106 53 143 
420 12 51
95 126 85 139 92 70 133 82 97 110 
421 48 86
143 115 117 117 101 69 73 141 96 103 
422 81 11
113 145 68 69 90 131 119 136 108 106 
423 76 1
126 109 134 126 121 82 63 114 147 130 
424 84 1
101 56 93 147 62 73 110 125 120 80 
425 95 12
62 65 147 72 73 74 124 102 85 108 
426 29 7
140 91 72 89 123 55 141 74 114 137 
427 74 77
60 83 53 131 66 100 94 130 115 143 
428 3 42
119 126 143 55 136 71 113 79 64 88 
429 69 88
93 62 61 109 149 134 137 59 120 141 
430 43 39
91 88 68 108 81 122 149 51 50 94 
431 59 87
115 123 65 81 61 86 120 57 50 83 
432 19 100
120 56 110 90 147 105 80 140 143 98 
433 1 26
122 50 128 122 94 86 60 112 59 128 
434 46 74
64 66 82 64 99 100 115 69 106 75 
435 12 6
130 91 145 76 91 146 101 115 98 79 
436 38 45
67 98 108 128 76 106 101 142 74 133 
437 59 74
136 73 95 144 50 58 50 131 52 97 
438 60 96
145 60 111 93 141 100 90 58 100 100 
439 87 29
56 140 70 132 75 80 106 61 103 103 
440 7 7
63 108 89 117 55 148 113 51 58 126 
441 97 52
76 138 61 127 141 99 55 147 141 128 
442 33 18
58 138 130 64 143 88 70 108 146 109 
443 27 3
59 91 105 119 67 53 70 145 142 133 
444 73 84
82 80 82 74 110 114 143 118 54 123 
445 35 50
114 56 58 110 67 136 64 76 77 71 
446 96 45
75 117 141 67 100 114 102 85 96 86 
447 12 7
51 54 76 107 79 63 57 95 69 117 
448 7 90
103 122 117 82 144 113 78 121 132 69 
449 89 86
85 142 70 131 78 133 89 79 89 116 
450 40 21
81 96 116 52 115 74 141 120 98 109 
451 3 43
124 80 63 58 99 103 143 87 147 115 
452 19 27
98 108 57 89 126 96 110 57 94 128 
453 10 10
52 103 129 100 62 131 95 88 113 60 
454 47 66
66 142 52 63 107 122 89 108 132 149 
455 50 59
95 59 67 140 89 129 101 91 82 133 
456 45 97
66 91 84 130 101 82 147 69 126 149 
457 34 87
73 74 146 56 73 95 114 71 57 84 
458 64 47
63 64 138 95 147 134 91 64 75 77 
459 47 29
61 93 98 138 144 131 124 67 107 120 
460 24 82
117 90 52 124 124 115 71 137 81 111 
461 85 82
95 75 145 72 54 143 100 117 138 148 
462 56 35
81 131 53 139 53 77 72 121 69 126 
463 46 94
143 68 82 74 129 66 55 74 143 102 
464 99 50
95 99 66 135 149 74 69 133 107 73 
465 25 14
52 96 86 71 124 83 116 117 102 100 
466 92 32
68 147 58 113 51 56 62 149 57 130 
467 85 8
106 54 140 64 129 116 77 131 62 65 
468 55 87
98 122 55 50 72 146 134 142 95 94 
469 56 48
100 117 148 60 97 132 119 54 88 61 
470 71 70
127 99 100 91 114 106 129 62 130 134 
471 66 55
130 99 96 128 143 51 127 145 118 125 
472 6 69
59 124 74 98 135 96 67 112 145 70 
473 4 12
78 132 73 59 68 138 113 149 87 112 
474 30 83
113 56 128 134 83 133 54 92 60 78 
475 43 48
76 62 60 71 134 115 82 114 50 57 
476 74 19
98 139 119 87 101 100 70 116 106 148 
477 51 42
83 104 134 145 84 128 93 110 140 55 
478 34 27
72 67 141 124 75 66 95 123 107 64 
479 11 61
115 132 77 123 82 127 65 68 134 101 
480 14 19
79 106 81 122 63 114 100 86 132 91 
481 63 60
60 57 134 117 124 96 78 89 79 57 
482 65 14
86 81 81 70 132 95 141 114 103 72 
483 89 20
88 88 57 122 82 119 81 92 127 65 
484 62 52
64 91 92 93 98 56 106 135 88 90 
485 6 73
135 98 138 140 120 78 59 59 69 66 
486 34 52
136 115 95 65 82 108 116 96 50 58 
487 42 49
116 100 83 106 140 141 79 77 89 119 
488 70 11
148 129 121 67 97 54 70 83 71 115 
489 49 7
73 116 102 125 124 96 74 143 98 107 
490 50 91
50 80 67 90 50 136 52 100 67 75 
491 68 66
131 89 100 53 54 101 111 129 67 115 
492 56 45
61 81 87 61 90 88 51 91 119 120 
493 34 22
107 85 121 76 62 140 141 143 79 144 
494 49 86
95 59 66 64 125 73 60 88 104 149 
495 51 96
88 101 138 109 72 71 130 81 58 101 
496 10 21
143 103 63 72 97 64 57 94 73 73 
497 59 51
97 71 139 103 70 141 50 108 92 138 
498 18 17
111 99 149 119 102 59 139 95 64 105 
499 68 62
119 124 107 94 100 117 145 99 138 86 

