50 10 992
0 7 6
98 90 95 90 102 106 91 94 108 94 
1 4 10
92 91 94 105 91 105 105 92 108 108 
2 4 8
95 107 98 108 104 104 106 104 96 91 
3 6 9
100 98 104 98 102 97 98 97 91 102 
4 3 3
109 99 94 107 98 107 106 95 96 94 
5 6 2
101 101 97 107 103 92 98 93 100 92 
6 4 6
100 101 92 101 105 106 103 96 96 107 
7 5 7
96 90 101 103 107 96 96 98 108 103 
8 6 4
106 95 96 108 98 99 103 108 103 97 
9 2 1
106 104 97 92 93 93 90 91 93 101 
10 5 3
99 102 90 97 96 108 100 104 93 98 
11 5 2
100 108 91 105 95 92 97 103 98 104 
12 6 4
99 105 95 103 108 101 107 98 94 108 
13 8 3
98 100 98 101 100 102 105 102 100 98 
14 8 9
93 97 91 93 103 99 97 93 106 94 
15 9 8
105 95 105 101 93 104 103 101 94 103 
16 6 8
96 100 109 98 100 109 98 103 96 92 
17 8 10
101 106 92 109 90 100 96 105 106 103 
18 10 2
90 94 93 94 108 100 101 94 102 93 
19 5 3
92 103 98 98 105 95 97 108 91 92 
20 10 2
102 98 98 90 91 97 102 91 102 97 
21 9 1
107 91 96 99 94 100 93 108 105 101 
22 7 3
98 96 90 99 98 92 92 102 100 101 
23 4 4
100 107 107 104 94 97 94 103 98 92 
24 5 6
95 107 93 90 91 92 93 99 90 105 
25 2 1
107 103 102 109 106 107 93 109 104 102 
26 4 1
109 100 105 109 102 99 94 107 109 90 
27 1 1
104 95 91 104 102 102 104 92 108 108 
28 2 5
106 106 95 92 98 109 95 97 99 90 
29 10 2
92 93 101 103 105 103 103 99 108 96 
30 6 1
109 99 94 99 98 96 93 106 104 91 
31 9 4
90 105 92 99 98 91 92 100 107 95 
32 4 3
108 98 104 98 104 99 101 95 101 105 
33 5 10
91 100 105 106 101 95 101 93 91 103 
34 5 2
97 96 101 94 102 96 98 92 104 104 
35 2 1
106 104 108 97 99 94 108 93 104 95 
36 2 8
92 92 102 105 97 106 106 96 93 97 
37 3 8
103 93 91 109 107 94 102 95 108 100 
38 3 9
104 92 101 91 97 104 100 100 98 93 
39 6 6
109 92 104 104 91 106 91 97 109 105 
40 7 10
109 108 104 108 98 109 96 105 91 99 
41 7 2
93 108 93 101 91 90 108 103 92 102 
42 8 7
91 91 93 90 106 91 91 105 90 106 
43 6 1
97 93 97 98 102 105 91 97 104 94 
44 1 8
95 91 90 109 103 90 97 96 103 100 
45 10 10
94 90 106 94 106 104 106 93 107 106 
46 5 1
101 95 99 107 92 90 95 97 91 107 
47 9 7
99 96 103 92 98 102 101 102 102 90 
48 9 2
104 107 106 101 103 102 103 106 100 93 
49 5 3
105 101 101 106 98 91 104 100 97 109 

