50 10 2501
0 2 4
102 99 101 100 98 101 101 98 102 102 
1 5 5
101 102 100 99 99 102 100 102 101 102 
2 4 9
100 100 98 98 98 101 102 99 102 102 
3 5 5
101 100 99 102 99 98 102 99 100 101 
4 3 4
100 102 100 100 99 100 99 98 102 99 
5 7 8
99 100 101 99 99 102 100 99 99 102 
6 7 1
99 100 101 101 98 99 101 102 100 100 
7 8 1
98 98 99 99 101 102 98 102 101 99 
8 8 10
98 98 99 102 99 102 99 100 99 102 
9 4 9
100 99 100 100 99 99 102 99 99 98 
10 10 5
99 98 99 102 99 101 102 101 98 100 
11 3 4
99 98 101 102 98 99 100 102 102 102 
12 7 1
99 99 99 102 101 101 99 98 101 100 
13 5 7
100 98 102 98 102 102 101 100 102 99 
14 7 2
102 101 99 102 101 100 102 99 98 101 
15 6 10
99 101 99 99 100 98 100 98 101 101 
16 8 5
102 98 100 102 100 101 98 99 100 101 
17 3 3
99 102 98 101 102 100 100 98 99 101 
18 9 4
99 100 98 99 98 100 98 98 98 100 
19 7 5
99 101 98 98 100 98 102 98 102 102 
20 9 9
101 101 98 99 99 101 98 102 100 100 
21 1 8
100 99 102 100 101 98 99 99 99 101 
22 9 9
101 100 101 102 101 101 100 100 99 102 
23 9 4
102 98 102 99 101 98 99 98 99 98 
24 5 2
101 98 98 102 101 101 100 102 99 100 
25 9 10
100 101 99 102 100 100 102 100 100 101 
26 9 3
101 99 102 99 100 101 98 98 101 98 
27 7 5
101 98 101 102 102 101 99 99 99 102 
28 6 10
99 99 101 99 98 101 98 98 98 98 
29 10 10
101 102 99 102 102 100 98 102 102 101 
30 7 4
101 100 102 98 101 100 99 98 101 99 
31 9 6
102 101 99 99 101 98 98 102 99 99 
32 1 1
101 98 102 100 98 100 100 101 102 100 
33 1 9
99 101 98 102 102 98 100 102 101 101 
34 1 10
98 99 98 99 102 100 101 98 102 102 
35 3 2
100 100 102 101 99 100 99 100 98 101 
36 4 6
98 98 99 99 101 99 100 98 102 100 
37 2 5
99 102 102 98 102 101 99 101 98 100 
38 2 4
102 101 98 100 101 102 102 102 99 98 
39 8 8
101 102 100 101 99 99 102 102 98 98 
40 5 2
101 98 102 99 102 99 99 99 99 100 
41 4 2
101 100 100 102 102 102 99 100 101 99 
42 1 7
100 99 98 102 99 102 99 100 99 100 
43 1 9
98 99 102 99 98 102 98 101 101 100 
44 6 3
100 99 102 100 102 100 102 99 101 102 
45 2 3
99 102 99 102 101 99 100 102 102 101 
46 8 6
100 100 101 98 98 98 102 102 100 102 
47 4 9
101 100 98 101 102 101 98 100 102 99 
48 2 8
102 99 101 102 102 99 99 100 101 99 
49 5 6
100 102 99 99 98 98 102 101 100 99 

