500 10 34706
0 7 6
118 90 75 90 122 126 51 114 108 74 
1 4 10
52 91 114 125 51 145 65 92 88 108 
2 4 8
135 87 118 148 104 64 86 124 56 111 
3 6 9
140 118 144 98 142 137 138 97 131 102 
4 3 3
149 139 74 87 98 147 86 135 136 54 
5 6 2
121 121 117 127 83 132 58 73 100 52 
6 4 6
140 61 92 121 65 66 103 116 56 127 
7 5 7
76 90 141 63 147 76 56 118 148 123 
8 6 4
106 55 56 108 58 79 103 148 143 97 
9 2 1
66 124 77 72 53 133 130 131 73 121 
10 5 3
99 102 90 97 76 88 80 84 93 138 
11 5 2
120 148 51 65 95 72 77 63 98 104 
12 6 4
139 65 135 63 88 81 87 138 134 128 
13 8 3
118 120 98 61 60 142 65 82 140 118 
14 8 9
93 77 51 93 83 139 97 73 106 134 
15 9 8
65 75 85 101 53 124 63 121 94 63 
16 6 8
56 100 89 98 120 89 138 63 116 92 
17 8 10
81 106 72 89 90 60 136 105 86 123 
18 10 2
50 74 113 94 88 100 101 94 102 93 
19 5 3
132 83 138 98 125 95 97 108 51 72 
20 10 2
82 138 98 70 111 57 62 111 82 77 
21 9 1
127 111 116 79 54 60 53 88 145 141 
22 7 3
138 136 130 139 58 132 132 142 120 81 
23 4 4
140 127 147 124 54 57 94 83 118 112 
24 5 6
75 67 113 70 111 52 93 99 90 125 
25 2 1
107 123 142 129 106 107 113 149 84 62 
26 4 1
69 120 125 89 82 139 114 107 109 130 
27 1 1
84 75 71 124 102 62 124 112 88 68 
28 2 5
126 106 95 112 118 69 55 137 139 130 
29 10 2
72 93 81 83 125 63 103 59 88 76 
30 6 1
89 59 54 79 78 96 73 106 104 71 
31 9 4
90 125 112 79 58 91 52 80 87 135 
32 4 3
148 118 124 138 144 59 81 135 121 85 
33 5 10
131 140 105 86 61 75 61 53 51 123 
34 5 2
117 136 141 54 122 56 118 72 124 144 
35 2 1
106 144 108 77 79 74 128 113 64 135 
36 2 8
112 112 82 65 137 66 126 56 53 117 
37 3 8
123 133 51 149 127 114 122 135 108 80 
38 3 9
104 92 101 71 77 104 100 140 118 133 
39 6 6
149 132 64 104 51 126 131 77 109 85 
40 7 10
149 148 124 108 78 89 96 85 131 99 
41 7 2
53 108 53 121 91 110 128 143 92 142 
42 8 7
71 131 73 130 66 51 71 65 50 146 
43 6 1
137 73 117 118 122 125 131 77 84 134 
44 1 8
95 131 70 89 123 70 137 96 103 60 
45 10 10
114 50 86 114 146 64 146 133 87 66 
46 5 1
141 135 139 127 72 90 55 117 71 127 
47 9 7
99 96 143 52 58 122 121 122 122 110 
48 9 2
124 87 106 61 103 62 123 146 100 113 
49 5 3
105 81 141 126 58 51 124 60 97 69 
50 3 9
141 86 130 66 146 119 139 72 56 147 
51 6 2
60 61 57 62 124 131 86 131 62 77 
52 10 4
130 133 133 130 53 145 138 96 133 118 
53 5 10
139 53 103 145 103 89 56 65 100 116 
54 8 7
97 113 59 62 92 68 87 124 51 122 
55 5 5
69 92 53 53 61 67 132 102 123 138 
56 9 7
129 56 91 131 122 70 107 122 85 116 
57 5 8
86 123 101 87 95 108 144 114 50 147 
58 8 4
116 52 66 89 140 66 67 71 124 60 
59 3 8
132 61 121 67 79 57 96 115 130 148 
60 3 6
106 98 91 58 147 59 122 114 113 138 
61 6 6
106 75 76 80 137 78 79 120 89 50 
62 8 1
57 84 135 137 134 89 114 142 90 108 
63 1 8
117 122 103 132 62 111 137 70 136 115 
64 2 4
143 130 145 134 131 133 106 90 67 91 
65 1 2
82 146 143 122 104 95 60 123 120 65 
66 6 5
126 144 105 64 109 56 90 54 88 85 
67 1 10
68 146 62 137 87 142 90 120 138 135 
68 5 4
81 54 66 103 122 74 137 98 68 92 
69 6 9
50 105 132 89 92 73 60 63 69 72 
70 3 10
64 143 81 105 80 75 100 111 132 68 
71 5 5
92 104 52 111 146 119 141 147 126 123 
72 7 10
98 96 134 70 119 86 79 85 79 110 
73 3 1
87 94 123 69 113 90 123 107 144 78 
74 1 1
147 111 89 124 137 125 95 137 124 79 
75 8 6
115 86 132 145 98 75 57 136 71 130 
76 6 5
70 81 144 116 109 114 107 106 128 146 
77 3 8
74 77 54 100 106 62 95 72 98 129 
78 10 10
106 126 85 128 58 142 64 131 73 58 
79 8 3
75 106 141 53 55 123 70 131 103 126 
80 2 10
138 78 133 139 57 54 88 114 82 75 
81 5 2
119 58 124 143 67 123 77 92 80 120 
82 8 8
146 119 118 99 95 101 60 84 81 144 
83 6 9
148 115 104 81 140 98 74 61 107 148 
84 5 7
73 134 70 103 104 119 142 100 88 110 
85 2 6
113 112 71 144 58 146 83 108 111 89 
86 2 4
138 67 65 147 117 121 73 141 105 145 
87 5 3
114 87 114 52 99 66 139 115 80 61 
88 10 9
57 94 98 71 134 140 126 74 57 141 
89 2 6
65 146 116 72 141 112 134 105 101 99 
90 10 4
67 148 68 97 111 79 87 119 124 135 
91 3 1
77 68 136 85 112 109 112 79 105 130 
92 2 9
144 86 55 148 87 116 53 56 66 71 
93 6 9
52 92 149 78 129 91 88 57 61 126 
94 5 6
85 58 104 92 138 56 142 84 144 147 
95 3 4
65 85 139 82 58 144 60 113 138 111 
96 2 8
104 132 124 67 108 118 93 144 126 99 
97 9 7
57 131 101 103 80 85 86 96 73 127 
98 9 4
121 90 96 109 51 140 129 105 122 103 
99 3 1
124 117 126 100 119 115 69 126 148 72 
100 1 9
107 68 124 82 146 54 118 69 94 116 
101 2 8
106 60 54 78 113 79 61 87 146 89 
102 1 8
106 109 144 104 83 126 133 140 144 59 
103 6 3
64 93 112 60 111 143 58 68 53 114 
104 9 9
143 111 58 92 51 98 109 107 109 103 
105 5 3
131 149 84 126 58 111 120 72 106 82 
106 4 9
127 143 86 130 107 84 101 101 146 109 
107 4 10
57 54 108 68 108 72 60 141 71 146 
108 10 1
108 140 54 64 72 139 82 102 84 118 
109 5 3
105 85 145 53 144 90 54 103 94 112 
110 2 5
87 83 96 108 80 115 90 90 105 147 
111 5 1
136 137 132 123 57 116 115 64 52 62 
112 10 9
102 123 104 146 138 75 53 75 61 99 
113 4 4
64 126 83 72 75 137 102 113 76 84 
114 7 7
102 51 102 56 115 72 105 67 97 59 
115 7 6
136 119 110 99 120 146 92 134 122 125 
116 7 8
65 60 110 91 146 99 129 99 100 82 
117 8 9
104 64 135 103 125 53 139 112 74 99 
118 4 5
95 56 81 119 83 139 68 98 50 81 
119 3 7
130 71 147 132 103 55 100 109 69 138 
120 4 8
141 104 111 118 105 74 112 51 80 143 
121 3 5
133 143 114 133 74 56 81 106 78 131 
122 9 4
136 91 95 107 79 60 54 122 114 115 
123 1 2
140 105 74 122 98 97 138 133 142 103 
124 9 7
109 100 74 89 81 112 75 119 105 72 
125 7 7
82 133 59 98 98 51 69 140 106 94 
126 6 8
93 53 90 85 106 109 53 118 111 77 
127 8 5
91 134 115 147 56 93 83 140 76 144 
128 9 8
98 60 119 54 56 134 63 99 138 104 
129 7 7
115 89 114 128 116 74 124 109 58 89 
130 7 8
132 92 107 111 86 98 138 86 108 107 
131 2 5
144 56 115 132 110 103 128 127 142 93 
132 8 1
69 131 119 129 70 128 96 105 70 54 
133 7 9
102 54 95 112 63 88 128 57 94 145 
134 2 8
98 70 84 90 65 144 52 84 125 121 
135 4 9
51 62 53 71 66 69 132 70 125 77 
136 5 9
67 114 98 63 109 139 120 109 111 107 
137 10 7
101 103 112 128 126 78 76 128 90 79 
138 10 9
50 83 130 125 110 64 66 79 80 114 
139 4 10
55 63 98 117 72 149 93 123 54 108 
140 3 1
136 80 108 128 110 60 136 110 93 68 
141 9 7
134 54 135 64 118 130 105 123 96 105 
142 1 9
104 86 144 60 144 148 140 82 78 51 
143 1 1
61 98 103 56 116 91 112 100 95 50 
144 7 6
82 121 88 128 76 81 149 82 69 143 
145 3 6
93 134 147 121 135 109 62 98 109 115 
146 6 6
56 119 77 53 119 145 118 104 116 108 
147 3 5
139 81 126 110 126 120 75 69 56 124 
148 4 3
135 57 142 94 122 97 71 80 67 50 
149 6 9
145 103 142 111 61 127 107 103 110 135 
150 6 10
105 141 58 64 67 101 108 53 108 100 
151 10 3
148 71 114 117 71 99 107 67 52 100 
152 1 7
129 138 121 89 123 86 130 79 129 139 
153 6 8
142 103 102 53 53 101 87 103 122 52 
154 1 5
53 128 113 108 130 143 74 61 131 97 
155 3 6
133 133 86 113 122 81 62 66 134 114 
156 10 8
117 59 91 90 61 63 136 64 141 99 
157 5 4
144 98 84 126 97 87 81 81 70 69 
158 7 5
100 60 110 136 76 82 75 143 91 68 
159 6 5
82 73 120 125 74 145 149 69 145 135 
160 6 4
124 128 76 144 147 122 140 149 84 53 
161 6 1
137 60 55 78 79 93 134 111 116 104 
162 9 2
99 89 112 147 75 59 90 149 137 116 
163 7 7
140 138 85 74 141 122 86 128 132 91 
164 9 4
86 92 126 53 99 115 96 100 54 58 
165 8 2
67 137 83 106 55 81 142 145 69 129 
166 2 2
101 57 91 135 51 50 51 139 144 127 
167 3 4
144 88 144 101 148 91 82 117 131 67 
168 4 7
98 117 132 118 96 55 81 99 115 74 
169 8 9
74 138 57 121 115 50 64 62 140 110 
170 4 2
52 97 58 133 115 134 71 63 101 105 
171 4 1
111 66 101 76 91 88 94 67 128 53 
172 9 7
105 105 58 148 65 121 89 119 68 149 
173 5 4
133 76 99 137 131 84 87 92 53 90 
174 1 7
81 66 115 59 70 56 55 77 111 63 
175 6 9
134 66 148 53 66 104 88 101 130 137 
176 9 3
124 77 106 127 118 79 75 149 95 140 
177 9 8
146 116 95 59 129 72 88 114 89 138 
178 10 6
92 107 108 73 147 147 87 73 126 95 
179 3 5
76 127 145 122 69 106 91 66 72 88 
180 6 2
111 65 67 50 53 138 57 96 96 115 
181 2 6
64 60 120 141 57 72 137 84 101 133 
182 9 1
141 149 136 63 88 114 116 101 129 86 
183 4 4
74 60 131 72 77 104 119 92 66 89 
184 4 4
111 70 107 114 105 117 85 96 69 123 
185 2 10
87 128 110 67 116 113 102 140 75 83 
186 4 3
137 84 144 105 124 129 128 137 102 138 
187 3 8
105 89 104 124 62 115 133 100 145 145 
188 10 2
108 121 54 85 106 67 138 145 53 84 
189 1 8
64 78 67 116 118 119 123 126 110 129 
190 1 3
147 136 72 142 83 143 56 94 114 60 
191 10 1
129 69 65 132 104 115 62 70 96 79 
192 7 5
100 61 140 60 93 143 132 90 81 107 
193 5 5
100 140 58 65 102 90 137 81 109 53 
194 7 4
70 128 83 116 109 121 83 59 85 73 
195 10 9
118 103 120 149 60 104 114 63 147 74 
196 1 2
114 117 83 74 72 101 139 145 79 73 
197 4 9
96 96 99 131 72 118 109 140 123 79 
198 1 5
86 56 99 135 132 79 136 97 98 121 
199 4 2
72 62 116 53 137 129 93 84 128 142 
200 6 1
62 77 140 136 58 82 72 94 88 121 
201 2 2
102 118 70 50 89 93 121 64 57 139 
202 8 8
71 111 131 149 103 98 149 68 77 139 
203 5 7
72 76 82 62 99 64 135 51 132 55 
204 2 4
98 75 137 58 64 55 105 85 68 138 
205 7 4
86 135 91 114 77 95 102 51 73 134 
206 4 5
148 149 75 82 54 129 56 55 54 143 
207 6 1
100 70 108 118 58 94 142 146 132 135 
208 3 10
81 114 60 56 51 125 81 101 124 58 
209 5 2
137 92 138 93 137 103 116 140 123 74 
210 9 4
70 52 131 52 90 144 61 73 60 123 
211 10 2
99 62 113 125 71 149 56 110 143 96 
212 5 1
149 120 120 74 96 131 59 116 85 141 
213 2 8
135 82 100 145 108 130 109 109 94 124 
214 5 6
75 143 76 68 89 132 100 141 54 123 
215 6 1
56 75 118 143 118 139 71 103 124 121 
216 1 3
53 61 141 98 135 127 115 112 120 93 
217 1 3
75 133 103 131 106 118 81 64 95 50 
218 8 4
139 78 68 113 102 121 97 105 132 140 
219 6 1
118 71 132 88 114 65 50 92 148 103 
220 4 7
124 57 70 121 109 129 87 50 58 57 
221 7 3
80 113 69 115 104 125 135 124 98 69 
222 3 5
84 115 56 134 120 132 140 146 91 112 
223 1 1
92 107 50 52 66 66 64 97 82 83 
224 3 9
110 99 62 110 118 126 75 105 91 133 
225 10 5
115 132 110 108 146 130 108 88 139 61 
226 1 7
77 56 55 61 142 67 99 54 116 63 
227 6 7
140 140 91 81 123 83 145 141 117 58 
228 10 4
138 110 52 80 121 144 86 148 51 91 
229 3 6
60 61 99 78 127 64 64 117 54 58 
230 9 1
91 96 71 110 56 72 73 96 132 127 
231 7 4
74 114 54 75 107 116 120 117 79 69 
232 6 7
136 60 123 140 68 74 70 61 72 143 
233 2 1
118 96 76 100 126 53 106 50 69 62 
234 6 8
128 97 94 109 68 142 68 54 52 93 
235 8 3
69 69 85 143 115 108 123 83 54 50 
236 6 1
105 93 130 124 105 107 101 135 106 98 
237 6 8
90 65 81 144 60 80 68 80 100 103 
238 4 6
61 99 50 117 99 85 50 106 81 82 
239 3 7
140 136 122 148 84 119 75 76 134 59 
240 1 5
89 140 126 91 93 102 58 56 51 58 
241 6 3
146 75 108 77 108 142 63 50 128 87 
242 1 3
56 126 140 92 87 60 87 78 102 115 
243 1 8
67 128 103 68 89 129 122 137 106 80 
244 5 5
73 129 116 51 67 67 116 125 95 106 
245 9 3
69 57 60 121 122 82 69 140 61 74 
246 1 3
105 83 139 62 65 105 128 140 84 147 
247 5 4
64 112 129 61 68 147 143 139 106 105 
248 4 9
138 82 120 101 58 133 103 66 118 144 
249 9 4
99 108 76 85 57 72 89 123 134 68 
250 5 5
117 79 94 125 135 107 53 123 91 76 
251 7 2
111 131 67 79 125 147 114 126 58 140 
252 2 6
62 100 139 146 70 75 53 89 105 97 
253 5 1
106 120 115 147 98 91 148 59 124 118 
254 9 10
115 52 127 123 95 138 91 59 141 80 
255 9 2
105 111 53 112 58 119 52 114 89 69 
256 4 8
110 113 146 84 81 84 85 99 139 62 
257 3 5
103 113 93 94 95 51 57 103 64 60 
258 6 3
130 120 88 121 139 101 109 100 117 57 
259 7 9
144 74 97 133 138 72 119 91 135 114 
260 6 4
68 143 86 82 105 53 57 137 123 95 
261 10 4
99 120 115 66 127 51 116 121 127 64 
262 7 7
138 125 57 75 142 95 58 112 140 146 
263 5 6
50 103 135 123 149 94 86 98 64 51 
264 7 2
105 132 65 134 146 71 100 86 99 60 
265 3 4
57 120 105 147 69 51 144 69 105 129 
266 3 7
125 131 56 139 84 72 83 91 54 98 
267 7 4
71 126 139 72 88 101 65 95 124 72 
268 5 4
74 91 114 81 70 58 87 98 139 93 
269 10 7
67 72 67 71 72 145 76 146 74 66 
270 9 3
69 84 110 95 58 104 140 82 97 104 
271 6 1
113 102 118 54 97 107 130 114 82 100 
272 9 5
95 114 52 119 82 71 134 54 57 94 
273 10 6
100 90 50 100 144 65 120 59 70 88 
274 5 8
97 96 134 129 98 72 136 96 88 138 
275 6 2
59 101 125 118 97 126 86 100 66 86 
276 1 4
101 120 122 121 110 88 141 57 135 125 
277 10 6
99 75 81 89 63 149 112 125 100 139 
278 4 9
116 81 50 84 117 102 147 121 72 72 
279 5 5
110 135 143 147 62 82 133 63 107 64 
280 6 4
63 117 100 114 107 95 64 73 127 116 
281 8 5
68 57 117 142 79 112 76 91 149 121 
282 10 5
54 124 79 63 138 84 138 52 52 88 
283 9 10
134 134 84 111 100 93 107 118 52 75 
284 3 4
89 88 75 88 111 66 104 115 140 134 
285 2 9
120 69 82 122 60 52 133 144 136 119 
286 8 9
115 114 58 117 91 70 101 130 60 78 
287 2 3
146 127 139 136 111 122 66 82 94 51 
288 7 5
53 142 50 92 111 57 132 128 73 141 
289 7 6
113 99 147 76 79 118 100 75 96 89 
290 2 10
114 129 93 58 130 102 64 86 94 64 
291 9 8
71 110 86 146 53 84 111 69 85 61 
292 6 5
129 145 139 127 136 102 139 100 81 134 
293 1 3
138 74 98 134 88 128 92 61 140 80 
294 1 5
66 71 115 101 82 60 65 114 107 54 
295 4 6
106 84 148 89 121 58 53 109 135 53 
296 5 6
131 88 89 122 70 149 68 86 122 85 
297 8 6
95 104 71 104 108 116 99 116 103 97 
298 8 5
58 111 85 143 114 129 118 96 119 57 
299 1 10
56 90 75 129 125 114 86 122 68 59 
300 7 9
77 77 96 82 125 54 106 133 115 94 
301 9 10
73 146 77 95 106 147 84 64 139 62 
302 4 5
126 131 138 145 92 64 125 120 144 72 
303 3 10
76 61 54 141 105 82 122 80 130 50 
304 6 7
147 112 101 89 124 146 53 100 80 94 
305 8 3
108 123 144 102 97 147 123 123 110 79 
306 7 8
63 138 147 144 138 75 132 88 137 135 
307 8 4
84 82 113 114 126 63 86 137 88 81 
308 2 6
130 67 60 142 96 128 109 110 116 58 
309 7 8
135 138 147 122 76 76 135 110 60 51 
310 5 10
64 62 128 54 145 119 91 125 88 101 
311 10 8
79 128 147 97 137 105 56 122 93 53 
312 8 10
131 84 131 142 137 55 81 103 68 111 
313 8 4
80 148 91 71 51 110 108 80 141 57 
314 1 1
112 86 104 107 142 101 77 75 88 110 
315 8 6
116 50 129 86 111 138 51 94 89 92 
316 6 1
105 125 73 96 132 103 126 94 91 80 
317 2 6
84 130 61 74 91 130 99 57 131 130 
318 6 5
71 146 140 110 141 57 50 96 132 73 
319 5 7
78 70 110 120 52 112 105 86 144 116 
320 3 6
97 112 144 130 144 139 76 65 88 119 
321 6 10
126 78 125 61 101 69 77 130 141 90 
322 3 4
104 107 132 98 126 144 86 73 58 132 
323 6 6
74 83 120 112 52 148 141 81 128 68 
324 3 10
139 71 111 130 111 113 75 117 123 109 
325 7 10
56 102 74 64 136 81 71 60 114 142 
326 3 8
92 113 148 70 83 142 51 72 115 65 
327 3 8
80 130 144 53 89 112 54 95 116 130 
328 3 4
61 83 113 126 127 86 145 121 101 95 
329 4 8
87 95 109 52 62 64 131 92 144 78 
330 9 4
92 52 81 59 133 93 64 96 78 79 
331 3 7
67 119 79 71 64 123 108 53 120 67 
332 7 3
81 89 74 75 69 72 61 112 127 144 
333 4 3
139 139 108 67 68 131 125 86 52 55 
334 8 8
128 65 70 50 134 128 132 66 120 108 
335 4 10
131 54 53 60 100 128 72 89 117 130 
336 8 9
63 134 76 66 139 133 135 69 100 55 
337 10 5
86 103 52 56 62 146 97 95 102 53 
338 6 4
131 79 92 51 59 101 141 125 86 67 
339 4 8
102 78 99 104 83 70 138 71 124 93 
340 8 7
89 77 133 93 80 88 148 113 117 91 
341 7 9
94 57 105 130 126 148 60 78 76 109 
342 3 3
81 73 83 55 68 63 93 59 90 76 
343 3 1
66 101 83 85 94 100 66 90 59 121 
344 2 7
120 133 116 98 92 51 62 75 126 96 
345 2 5
109 76 53 101 55 57 71 71 60 56 
346 10 7
58 75 97 120 146 70 106 68 53 124 
347 10 8
125 81 72 101 79 55 147 138 82 102 
348 10 8
110 62 60 120 121 69 79 129 94 126 
349 10 4
146 107 113 149 82 132 146 109 116 120 
350 4 6
126 110 86 58 63 77 147 75 90 57 
351 6 2
77 74 92 121 102 94 66 98 51 130 
352 10 6
64 97 95 130 68 110 78 144 70 114 
353 5 6
141 53 60 133 60 108 144 87 84 139 
354 2 8
83 79 137 136 111 137 122 126 84 119 
355 9 3
79 138 148 51 102 54 137 94 57 99 
356 8 1
109 124 109 144 65 122 83 98 52 70 
357 5 4
109 108 141 144 77 102 148 58 90 99 
358 1 6
103 99 91 63 148 70 133 60 144 144 
359 5 10
117 139 59 119 59 94 134 71 104 78 
360 6 3
82 115 140 122 64 102 119 70 51 60 
361 6 3
81 118 112 127 64 68 89 131 57 98 
362 3 9
94 137 139 149 117 106 83 149 72 73 
363 4 9
126 143 58 79 105 143 131 136 63 145 
364 5 9
63 105 59 122 53 62 91 50 101 132 
365 2 9
89 134 119 63 109 142 51 137 87 60 
366 8 4
105 100 129 71 96 145 99 61 52 60 
367 5 9
124 75 108 127 109 59 97 148 95 66 
368 2 7
111 115 94 148 77 111 93 132 113 73 
369 6 10
120 54 71 75 117 55 133 143 132 91 
370 4 2
52 120 142 149 89 105 105 50 70 149 
371 1 8
62 144 132 126 119 87 87 141 144 108 
372 7 4
65 149 108 99 90 131 93 144 54 85 
373 4 4
92 51 145 113 50 95 112 115 89 146 
374 2 1
136 128 102 130 139 118 95 106 118 53 
375 9 1
87 51 57 91 86 102 134 128 103 129 
376 4 7
126 58 121 118 54 62 78 140 92 82 
377 3 4
51 117 142 71 73 100 83 110 101 142 
378 2 10
95 87 119 148 118 65 106 94 73 77 
379 3 10
141 143 120 84 75 94 119 128 114 63 
380 10 8
113 135 149 116 127 102 107 72 139 77 
381 4 8
92 79 103 67 107 116 146 98 61 68 
382 5 7
113 106 65 77 119 116 116 135 101 67 
383 4 10
119 111 53 108 138 78 117 132 108 70 
384 10 8
136 145 117 99 64 104 136 79 60 103 
385 9 2
69 76 118 73 93 122 102 62 83 57 
386 1 4
86 87 105 144 107 56 63 146 103 130 
387 6 10
136 133 98 98 86 58 130 58 84 50 
388 2 8
122 85 139 55 92 61 80 128 50 135 
389 5 1
93 139 108 147 120 105 66 58 89 67 
390 8 8
75 87 85 110 87 68 87 112 103 129 
391 10 7
92 100 76 145 137 101 55 81 90 113 
392 9 3
120 146 121 59 63 78 139 89 67 74 
393 10 7
93 138 118 146 69 138 94 112 140 121 
394 10 8
124 64 110 116 79 138 131 149 87 102 
395 2 1
82 100 139 51 76 90 57 71 79 78 
396 1 1
118 64 64 108 87 73 137 113 139 98 
397 1 9
138 61 120 75 65 133 126 149 83 67 
398 1 2
108 109 83 89 89 53 89 57 119 56 
399 8 8
79 107 120 69 55 102 139 95 65 61 
400 4 3
144 149 131 129 118 83 141 76 95 74 
401 8 5
129 107 94 98 113 111 57 94 68 80 
402 4 6
132 55 123 148 66 146 130 113 97 64 
403 3 6
97 83 144 142 59 61 79 138 70 123 
404 10 4
84 146 130 55 76 145 82 59 50 55 
405 10 10
103 141 82 50 55 76 66 55 110 112 
406 10 2
123 80 112 144 53 101 79 140 97 59 
407 8 5
55 129 85 107 87 96 76 140 87 60 
408 2 6
87 109 102 147 71 103 120 144 134 82 
409 1 8
133 120 79 133 81 126 59 86 106 94 
410 7 6
92 122 85 129 133 128 76 70 87 128 
411 10 1
134 89 107 118 74 147 57 109 69 139 
412 3 2
115 53 89 123 97 135 68 91 60 56 
413 2 4
134 149 115 72 80 84 82 64 75 139 
414 5 2
89 143 111 108 132 105 111 98 109 51 
415 2 9
88 142 50 98 148 123 91 132 122 108 
416 7 3
94 139 118 120 80 52 73 71 146 86 
417 1 9
142 143 76 53 144 50 63 135 94 115 
418 4 3
88 77 126 113 135 83 67 80 124 136 
419 3 7
138 125 128 86 114 60 65 106 53 143 
420 2 1
95 126 85 139 92 70 133 82 97 110 
421 8 6
143 115 117 117 101 69 73 141 96 103 
422 1 1
113 145 68 69 90 131 119 136 108 106 
423 6 1
126 109 134 126 121 82 63 114 147 130 
424 4 1
101 56 93 147 62 73 110 125 120 80 
425 5 2
62 65 147 72 73 74 124 102 85 108 
426 9 7
140 91 72 89 123 55 141 74 114 137 
427 4 7
60 83 53 131 66 100 94 130 115 143 
428 3 2
119 126 143 55 136 71 113 79 64 88 
429 9 8
93 62 61 109 149 134 137 59 120 141 
430 3 9
91 88 68 108 81 122 149 51 50 94 
431 9 7
115 123 65 81 61 86 120 57 50 83 
432 9 10
120 56 110 90 147 105 80 140 143 98 
433 1 6
122 50 128 122 94 86 60 112 59 128 
434 6 4
64 66 82 64 99 100 115 69 106 75 
435 2 6
130 91 145 76 91 146 101 115 98 79 
436 8 5
67 98 108 128 76 106 101 142 74 133 
437 9 4
136 73 95 144 50 58 50 131 52 97 
438 10 6
145 60 111 93 141 100 90 58 100 100 
439 7 9
56 140 70 132 75 80 106 61 103 103 
440 7 7
63 108 89 117 55 148 113 51 58 126 
441 7 2
76 138 61 127 141 99 55 147 141 128 
442 3 8
58 138 130 64 143 88 70 108 146 109 
443 7 3
59 91 105 119 67 53 70 145 142 133 
444 3 4
82 80 82 74 110 114 143 118 54 123 
445 5 10
114 56 58 110 67 136 64 76 77 71 
446 6 5
75 117 141 67 100 114 102 85 96 86 
447 2 7
51 54 76 107 79 63 57 95 69 117 
448 7 10
103 122 117 82 144 113 78 121 132 69 
449 9 6
85 142 70 131 78 133 89 79 89 116 
450 10 1
81 96 116 52 115 74 141 120 98 109 
451 3 3
124 80 63 58 99 103 143 87 147 115 
452 9 7
98 108 57 89 126 96 110 57 94 128 
453 10 10
52 103 129 100 62 131 95 88 113 60 
454 7 6
66 142 52 63 107 122 89 108 132 149 
455 10 9
95 59 67 140 89 129 101 91 82 133 
456 5 7
66 91 84 130 101 82 147 69 126 149 
457 4 7
73 74 146 56 73 95 114 71 57 84 
458 4 7
63 64 138 95 147 134 91 64 75 77 
459 7 9
61 93 98 138 144 131 124 67 107 120 
460 4 2
117 90 52 124 124 115 71 137 81 111 
461 5 2
95 75 145 72 54 143 100 117 138 148 
462 6 5
81 131 53 139 53 77 72 121 69 126 
463 6 4
143 68 82 74 129 66 55 74 143 102 
464 9 10
95 99 66 135 149 74 69 133 107 73 
465 5 4
52 96 86 71 124 83 116 117 102 100 
466 2 2
68 147 58 113 51 56 62 149 57 130 
467 5 8
106 54 140 64 129 116 77 131 62 65 
468 5 7
98 122 55 50 72 146 134 142 95 94 
469 6 8
100 117 148 60 97 132 119 54 88 61 
470 1 10
127 99 100 91 114 106 129 62 130 134 
471 6 5
130 99 96 128 143 51 127 145 118 125 
472 6 9
59 124 74 98 135 96 67 112 145 70 
473 4 2
78 132 73 59 68 138 113 149 87 112 
474 10 3
113 56 128 134 83 133 54 92 60 78 
475 3 8
76 62 60 71 134 115 82 114 50 57 
476 4 9
98 139 119 87 101 100 70 116 106 148 
477 1 2
83 104 134 145 84 128 93 110 140 55 
478 4 7
72 67 141 124 75 66 95 123 107 64 
479 1 1
115 132 77 123 82 127 65 68 134 101 
480 4 9
79 106 81 122 63 114 100 86 132 91 
481 3 10
60 57 134 117 124 96 78 89 79 57 
482 5 4
86 81 81 70 132 95 141 114 103 72 
483 9 10
88 88 57 122 82 119 81 92 127 65 
484 2 2
64 91 92 93 98 56 106 135 88 90 
485 6 3
135 98 138 140 120 78 59 59 69 66 
486 4 2
136 115 95 65 82 108 116 96 50 58 
487 2 9
116 100 83 106 140 141 79 77 89 119 
488 10 1
148 129 121 67 97 54 70 83 71 115 
489 9 7
73 116 102 125 124 96 74 143 98 107 
490 10 1
50 80 67 90 50 136 52 100 67 75 
491 8 6
131 89 100 53 54 101 111 129 67 115 
492 6 5
61 81 87 61 90 88 51 91 119 120 
493 4 2
107 85 121 76 62 140 141 143 79 144 
494 9 6
95 59 66 64 125 73 60 88 104 149 
495 1 6
88 101 138 109 72 71 130 81 58 101 
496 10 1
143 103 63 72 97 64 57 94 73 73 
497 9 1
97 71 139 103 70 141 50 108 92 138 
498 8 7
111 99 149 119 102 59 139 95 64 105 
499 8 2
119 124 107 94 100 117 145 99 138 86 

