500 10 24854
0 4 7
107 105 103 105 96 102 99 91 92 97 
1 1 10
93 96 90 96 102 106 101 98 97 99 
2 3 1
92 93 97 105 99 92 92 108 99 97 
3 4 7
101 92 99 103 91 109 94 107 108 94 
4 6 1
103 96 101 90 106 103 92 100 106 91 
5 6 6
94 97 106 95 96 99 103 107 94 105 
6 3 6
104 97 104 94 93 100 97 98 106 108 
7 9 5
93 101 104 109 102 90 106 98 109 102 
8 7 7
104 109 105 100 104 108 97 91 107 92 
9 8 3
102 106 91 90 96 91 95 99 94 109 
10 1 10
101 107 107 101 91 105 99 97 97 106 
11 8 4
96 95 96 93 109 94 98 101 102 99 
12 4 10
100 98 98 105 90 99 106 93 108 95 
13 7 2
91 105 109 98 94 98 91 100 103 90 
14 5 5
94 104 97 106 93 101 97 95 109 106 
15 3 2
107 98 105 97 104 91 108 105 99 107 
16 6 4
108 98 93 101 98 99 106 94 93 93 
17 4 9
96 90 94 108 98 98 99 107 107 106 
18 5 4
100 93 100 109 102 95 94 100 95 109 
19 5 7
99 92 92 94 107 97 105 94 98 101 
20 3 9
109 93 96 98 90 92 101 100 95 91 
21 2 1
108 95 90 106 94 96 92 95 98 106 
22 3 9
94 107 92 94 90 106 102 109 109 100 
23 9 2
103 101 91 100 103 104 90 93 109 91 
24 10 7
109 103 103 98 100 105 96 96 94 90 
25 1 5
106 92 106 97 95 106 109 108 97 102 
26 9 3
109 99 106 100 92 97 96 91 103 102 
27 2 6
109 109 91 94 109 101 90 97 95 98 
28 8 1
94 108 90 94 92 99 106 91 100 94 
29 3 3
102 100 95 95 92 109 90 92 108 103 
30 9 1
94 100 99 91 109 106 102 105 104 94 
31 10 10
103 106 100 105 90 92 109 94 103 95 
32 2 8
94 103 91 104 96 109 94 92 92 96 
33 5 2
92 98 98 99 102 98 108 108 106 98 
34 4 9
93 103 103 98 100 104 97 96 98 99 
35 1 7
98 107 99 100 93 103 93 107 103 102 
36 7 6
102 106 105 98 107 99 106 90 104 91 
37 1 5
98 97 100 98 106 92 104 107 109 93 
38 10 3
98 93 90 91 97 108 109 101 105 104 
39 10 3
105 97 94 99 99 94 95 99 93 105 
40 8 1
108 101 99 99 97 98 102 105 93 94 
41 10 1
92 90 91 99 96 102 91 92 90 107 
42 4 2
91 99 100 95 106 97 107 104 100 96 
43 5 8
104 98 95 108 102 96 90 96 96 104 
44 7 3
108 99 96 100 97 100 101 90 101 103 
45 8 8
102 96 104 105 102 100 102 109 100 99 
46 10 5
105 91 90 103 97 98 108 96 100 94 
47 7 8
96 90 99 107 95 109 107 108 95 93 
48 4 9
103 107 99 93 97 108 107 104 101 99 
49 1 10
108 108 95 98 104 103 107 91 103 108 
50 1 10
107 109 99 93 92 104 103 97 101 92 
51 3 1
102 101 107 105 91 107 104 101 97 101 
52 2 2
107 90 104 100 108 95 91 106 106 92 
53 2 10
106 94 108 90 108 91 100 92 102 109 
54 8 6
106 94 106 93 97 109 107 94 109 101 
55 8 1
106 90 108 95 93 99 94 101 95 104 
56 2 6
105 104 99 98 103 108 95 92 92 92 
57 8 1
103 104 96 103 96 103 93 104 104 103 
58 10 8
92 105 98 109 100 102 104 107 96 105 
59 8 2
103 93 103 98 95 101 100 108 107 106 
60 4 6
100 108 100 94 101 91 103 95 99 103 
61 5 2
95 100 98 93 95 96 105 109 99 90 
62 8 7
93 107 106 91 95 90 106 105 100 108 
63 2 3
102 106 109 91 100 94 102 97 104 90 
64 4 3
108 100 93 97 100 100 103 104 109 92 
65 8 5
92 105 102 94 104 93 108 96 90 108 
66 10 3
92 93 91 98 93 94 102 92 104 105 
67 2 8
95 97 101 106 99 108 91 93 103 103 
68 8 10
98 96 107 90 94 98 104 108 101 106 
69 9 6
102 101 99 109 96 100 106 94 99 109 
70 1 9
99 103 91 104 108 99 96 97 97 93 
71 8 2
102 92 91 105 100 109 100 104 100 101 
72 4 8
104 91 91 93 90 103 92 91 97 105 
73 7 6
94 92 102 101 107 102 104 91 96 105 
74 8 9
105 109 92 107 93 106 104 107 99 97 
75 3 3
91 96 93 90 92 101 95 96 95 100 
76 1 4
104 106 106 90 102 95 98 109 95 100 
77 7 1
108 93 107 98 92 91 100 105 98 95 
78 6 1
107 103 98 92 93 100 107 107 97 96 
79 10 2
101 99 100 98 109 108 98 100 103 107 
80 1 7
109 102 101 97 107 109 107 96 102 107 
81 2 6
98 108 94 105 106 95 96 98 104 98 
82 9 4
108 107 105 102 104 95 90 95 107 93 
83 3 8
92 91 103 104 109 104 91 109 95 107 
84 5 2
92 102 91 106 102 100 92 92 109 107 
85 5 4
105 96 101 94 100 93 101 102 107 107 
86 10 9
101 90 97 106 100 91 100 102 95 101 
87 10 8
91 93 101 102 90 96 108 97 94 99 
88 3 5
94 105 109 91 102 108 99 106 100 106 
89 5 1
99 104 95 104 96 96 93 109 99 105 
90 3 2
103 100 99 99 101 103 94 105 98 105 
91 8 4
103 108 99 105 105 103 98 106 90 103 
92 4 7
101 108 107 90 95 91 91 100 93 100 
93 1 5
105 94 92 94 109 109 99 94 99 108 
94 2 7
93 109 103 93 94 106 91 105 96 101 
95 8 3
102 99 92 98 101 92 104 97 108 106 
96 4 8
97 102 103 107 92 95 103 107 106 108 
97 2 4
96 104 90 103 95 98 95 100 99 109 
98 9 1
92 94 109 90 91 92 100 90 96 93 
99 10 1
98 93 108 107 103 101 100 90 95 100 
100 4 2
108 100 91 97 99 101 90 93 105 109 
101 5 9
104 96 99 102 99 100 103 100 103 93 
102 8 10
104 99 109 101 109 94 92 100 96 105 
103 10 6
96 91 101 104 103 97 92 97 103 93 
104 10 3
104 94 94 109 109 93 108 103 102 99 
105 6 5
103 109 104 109 105 105 97 103 99 100 
106 8 3
107 92 99 100 95 90 94 101 107 99 
107 4 7
102 91 92 95 93 109 91 98 108 97 
108 1 6
92 97 109 101 99 96 103 96 98 104 
109 7 7
97 102 107 94 91 90 90 96 104 104 
110 4 8
103 94 107 102 101 107 99 95 106 98 
111 10 6
105 92 101 105 99 109 91 106 102 101 
112 1 6
93 102 101 99 97 96 108 102 100 106 
113 5 4
103 96 109 100 104 98 105 91 92 109 
114 8 4
108 100 109 92 103 101 98 107 94 101 
115 7 4
108 95 105 90 91 102 96 104 108 95 
116 7 3
95 102 96 109 101 93 93 91 95 92 
117 7 10
104 94 106 100 97 104 103 107 109 90 
118 1 3
102 106 109 100 103 105 105 108 97 91 
119 8 1
106 90 94 91 93 90 102 99 106 90 
120 10 4
105 94 103 96 94 93 101 99 101 100 
121 10 5
95 96 92 95 109 101 97 97 94 101 
122 2 10
101 103 98 97 104 109 93 91 93 98 
123 8 10
93 108 98 104 90 90 108 96 108 102 
124 4 9
105 100 95 109 92 96 108 95 102 108 
125 4 7
107 98 97 102 106 96 102 109 107 90 
126 4 8
102 93 105 101 97 108 99 104 91 96 
127 5 4
95 94 98 107 93 103 105 90 91 104 
128 6 8
90 107 98 99 99 103 109 104 106 104 
129 6 6
95 96 100 96 102 106 99 99 102 99 
130 7 6
105 103 98 106 97 103 96 90 92 96 
131 10 4
90 98 107 106 105 92 94 90 90 96 
132 9 6
104 109 104 96 98 103 92 93 96 92 
133 3 5
97 100 104 99 106 105 94 106 94 92 
134 6 2
106 91 93 107 97 91 92 91 90 98 
135 10 1
91 103 94 98 105 98 92 92 100 106 
136 4 7
101 90 105 97 104 102 100 100 103 103 
137 10 1
104 103 103 104 92 94 105 93 108 101 
138 2 4
101 95 98 91 103 93 109 107 105 104 
139 5 10
96 97 102 101 90 101 93 97 107 106 
140 4 10
91 90 104 101 101 108 106 104 93 94 
141 8 8
90 97 104 105 103 100 107 102 99 99 
142 4 1
102 97 99 99 105 92 90 98 93 105 
143 10 7
95 106 103 90 102 90 107 94 97 93 
144 1 2
96 107 95 97 108 98 99 100 97 108 
145 1 4
91 90 93 106 97 93 92 102 101 105 
146 4 4
98 92 98 105 108 90 98 106 99 103 
147 4 8
104 103 107 91 93 99 106 94 92 90 
148 3 10
105 97 104 96 104 109 91 92 103 91 
149 9 2
103 108 109 92 94 105 91 100 90 101 
150 4 4
90 90 90 92 102 102 94 97 109 108 
151 6 5
107 108 106 100 90 96 104 103 107 95 
152 9 2
90 99 93 90 102 96 94 103 108 106 
153 8 1
98 101 99 98 91 96 104 108 95 100 
154 2 6
99 97 100 96 102 108 109 95 90 92 
155 8 3
98 91 107 97 99 107 99 108 98 109 
156 9 1
95 102 90 92 104 103 97 93 90 100 
157 2 6
98 90 100 90 104 97 95 93 91 104 
158 3 1
101 93 90 90 104 108 92 102 100 92 
159 5 6
98 104 90 98 94 92 95 94 92 97 
160 6 8
105 92 102 98 106 96 100 90 99 101 
161 3 7
99 104 98 102 98 92 107 98 106 107 
162 8 1
109 104 95 104 92 92 93 99 106 105 
163 8 5
103 109 94 104 100 106 100 102 92 108 
164 5 4
91 91 101 99 100 90 100 92 105 97 
165 7 10
91 109 108 107 96 105 91 101 104 108 
166 6 8
96 106 99 91 104 103 106 97 96 109 
167 8 7
90 109 100 97 96 96 98 97 107 96 
168 7 6
103 107 96 109 97 102 106 104 90 107 
169 6 5
100 101 92 98 100 101 95 92 100 97 
170 2 7
104 99 105 93 105 101 101 90 90 107 
171 1 9
91 106 104 91 104 99 98 106 102 92 
172 6 3
103 92 107 93 99 100 101 105 90 96 
173 10 8
99 92 98 99 109 98 99 103 106 93 
174 7 1
94 104 109 106 106 94 101 99 108 90 
175 5 10
100 105 105 100 91 96 100 92 98 108 
176 5 10
108 103 94 104 99 101 107 95 107 106 
177 3 5
102 95 105 100 95 102 99 97 97 106 
178 9 2
92 90 93 92 108 97 104 106 103 108 
179 1 5
99 97 109 97 105 91 103 97 108 90 
180 10 6
102 101 93 102 97 103 103 92 103 98 
181 7 2
106 100 109 91 99 91 105 100 99 104 
182 10 7
98 92 94 96 105 103 104 97 94 107 
183 2 5
100 94 108 93 103 104 96 91 95 95 
184 5 7
96 99 106 97 105 96 94 93 90 90 
185 3 6
103 98 105 100 95 96 96 97 93 94 
186 1 9
100 98 91 105 103 105 91 101 94 100 
187 2 2
98 105 97 98 105 91 106 90 99 101 
188 3 5
99 90 91 94 94 93 102 105 101 103 
189 3 7
90 106 109 106 108 100 98 96 107 105 
190 5 5
106 100 95 95 103 109 101 105 90 94 
191 10 7
97 94 93 100 99 96 96 100 104 95 
192 9 3
98 96 108 95 103 94 100 91 97 97 
193 9 1
108 99 97 108 103 109 97 102 105 100 
194 3 5
98 90 96 92 96 95 96 96 93 94 
195 2 8
91 103 100 98 102 99 90 101 100 98 
196 2 7
97 98 98 92 101 93 108 109 93 95 
197 5 2
92 102 97 107 99 101 104 100 94 107 
198 9 8
96 108 90 98 96 91 94 95 92 95 
199 10 4
98 108 94 93 105 100 95 99 93 94 
200 7 3
105 103 92 90 100 90 99 98 100 99 
201 7 8
92 91 104 94 108 104 99 108 94 104 
202 2 10
106 108 90 109 93 96 93 108 109 95 
203 1 2
107 101 99 98 102 96 107 105 109 93 
204 10 10
107 99 97 103 105 90 94 101 109 94 
205 2 5
93 96 94 92 102 97 106 91 108 95 
206 2 2
93 100 96 104 104 107 105 93 108 92 
207 8 4
105 103 107 104 108 90 90 91 96 94 
208 6 9
93 101 102 92 99 95 95 94 106 93 
209 2 3
90 96 95 101 99 104 94 106 98 91 
210 1 9
91 92 109 98 108 96 108 92 100 92 
211 5 10
98 91 105 106 94 96 108 106 103 105 
212 8 5
92 94 100 92 107 102 90 101 96 101 
213 10 5
99 99 96 109 94 92 100 102 93 96 
214 9 10
102 108 106 107 103 105 93 105 109 95 
215 10 8
99 99 90 105 102 101 90 92 90 96 
216 4 7
99 94 98 94 100 98 94 104 108 102 
217 5 3
97 97 109 109 103 99 98 104 100 98 
218 1 6
109 100 99 101 98 92 98 107 96 98 
219 5 9
99 108 93 97 100 97 101 99 96 93 
220 1 2
94 98 96 96 106 106 91 97 108 92 
221 10 7
95 109 94 93 97 108 102 98 98 97 
222 7 1
104 109 101 102 92 102 94 96 90 92 
223 4 10
108 96 98 106 99 97 92 96 108 108 
224 10 9
98 91 96 98 90 104 108 104 104 92 
225 10 7
104 105 105 104 107 90 105 97 96 94 
226 4 6
93 107 103 92 98 93 90 98 106 96 
227 10 8
91 109 93 97 91 92 93 105 107 100 
228 3 7
100 107 103 107 91 98 94 107 96 108 
229 10 7
103 109 96 99 107 105 96 100 105 92 
230 8 7
106 103 102 104 93 96 90 104 93 96 
231 4 8
104 109 104 102 99 103 108 92 94 95 
232 5 4
102 92 94 97 94 91 106 91 96 98 
233 8 1
104 109 106 99 95 101 96 90 92 102 
234 3 3
107 93 96 91 90 100 97 102 103 101 
235 1 8
94 98 100 101 98 107 103 104 107 91 
236 4 5
94 92 104 96 104 109 108 94 92 95 
237 8 3
97 94 104 90 105 96 100 90 104 90 
238 4 3
100 98 106 109 99 102 103 95 104 98 
239 2 1
97 92 94 99 109 92 93 96 96 107 
240 8 5
106 99 96 100 99 99 95 101 107 103 
241 1 9
95 94 93 109 94 96 102 93 98 106 
242 3 8
100 97 96 107 94 103 101 102 104 107 
243 6 6
108 90 97 97 103 107 107 109 103 102 
244 1 8
108 92 90 97 101 94 96 91 101 102 
245 9 9
107 91 90 101 100 97 109 90 97 96 
246 10 4
93 106 94 99 98 104 96 109 99 97 
247 9 1
101 94 103 105 99 94 93 108 95 105 
248 3 9
93 91 98 92 97 90 105 92 106 101 
249 2 8
108 108 106 97 107 104 109 90 100 102 
250 8 2
106 92 100 104 108 102 92 103 103 92 
251 8 3
104 105 104 101 96 108 90 94 98 98 
252 4 6
92 104 107 94 97 95 106 105 97 96 
253 10 8
100 93 92 93 108 100 105 102 95 91 
254 6 2
101 105 98 109 93 93 106 107 108 96 
255 3 6
101 100 90 100 98 92 98 108 107 100 
256 2 6
90 98 90 107 91 105 91 103 93 99 
257 5 9
102 103 106 100 109 100 97 100 102 90 
258 1 1
104 90 108 101 101 109 109 93 109 109 
259 2 3
96 104 107 99 93 92 98 97 105 106 
260 1 5
96 99 106 108 99 106 108 105 99 98 
261 8 1
97 108 105 108 107 98 100 105 92 98 
262 6 8
92 95 107 99 91 97 93 109 106 109 
263 10 9
97 97 103 106 105 102 98 104 100 106 
264 5 10
106 96 105 109 96 102 98 98 107 95 
265 8 1
102 102 99 91 93 108 101 93 107 106 
266 2 5
99 102 100 101 98 96 93 94 102 100 
267 6 10
104 94 109 101 99 99 103 104 91 92 
268 6 8
102 96 90 91 104 101 95 93 105 97 
269 8 4
103 92 90 107 94 97 106 108 101 98 
270 10 4
107 92 97 100 106 104 97 90 102 109 
271 2 7
93 108 92 108 95 99 92 100 93 104 
272 8 8
91 106 95 95 94 96 108 91 90 95 
273 2 9
109 101 98 101 100 99 107 103 109 101 
274 3 7
102 96 96 105 90 95 104 103 91 109 
275 9 8
107 106 108 107 103 92 95 94 103 95 
276 8 6
96 95 99 95 98 103 103 91 109 109 
277 7 2
107 101 94 100 92 105 98 90 101 96 
278 10 8
90 105 91 103 102 99 99 109 96 100 
279 7 5
93 100 105 104 91 94 95 108 105 91 
280 10 10
106 107 99 90 105 109 107 106 96 108 
281 2 9
109 92 99 95 94 96 102 97 106 97 
282 2 8
101 108 106 108 90 107 98 106 96 99 
283 7 2
98 95 99 96 106 101 107 105 95 96 
284 4 1
102 95 99 98 102 93 108 106 91 96 
285 7 2
93 104 100 99 106 108 92 106 94 102 
286 4 1
105 90 97 102 108 90 92 93 95 94 
287 4 1
97 91 108 98 97 94 92 92 101 102 
288 2 8
92 96 93 96 100 108 108 107 100 108 
289 10 10
108 94 102 106 98 97 108 105 99 98 
290 4 7
94 107 101 105 99 104 104 102 90 100 
291 1 1
98 91 97 101 109 99 90 99 103 94 
292 8 4
101 97 98 102 105 93 91 102 91 102 
293 10 3
96 104 96 109 106 99 99 94 100 99 
294 6 2
100 97 92 93 93 102 98 97 101 106 
295 2 10
101 102 101 94 106 100 97 93 106 95 
296 3 3
104 93 99 106 94 106 107 104 106 102 
297 10 10
106 107 108 97 95 92 96 107 104 107 
298 2 2
98 90 96 106 96 90 99 90 105 108 
299 8 1
104 96 96 100 100 106 92 96 95 102 
300 5 2
104 102 90 91 100 103 94 100 104 100 
301 7 3
92 97 102 107 95 91 99 90 90 106 
302 3 1
102 94 99 99 99 105 90 93 97 90 
303 5 10
104 98 109 90 100 108 102 102 95 106 
304 3 2
108 101 93 100 97 107 102 101 104 91 
305 2 4
106 103 108 106 96 93 95 102 93 107 
306 3 7
105 106 108 90 102 102 93 92 94 108 
307 3 4
98 95 97 92 108 98 107 97 103 105 
308 4 10
100 98 101 96 95 105 102 102 101 92 
309 6 7
105 98 108 109 109 93 104 97 90 91 
310 2 1
91 108 107 105 103 90 96 106 91 108 
311 3 9
95 104 93 99 106 98 95 101 98 105 
312 3 10
100 107 96 100 100 97 103 102 107 100 
313 8 2
93 103 97 106 93 99 96 99 105 99 
314 9 2
107 105 93 108 100 107 107 103 104 106 
315 6 6
105 98 99 103 109 106 106 104 91 105 
316 1 8
106 106 108 101 96 98 92 105 93 107 
317 4 6
105 101 108 91 97 96 108 92 104 97 
318 8 4
93 93 97 107 108 99 96 104 96 94 
319 6 5
102 90 109 97 107 95 94 94 106 105 
320 7 6
91 94 99 105 102 107 91 97 90 90 
321 7 2
100 92 95 98 96 93 102 100 93 101 
322 10 3
106 96 107 94 91 93 101 104 109 91 
323 2 2
100 92 101 92 105 97 103 95 100 101 
324 6 9
96 107 101 99 90 102 103 99 108 100 
325 4 2
95 107 107 107 100 109 98 90 103 101 
326 5 9
109 90 95 91 93 100 91 99 109 102 
327 1 1
107 93 99 97 96 104 109 93 93 98 
328 1 4
97 91 95 91 102 102 91 93 102 97 
329 5 6
99 96 94 99 100 104 91 97 99 100 
330 6 6
106 96 101 90 104 101 95 92 94 93 
331 6 8
105 106 102 97 105 107 104 95 93 108 
332 7 4
94 97 91 103 99 98 91 107 104 102 
333 10 9
105 105 92 102 100 107 91 95 96 103 
334 3 2
100 108 108 95 106 94 109 102 93 102 
335 8 3
102 108 92 96 92 101 96 100 108 99 
336 3 9
108 105 95 94 98 99 108 109 97 106 
337 5 6
103 105 97 106 109 95 91 101 105 105 
338 10 1
96 106 102 107 107 96 107 105 91 93 
339 3 10
102 100 90 90 108 107 105 101 94 105 
340 1 5
90 103 97 97 98 107 107 104 103 91 
341 4 1
97 91 107 98 106 91 100 98 93 100 
342 1 3
109 106 95 94 93 107 90 105 100 97 
343 3 9
94 102 95 107 103 98 109 91 91 99 
344 10 8
100 109 96 96 92 108 98 91 96 95 
345 8 10
93 107 94 95 95 97 94 99 101 99 
346 10 5
99 100 95 101 101 97 98 92 108 96 
347 9 1
95 98 104 101 95 101 91 90 99 95 
348 7 7
94 92 105 105 101 96 90 90 99 107 
349 4 1
106 102 104 105 100 92 97 105 92 103 
350 10 1
107 90 90 96 107 108 94 104 90 101 
351 10 2
108 91 94 109 101 97 109 97 101 104 
352 5 3
98 104 99 93 109 98 93 106 90 105 
353 5 1
104 108 94 104 100 103 108 90 97 104 
354 10 9
103 108 107 95 94 94 109 103 108 98 
355 9 8
99 101 96 99 108 90 109 102 109 93 
356 10 10
99 107 99 106 93 90 96 106 108 93 
357 4 6
97 102 90 107 103 98 97 92 101 103 
358 4 10
95 93 92 94 108 103 95 109 92 96 
359 8 6
96 103 91 107 99 105 102 98 109 102 
360 9 3
90 95 104 101 100 100 102 105 103 96 
361 3 4
109 107 105 91 94 92 108 92 98 102 
362 10 10
109 101 99 108 105 97 93 105 94 99 
363 9 5
109 93 92 94 99 104 98 99 93 93 
364 3 10
107 103 92 95 95 103 96 94 107 106 
365 5 3
93 107 90 90 97 100 96 96 103 98 
366 2 4
104 101 94 108 96 108 107 105 101 109 
367 4 9
103 109 94 92 105 109 104 101 98 104 
368 2 8
107 99 104 100 108 107 95 94 90 99 
369 3 9
90 90 103 101 101 96 102 106 96 106 
370 9 4
97 95 94 106 101 97 93 98 99 99 
371 10 10
108 106 93 108 108 96 106 108 108 92 
372 2 2
98 103 108 96 100 98 90 107 103 106 
373 6 6
106 99 103 95 100 94 94 99 103 97 
374 8 2
95 106 99 93 108 100 107 108 106 105 
375 6 9
93 95 97 99 91 103 104 107 104 109 
376 5 5
106 108 95 99 108 95 102 93 91 91 
377 10 2
93 106 99 101 93 104 99 108 101 107 
378 10 4
100 103 92 106 95 99 102 103 97 108 
379 5 8
93 96 103 106 109 102 97 92 90 98 
380 5 6
93 105 95 104 102 95 109 104 100 104 
381 1 6
93 105 90 92 103 104 90 106 102 103 
382 3 2
107 101 104 99 109 90 106 104 105 91 
383 2 1
96 102 96 107 96 99 94 91 94 95 
384 7 8
101 106 95 94 91 99 97 100 90 91 
385 2 2
103 97 96 91 98 97 103 97 101 109 
386 5 1
98 90 101 94 107 97 103 99 105 108 
387 6 9
97 102 108 109 96 99 101 101 98 99 
388 5 8
98 107 94 109 99 90 99 99 90 103 
389 5 9
102 97 109 90 96 106 98 95 90 109 
390 8 7
90 98 100 99 99 104 108 107 102 104 
391 9 2
104 108 100 96 93 106 106 105 94 97 
392 8 3
105 106 109 106 97 106 104 97 94 94 
393 7 4
109 96 92 93 90 101 106 96 91 108 
394 6 5
105 91 101 101 91 109 103 106 97 102 
395 5 5
91 109 91 95 105 100 101 96 106 95 
396 10 8
106 107 93 99 106 98 95 93 92 107 
397 7 6
98 101 93 105 93 98 99 106 109 92 
398 3 5
102 95 91 99 92 92 96 101 90 91 
399 1 9
92 96 93 106 105 99 93 93 90 96 
400 9 6
96 109 102 95 91 96 90 104 93 91 
401 6 6
93 103 106 105 104 99 93 98 105 108 
402 7 1
97 109 95 97 96 93 93 102 104 97 
403 9 6
103 100 99 106 93 94 91 108 99 100 
404 5 5
109 99 94 104 98 91 106 105 90 91 
405 6 9
106 100 101 100 107 91 107 100 93 109 
406 9 7
105 101 94 95 91 100 99 90 90 95 
407 7 1
96 104 105 97 97 92 107 93 102 98 
408 6 10
91 93 101 94 92 99 100 99 91 97 
409 5 3
107 105 105 107 91 103 107 97 98 95 
410 7 6
97 94 101 102 94 106 91 108 101 95 
411 3 6
104 95 105 97 102 99 92 99 95 107 
412 10 7
100 98 95 100 95 94 96 95 90 107 
413 8 5
95 100 92 99 105 107 104 92 92 91 
414 10 7
101 101 97 98 90 96 96 93 97 101 
415 4 3
97 101 99 97 90 96 102 96 107 96 
416 8 5
93 91 96 107 105 98 93 108 101 101 
417 7 5
99 102 97 106 105 102 91 105 94 100 
418 3 5
107 104 92 96 103 99 100 106 93 99 
419 7 9
107 99 106 98 90 104 102 100 108 101 
420 9 6
94 109 90 90 92 93 106 109 99 101 
421 8 3
90 109 101 105 98 107 103 95 108 91 
422 7 2
105 100 103 103 92 101 109 108 93 109 
423 1 6
92 96 106 94 107 103 96 100 94 99 
424 6 4
108 101 100 107 102 98 98 98 109 91 
425 4 4
94 94 101 109 94 103 94 108 109 102 
426 3 10
107 91 109 92 92 106 105 91 97 107 
427 1 3
96 108 102 95 101 95 100 97 100 91 
428 8 7
96 93 106 95 106 109 96 95 102 107 
429 8 5
96 104 97 103 102 107 107 100 97 99 
430 6 1
97 95 108 99 108 107 105 94 102 101 
431 2 1
92 90 96 96 107 95 91 105 90 98 
432 10 5
108 108 104 95 98 91 106 97 108 96 
433 7 9
105 93 94 97 96 107 98 99 107 104 
434 8 8
101 98 92 101 99 93 97 97 92 103 
435 5 3
104 90 91 94 108 107 102 103 102 106 
436 2 9
104 91 109 101 97 97 100 108 97 103 
437 3 9
98 99 105 100 105 102 94 99 94 95 
438 7 4
104 108 98 96 105 91 107 91 92 98 
439 5 2
105 105 90 105 90 92 93 98 93 101 
440 2 9
93 97 90 109 103 96 92 97 94 101 
441 7 2
94 93 94 97 93 99 98 101 106 90 
442 7 7
92 91 106 108 94 109 106 109 97 106 
443 10 3
104 91 101 109 94 107 92 99 102 97 
444 9 7
98 98 97 94 99 95 102 93 96 90 
445 4 2
90 100 100 109 108 99 101 103 93 104 
446 5 10
94 108 90 106 107 98 94 95 99 93 
447 10 9
90 91 103 109 104 97 92 96 99 94 
448 6 10
104 98 94 99 92 90 90 96 109 91 
449 6 7
99 101 92 100 97 93 90 97 107 104 
450 9 2
103 90 107 92 95 92 103 101 92 108 
451 1 7
108 90 93 107 91 100 96 93 103 90 
452 6 1
93 96 90 90 102 108 93 95 109 90 
453 10 7
104 102 97 106 100 97 95 91 109 90 
454 1 4
100 106 98 105 106 103 106 102 101 98 
455 5 4
108 98 98 99 98 109 95 105 94 102 
456 4 5
101 98 97 93 98 108 106 100 104 106 
457 7 4
91 104 105 103 92 109 106 90 97 107 
458 3 9
106 97 93 90 90 108 97 101 97 104 
459 5 6
94 92 108 109 100 94 104 102 108 99 
460 8 3
90 103 94 90 92 96 90 101 104 105 
461 4 7
103 92 107 90 107 94 98 91 108 96 
462 3 10
92 96 103 102 97 100 94 90 105 98 
463 1 1
97 90 91 103 97 94 109 90 97 98 
464 4 7
94 103 99 93 101 104 94 103 102 99 
465 6 1
101 91 90 108 91 102 98 98 94 99 
466 2 2
96 102 93 95 91 106 103 95 99 104 
467 1 3
98 94 95 91 103 92 103 106 93 95 
468 6 8
107 93 95 91 95 109 94 93 101 97 
469 9 5
106 103 100 107 97 100 100 106 97 97 
470 10 3
92 104 99 107 109 94 104 98 97 102 
471 2 3
101 95 105 104 94 105 109 90 98 99 
472 9 9
101 90 94 108 97 95 101 99 109 102 
473 8 1
106 91 108 93 95 109 98 106 94 105 
474 4 1
93 92 91 93 93 109 101 96 109 97 
475 6 9
102 98 98 93 90 97 103 98 90 93 
476 4 7
92 101 104 108 109 107 109 92 109 102 
477 8 5
101 99 91 92 106 108 102 91 108 102 
478 5 1
109 100 108 102 95 103 100 98 95 94 
479 9 7
92 99 100 103 91 97 90 94 106 103 
480 9 4
101 101 96 91 93 92 101 105 94 91 
481 8 1
104 107 100 101 103 98 109 105 108 99 
482 2 10
107 103 106 95 96 104 100 107 95 106 
483 1 10
109 103 106 93 96 93 103 102 102 93 
484 5 6
94 93 103 104 95 96 95 104 109 91 
485 10 6
106 100 104 91 108 94 92 99 99 108 
486 4 6
103 108 97 95 104 93 93 100 97 98 
487 5 5
104 99 108 95 101 107 92 97 109 106 
488 1 9
102 93 109 91 91 102 98 105 93 105 
489 3 10
109 97 109 108 105 105 92 91 94 102 
490 7 8
99 98 96 91 106 97 101 90 100 100 
491 4 4
105 91 100 100 99 105 109 98 92 100 
492 9 1
95 90 101 91 102 108 91 103 108 97 
493 7 8
104 107 97 106 90 91 102 105 104 92 
494 6 4
99 106 93 102 108 91 92 105 103 95 
495 9 8
93 99 101 104 107 107 91 93 97 90 
496 1 8
103 102 104 90 96 101 93 106 97 97 
497 1 6
90 104 102 104 109 90 101 105 100 104 
498 2 10
94 104 92 101 104 92 100 90 96 94 
499 1 6
105 105 103 104 92 103 101 105 97 93 

