50 10 4454
0 91 20
113 100 86 123 89 102 120 102 117 104 
1 50 94
112 124 79 98 92 105 77 97 94 90 
2 68 92
85 105 121 88 88 111 107 77 86 121 
3 53 78
98 122 82 92 103 81 85 90 81 89 
4 91 76
119 120 124 91 85 91 84 98 123 80 
5 87 63
118 96 91 81 92 93 111 115 92 118 
6 11 46
124 95 87 82 112 79 110 108 124 109 
7 100 63
78 85 112 76 92 98 90 85 121 106 
8 70 66
76 80 83 93 123 93 90 124 113 102 
9 10 78
107 121 86 108 107 87 122 110 98 109 
10 90 93
85 79 80 81 113 99 97 116 106 107 
11 61 32
75 100 105 115 80 116 93 112 112 104 
12 23 73
116 95 84 91 81 123 84 91 80 91 
13 76 46
115 124 111 96 106 123 77 106 101 109 
14 24 32
103 116 95 92 97 117 114 91 89 124 
15 85 72
124 120 114 81 86 89 76 76 88 115 
16 25 97
113 103 104 91 88 78 122 116 119 94 
17 9 20
89 75 110 103 124 94 76 75 90 116 
18 58 77
82 85 105 98 75 81 94 116 110 124 
19 58 49
79 82 116 123 101 76 94 115 76 79 
20 72 3
101 97 78 118 90 87 94 100 97 76 
21 99 74
83 94 91 118 93 98 118 97 107 111 
22 24 60
112 117 76 116 124 99 120 100 124 75 
23 19 65
87 114 114 110 118 114 85 76 84 101 
24 47 30
76 116 77 109 102 102 120 89 96 121 
25 58 71
96 80 122 95 80 90 111 93 82 103 
26 56 51
92 92 76 101 120 124 81 121 115 85 
27 81 18
114 100 108 85 99 118 108 122 123 105 
28 20 4
123 80 98 80 110 105 80 78 124 83 
29 32 95
84 114 116 124 76 98 93 117 76 78 
30 4 78
121 113 99 121 93 118 77 91 75 100 
31 24 37
83 105 116 84 113 99 79 122 91 122 
32 99 68
97 93 87 98 97 90 75 95 80 101 
33 18 74
94 96 117 97 123 92 83 81 123 76 
34 17 87
102 97 111 118 94 111 88 116 80 100 
35 68 80
117 94 76 122 121 93 95 92 114 89 
36 42 89
107 76 121 107 77 89 95 105 111 81 
37 76 58
120 113 76 77 88 93 106 82 114 107 
38 5 88
78 102 82 119 116 123 109 100 75 108 
39 58 5
122 105 109 111 111 87 120 108 75 121 
40 36 17
91 93 98 81 78 103 120 83 82 77 
41 55 51
76 116 101 78 99 110 82 98 90 119 
42 12 5
81 82 114 83 78 102 99 97 122 75 
43 79 53
103 100 85 110 103 92 112 106 83 90 
44 85 35
76 118 84 93 112 96 99 120 105 91 
45 5 36
118 103 82 115 103 112 118 83 88 80 
46 46 92
97 108 99 107 123 85 91 76 78 101 
47 23 94
124 123 113 104 89 117 89 82 96 99 
48 1 52
86 120 87 99 75 82 92 100 117 118 
49 60 94
78 101 119 82 79 93 75 80 92 113 

