50 10 989
0 4 7
127 65 143 85 136 142 99 71 112 77 
1 1 10
113 76 90 76 122 86 61 118 117 79 
2 3 1
112 73 117 85 79 52 72 108 119 117 
3 4 7
61 92 79 123 71 69 134 87 148 74 
4 6 1
63 76 141 130 106 123 112 120 146 131 
5 6 6
134 77 86 55 96 79 63 107 74 145 
6 3 6
64 117 84 114 93 100 137 58 126 128 
7 9 5
53 101 104 149 82 110 126 118 89 62 
8 7 7
144 89 145 120 84 128 117 51 147 52 
9 8 3
102 106 51 130 136 91 115 139 94 69 
10 1 10
81 67 147 121 131 125 59 77 117 106 
11 8 4
136 115 56 133 69 74 78 121 82 79 
12 4 10
120 118 58 65 90 99 146 73 68 95 
13 7 2
71 105 129 138 114 78 91 100 143 50 
14 5 5
74 64 137 106 93 141 77 115 109 86 
15 3 2
87 78 125 57 124 71 108 145 79 87 
16 6 4
68 78 93 61 78 79 126 54 93 113 
17 4 9
56 90 54 68 78 138 119 67 67 146 
18 5 4
120 133 140 149 122 75 94 140 55 89 
19 5 7
119 132 92 114 147 57 105 54 98 61 
20 3 9
149 93 96 118 90 72 61 60 55 51 
21 2 1
128 55 70 86 94 76 72 115 58 66 
22 3 9
74 87 112 74 50 86 102 149 129 100 
23 9 2
123 81 131 80 83 144 110 113 149 131 
24 10 7
109 123 63 118 140 145 76 116 134 90 
25 1 5
126 92 86 57 95 106 129 68 137 62 
26 9 3
109 59 86 60 92 137 56 51 63 122 
27 2 6
69 149 71 54 89 61 90 117 55 78 
28 8 1
134 108 70 74 72 119 146 131 80 134 
29 3 3
122 100 75 135 72 149 90 92 148 63 
30 9 1
74 140 59 131 69 86 82 105 144 54 
31 10 10
123 126 100 105 110 92 129 134 143 55 
32 2 8
54 63 111 104 76 109 94 52 52 56 
33 5 2
92 118 78 139 122 58 108 148 86 58 
34 4 9
53 83 83 98 140 104 117 96 118 79 
35 1 7
138 147 99 140 53 83 113 147 103 142 
36 7 6
102 146 125 138 107 79 86 110 64 71 
37 1 5
78 77 100 98 106 52 144 147 149 93 
38 10 3
78 53 50 131 97 88 109 101 85 84 
39 10 3
65 77 54 79 99 114 135 79 93 85 
40 8 1
88 121 99 139 117 138 142 145 93 94 
41 10 1
132 90 91 119 76 82 111 92 110 67 
42 4 2
131 59 140 75 146 117 127 84 140 76 
43 5 8
64 118 55 108 62 136 50 96 76 144 
44 7 3
128 79 96 140 97 120 101 130 81 143 
45 8 8
62 136 64 105 62 140 62 129 60 119 
46 10 5
105 91 70 83 137 138 88 116 120 134 
47 7 8
56 110 99 87 55 109 67 68 95 133 
48 4 9
123 87 139 133 57 128 107 64 121 79 
49 1 10
68 88 75 138 124 83 107 131 143 108 

