50 10 995
0 91 20
103 100 96 103 99 102 100 102 97 104 
1 50 94
102 104 99 98 102 95 97 97 104 100 
2 68 92
95 95 101 98 98 101 97 97 96 101 
3 53 78
98 102 102 102 103 101 95 100 101 99 
4 91 76
99 100 104 101 95 101 104 98 103 100 
5 87 63
98 96 101 101 102 103 101 95 102 98 
6 11 46
104 95 97 102 102 99 100 98 104 99 
7 100 63
98 95 102 96 102 98 100 95 101 96 
8 70 66
96 100 103 103 103 103 100 104 103 102 
9 10 78
97 101 96 98 97 97 102 100 98 99 
10 90 93
95 99 100 101 103 99 97 96 96 97 
11 61 32
95 100 95 95 100 96 103 102 102 104 
12 23 73
96 95 104 101 101 103 104 101 100 101 
13 76 46
95 104 101 96 96 103 97 96 101 99 
14 24 32
103 96 95 102 97 97 104 101 99 104 
15 85 72
104 100 104 101 96 99 96 96 98 95 
16 25 97
103 103 104 101 98 98 102 96 99 104 
17 9 20
99 95 100 103 104 104 96 95 100 96 
18 58 77
102 95 95 98 95 101 104 96 100 104 
19 58 49
99 102 96 103 101 96 104 95 96 99 
20 72 3
101 97 98 98 100 97 104 100 97 96 
21 99 74
103 104 101 98 103 98 98 97 97 101 
22 24 60
102 97 96 96 104 99 100 100 104 95 
23 19 65
97 104 104 100 98 104 95 96 104 101 
24 47 30
96 96 97 99 102 102 100 99 96 101 
25 58 71
96 100 102 95 100 100 101 103 102 103 
26 56 51
102 102 96 101 100 104 101 101 95 95 
27 81 18
104 100 98 95 99 98 98 102 103 95 
28 20 4
103 100 98 100 100 95 100 98 104 103 
29 32 95
104 104 96 104 96 98 103 97 96 98 
30 4 78
101 103 99 101 103 98 97 101 95 100 
31 24 37
103 95 96 104 103 99 99 102 101 102 
32 99 68
97 103 97 98 97 100 95 95 100 101 
33 18 74
104 96 97 97 103 102 103 101 103 96 
34 17 87
102 97 101 98 104 101 98 96 100 100 
35 68 80
97 104 96 102 101 103 95 102 104 99 
36 42 89
97 96 101 97 97 99 95 95 101 101 
37 76 58
100 103 96 97 98 103 96 102 104 97 
38 5 88
98 102 102 99 96 103 99 100 95 98 
39 58 5
102 95 99 101 101 97 100 98 95 101 
40 36 17
101 103 98 101 98 103 100 103 102 97 
41 55 51
96 96 101 98 99 100 102 98 100 99 
42 12 5
101 102 104 103 98 102 99 97 102 95 
43 79 53
103 100 95 100 103 102 102 96 103 100 
44 85 35
96 98 104 103 102 96 99 100 95 101 
45 5 36
98 103 102 95 103 102 98 103 98 100 
46 46 92
97 98 99 97 103 95 101 96 98 101 
47 23 94
104 103 103 104 99 97 99 102 96 99 
48 1 52
96 100 97 99 95 102 102 100 97 98 
49 60 94
98 101 99 102 99 103 95 100 102 103 

