500 10 34495
0 2 84
124 76 113 87 75 113 78 135 94 104 
1 15 65
53 64 52 91 51 99 67 54 118 129 
2 74 19
72 132 70 70 80 123 54 106 149 69 
3 95 25
133 72 111 129 126 125 94 81 92 148 
4 73 44
97 139 97 117 71 122 136 145 104 56 
5 17 38
81 122 143 81 141 89 57 76 111 119 
6 7 91
146 52 123 88 50 96 83 149 137 82 
7 68 61
55 55 106 61 113 74 50 144 98 96 
8 78 40
135 135 116 149 56 74 91 52 76 64 
9 94 79
62 76 127 102 61 146 114 66 51 70 
10 80 65
146 130 61 94 76 138 134 113 75 52 
11 63 84
76 105 88 54 120 81 132 84 59 109 
12 87 21
106 101 86 59 73 118 76 70 98 87 
13 65 27
127 50 139 105 104 54 88 82 109 126 
14 37 82
109 68 66 119 128 52 139 136 55 128 
15 96 30
96 123 51 96 112 115 122 90 68 63 
16 48 25
119 135 107 79 112 143 60 71 62 128 
17 43 43
131 134 130 88 64 77 117 110 51 118 
18 59 64
136 132 105 106 145 52 130 115 90 87 
19 47 55
81 58 125 145 137 120 139 70 104 119 
20 59 69
98 128 130 51 96 88 115 134 122 122 
21 41 68
77 71 134 117 108 80 71 91 141 98 
22 89 79
68 127 148 74 148 58 142 97 136 74 
23 49 34
64 115 119 136 88 60 56 115 81 140 
24 85 42
123 55 85 114 103 73 92 74 51 142 
25 49 100
102 143 96 89 67 97 74 82 62 143 
26 19 3
53 126 69 136 117 53 130 90 58 65 
27 57 15
88 100 88 89 144 88 141 96 81 139 
28 86 50
86 111 83 51 105 53 105 60 130 125 
29 50 100
128 79 141 89 94 97 55 84 99 93 
30 27 44
83 67 139 115 108 77 116 145 138 101 
31 49 96
104 53 56 136 128 105 135 59 86 126 
32 1 81
73 55 64 122 50 142 117 83 59 107 
33 51 69
86 118 65 74 69 65 122 124 68 128 
34 61 50
135 96 60 71 124 112 103 100 69 69 
35 23 72
62 92 54 123 101 57 91 137 125 58 
36 64 96
125 85 71 96 63 131 97 100 129 107 
37 72 55
121 74 54 140 94 128 111 58 70 67 
38 82 24
74 73 60 102 133 124 149 109 111 70 
39 58 28
103 54 127 83 111 51 89 134 75 145 
40 75 22
123 85 79 96 54 61 71 131 136 82 
41 34 22
108 82 82 69 54 139 96 107 143 126 
42 91 7
127 131 140 104 126 114 126 52 101 107 
43 1 9
70 71 139 56 55 124 130 113 108 62 
44 36 63
52 131 69 97 59 112 104 136 93 94 
45 42 73
111 119 76 114 128 76 122 149 149 63 
46 58 6
137 87 118 95 100 105 109 54 87 129 
47 4 99
143 107 135 138 104 128 110 117 149 136 
48 32 78
114 106 78 114 119 136 71 107 73 91 
49 55 26
147 64 131 136 95 135 134 88 92 71 
50 79 49
101 89 65 100 127 149 130 144 105 58 
51 11 25
96 81 83 72 74 90 97 71 104 131 
52 8 52
116 94 91 110 115 69 59 67 60 126 
53 20 41
125 101 84 80 62 146 57 108 129 90 
54 81 4
130 130 75 136 111 134 87 77 78 80 
55 40 47
100 98 65 62 127 84 102 102 88 88 
56 36 51
136 92 58 115 132 139 119 65 119 96 
57 2 31
80 141 59 109 71 98 55 73 99 70 
58 37 27
56 90 80 94 129 115 144 115 57 105 
59 84 43
146 102 107 115 148 60 97 130 103 58 
60 40 28
58 146 100 107 118 88 85 77 129 68 
61 24 11
133 68 77 93 75 60 135 71 64 144 
62 39 65
106 87 95 60 95 86 87 103 83 89 
63 64 54
128 100 82 59 118 106 69 54 76 148 
64 100 52
111 134 122 77 80 112 142 136 149 87 
65 97 45
123 135 99 108 75 114 114 53 117 146 
66 65 88
102 85 141 80 83 92 131 96 76 55 
67 75 9
117 68 145 116 105 93 112 130 79 114 
68 92 7
130 57 111 97 53 75 85 58 110 128 
69 39 46
71 122 94 149 127 68 110 147 86 105 
70 64 44
100 128 125 81 92 68 87 124 75 148 
71 23 82
125 59 139 85 89 129 83 62 53 127 
72 65 82
97 74 128 85 129 143 80 131 121 55 
73 14 66
126 100 90 51 51 64 132 126 125 73 
74 65 15
105 99 77 108 76 93 141 75 117 71 
75 13 99
117 92 129 140 149 142 106 125 145 98 
76 78 97
112 61 74 87 85 138 53 92 87 132 
77 1 16
75 94 142 142 115 54 92 82 96 72 
78 24 99
64 81 123 111 81 52 107 95 116 132 
79 35 54
72 87 145 110 70 97 77 147 141 70 
80 43 58
74 134 91 73 56 66 71 123 97 96 
81 35 79
51 94 73 117 128 59 70 50 97 65 
82 13 20
112 90 118 56 110 60 113 134 145 106 
83 8 54
123 78 128 122 77 115 53 78 111 128 
84 96 40
138 117 89 85 84 102 56 98 94 124 
85 55 5
87 119 138 134 76 146 87 149 126 118 
86 24 56
83 76 133 144 107 80 135 95 99 126 
87 33 84
130 88 82 74 114 88 78 51 58 67 
88 86 35
115 125 135 143 93 110 99 78 137 134 
89 75 45
117 109 91 118 137 123 102 118 113 86 
90 93 28
76 71 131 84 140 68 70 105 143 55 
91 1 89
116 51 118 55 88 144 51 107 55 92 
92 26 94
117 127 111 80 115 103 59 142 124 92 
93 79 65
111 149 121 56 54 74 145 72 75 65 
94 80 64
60 130 70 65 72 96 58 91 125 71 
95 72 94
125 83 87 51 125 65 68 86 64 139 
96 44 72
63 140 143 141 107 123 56 117 55 129 
97 36 81
127 145 71 54 67 143 147 94 128 84 
98 46 54
52 113 92 66 55 87 137 120 77 83 
99 62 37
108 118 54 113 149 141 93 126 88 67 
100 81 56
112 80 149 90 66 95 143 68 110 137 
101 36 66
74 124 86 53 109 99 90 67 119 146 
102 34 69
137 78 94 75 95 127 83 57 57 82 
103 100 24
79 143 92 92 82 79 57 107 105 145 
104 61 16
147 50 134 116 146 119 137 133 100 133 
105 62 96
110 144 105 69 128 104 93 58 149 87 
106 3 33
68 59 139 123 107 51 90 56 52 127 
107 73 99
96 61 84 146 145 97 94 57 91 149 
108 28 20
55 72 129 55 109 131 139 127 93 80 
109 3 53
81 93 108 135 70 132 134 116 144 120 
110 16 42
67 109 98 60 60 77 131 65 99 63 
111 73 61
96 111 139 91 93 142 143 125 85 53 
112 13 56
136 98 123 82 68 138 75 137 149 75 
113 98 10
103 81 75 104 94 147 65 140 61 54 
114 33 55
146 127 131 133 131 144 88 69 92 114 
115 4 14
102 78 50 54 103 100 63 108 83 88 
116 14 78
138 130 69 149 86 53 55 135 131 137 
117 69 15
83 109 83 77 73 86 90 77 66 143 
118 84 70
145 147 78 78 85 143 107 73 75 126 
119 75 62
82 130 148 63 69 117 129 54 128 62 
120 32 54
50 74 82 66 67 66 87 114 63 67 
121 93 1
60 99 74 85 127 100 99 59 132 97 
122 75 54
116 103 107 94 67 91 99 119 115 132 
123 38 35
100 125 148 113 142 92 113 105 141 89 
124 43 21
92 93 80 74 141 106 128 59 60 137 
125 7 80
78 105 99 143 139 136 129 89 111 127 
126 3 7
69 68 63 112 59 57 133 101 101 115 
127 29 95
71 56 53 133 143 59 113 72 67 62 
128 68 7
148 97 96 62 126 50 120 146 120 85 
129 11 81
92 143 133 143 60 61 89 82 67 145 
130 16 64
106 128 87 123 92 54 82 143 53 80 
131 6 81
80 77 78 51 112 88 83 106 82 66 
132 3 95
78 91 76 147 86 144 110 143 74 147 
133 19 68
104 100 110 107 130 67 87 113 146 115 
134 17 59
106 99 64 90 67 118 84 95 60 111 
135 96 99
105 105 141 129 55 112 148 109 62 108 
136 17 46
77 56 58 73 121 126 131 129 75 98 
137 20 95
66 104 90 128 65 137 127 72 92 70 
138 54 100
132 102 108 97 60 77 94 140 83 54 
139 14 57
130 97 86 55 145 105 149 113 59 141 
140 95 77
80 121 148 75 141 102 74 76 106 133 
141 26 19
112 119 58 145 75 72 101 55 119 89 
142 63 17
145 63 81 106 107 75 83 137 146 133 
143 13 41
137 87 68 93 122 145 112 84 66 120 
144 82 42
142 134 96 63 74 58 131 121 71 63 
145 80 79
88 62 116 137 98 80 129 85 117 99 
146 80 92
94 91 127 110 61 60 51 106 145 149 
147 22 72
57 53 144 130 66 123 109 56 136 127 
148 46 87
57 126 71 77 75 50 120 71 91 98 
149 82 6
108 84 111 55 135 84 126 142 87 120 
150 26 6
94 86 114 132 63 59 118 122 136 139 
151 52 64
92 72 135 133 72 68 138 82 55 51 
152 39 91
138 116 85 75 139 110 81 83 146 145 
153 68 62
106 137 135 144 78 87 108 120 109 145 
154 7 34
63 96 115 120 50 53 111 138 72 98 
155 14 12
58 146 146 106 93 113 119 102 52 104 
156 47 83
141 106 55 52 101 61 85 67 59 51 
157 88 10
106 98 147 128 146 113 91 106 61 87 
158 65 8
102 83 109 104 138 107 139 81 116 144 
159 35 18
55 119 84 64 72 124 126 81 72 75 
160 10 72
138 101 129 102 90 94 61 143 79 72 
161 48 70
129 86 51 95 80 85 65 137 106 51 
162 55 80
125 80 60 100 105 121 71 146 124 102 
163 49 16
98 109 58 128 131 57 97 62 146 98 
164 11 79
85 75 68 142 128 122 73 104 104 83 
165 5 10
106 127 107 133 131 107 148 80 118 108 
166 61 2
67 57 64 63 58 126 94 93 103 112 
167 88 32
84 60 135 138 145 91 99 102 120 57 
168 88 53
66 135 132 135 145 92 136 62 51 102 
169 79 10
78 72 55 131 134 142 115 120 105 100 
170 11 51
94 61 104 64 120 91 116 137 128 50 
171 73 74
92 108 88 146 61 118 55 141 140 112 
172 74 27
57 88 98 112 90 60 114 86 71 69 
173 4 45
110 119 81 141 72 105 114 66 63 104 
174 13 77
72 120 70 114 82 143 92 89 133 92 
175 54 76
102 68 114 76 87 117 120 99 138 51 
176 41 11
106 107 77 71 61 141 100 136 111 120 
177 3 95
65 95 135 100 89 89 127 142 107 91 
178 19 47
110 138 145 99 91 86 61 99 95 140 
179 23 57
132 122 144 93 144 147 87 59 144 125 
180 12 34
64 139 127 73 132 145 119 145 85 66 
181 45 29
54 57 127 99 148 102 108 82 74 102 
182 76 20
51 115 130 97 90 94 83 56 135 60 
183 30 68
108 100 112 95 116 108 124 121 68 53 
184 21 17
105 80 50 82 133 77 53 86 142 85 
185 85 85
129 67 92 114 129 121 134 87 123 148 
186 84 41
107 59 61 125 114 133 93 122 64 145 
187 5 50
72 109 87 117 144 123 101 124 92 96 
188 91 23
119 124 61 93 123 96 133 132 105 96 
189 58 73
131 102 94 97 97 50 98 71 109 136 
190 89 54
61 90 129 104 88 120 78 57 94 89 
191 51 18
136 135 101 143 81 110 115 115 62 111 
192 65 12
111 63 83 70 101 123 124 112 115 103 
193 69 4
73 146 61 70 138 111 139 76 97 91 
194 72 31
51 139 97 116 100 62 79 62 75 64 
195 85 29
138 108 140 103 114 109 107 89 57 118 
196 12 48
131 51 75 130 92 147 61 145 136 60 
197 14 89
72 93 50 149 107 135 77 147 145 120 
198 52 12
79 58 101 138 78 112 138 59 65 63 
199 91 10
60 103 55 98 65 120 87 88 63 139 
200 90 24
76 67 70 72 137 73 83 118 133 86 
201 9 12
101 146 123 116 60 65 126 122 70 83 
202 22 36
53 108 75 119 149 65 142 76 134 114 
203 49 72
90 83 141 73 72 101 137 123 98 110 
204 92 59
77 117 80 97 102 53 132 106 63 110 
205 78 14
125 71 89 109 135 89 132 127 74 75 
206 2 47
126 138 121 74 50 113 84 129 132 67 
207 27 36
70 110 93 84 70 70 97 145 91 88 
208 7 79
127 90 106 103 115 59 50 92 99 73 
209 19 2
136 103 130 71 120 56 58 92 68 101 
210 77 92
73 125 88 66 63 95 96 92 135 104 
211 97 4
113 98 95 62 73 113 115 60 118 95 
212 84 91
53 141 83 72 92 111 63 67 87 101 
213 34 3
98 129 147 136 84 95 139 99 95 84 
214 15 69
99 129 80 120 75 63 110 130 54 95 
215 3 99
57 117 65 146 121 50 100 69 82 149 
216 58 19
94 96 117 91 130 83 60 132 63 142 
217 53 91
56 114 120 112 60 75 111 119 94 78 
218 18 16
131 117 137 63 117 94 133 113 141 100 
219 6 24
134 117 107 99 109 111 89 115 76 111 
220 81 89
136 143 59 81 71 76 148 104 143 135 
221 20 13
132 52 78 75 103 83 50 139 50 108 
222 91 12
69 131 79 147 92 59 87 79 52 96 
223 13 76
122 60 80 68 98 99 132 80 102 60 
224 8 58
93 57 148 145 115 138 109 87 119 138 
225 35 64
147 122 142 149 120 54 76 93 117 106 
226 14 16
108 145 147 60 56 54 69 51 61 67 
227 50 30
107 58 116 128 146 102 91 95 126 136 
228 97 48
92 72 140 59 129 53 126 139 100 123 
229 100 9
79 120 60 143 89 61 72 146 69 90 
230 27 68
142 69 62 119 55 58 118 50 80 108 
231 62 62
63 88 100 65 113 51 74 143 121 136 
232 39 11
147 110 108 66 50 86 133 94 106 145 
233 66 14
105 83 63 135 93 77 149 58 115 99 
234 25 81
101 50 75 124 136 113 135 133 73 145 
235 52 76
82 84 122 90 131 139 103 86 73 69 
236 74 19
96 122 129 113 72 105 93 75 105 119 
237 100 42
82 86 126 58 82 77 85 66 63 109 
238 57 95
99 111 132 122 130 57 92 76 130 71 
239 42 55
126 135 81 81 56 80 74 140 69 102 
240 99 52
129 136 69 94 95 125 140 144 86 122 
241 19 70
82 111 97 62 132 139 68 61 124 99 
242 95 33
81 69 72 100 73 123 103 53 109 74 
243 48 57
149 140 53 138 112 71 107 96 84 54 
244 59 70
143 78 130 69 79 124 101 111 95 76 
245 64 70
149 119 74 60 143 73 116 95 63 119 
246 86 29
93 92 124 127 148 135 96 94 63 76 
247 16 44
103 69 106 148 95 121 69 146 142 93 
248 7 39
69 74 133 82 144 70 110 139 112 137 
249 67 13
122 115 106 87 141 122 82 146 93 138 
250 96 89
62 116 134 54 60 140 92 79 116 127 
251 14 13
147 76 51 61 63 118 74 87 83 82 
252 27 77
54 109 123 149 149 70 137 61 88 73 
253 69 49
115 60 79 82 138 145 94 87 71 96 
254 50 87
116 123 125 101 55 51 129 112 110 54 
255 62 13
126 51 125 65 74 93 65 140 56 95 
256 23 47
142 68 133 63 114 82 101 132 107 76 
257 86 16
129 115 79 90 71 92 54 148 93 129 
258 14 21
73 78 60 79 75 134 125 67 104 60 
259 83 72
93 135 103 102 113 89 117 93 106 146 
260 84 78
89 89 125 84 68 90 104 143 119 66 
261 75 47
50 51 66 57 62 100 128 57 86 81 
262 60 100
72 77 92 80 125 127 58 116 118 85 
263 2 88
126 105 82 147 122 57 145 74 58 61 
264 32 73
64 111 129 100 143 89 51 117 68 146 
265 99 94
75 56 62 144 143 63 83 71 70 115 
266 71 45
122 116 119 83 79 102 55 93 64 87 
267 46 60
126 149 76 96 145 74 89 122 132 53 
268 67 29
66 149 99 87 115 70 131 139 88 52 
269 75 20
57 82 65 123 119 110 82 147 61 60 
270 44 7
137 84 81 71 88 147 99 104 99 101 
271 44 67
73 127 57 63 129 132 82 88 116 97 
272 12 36
110 145 82 121 108 125 80 95 59 111 
273 19 100
60 118 56 109 121 99 75 144 76 83 
274 8 59
117 141 98 83 89 62 70 101 57 102 
275 23 66
129 54 112 90 67 131 90 78 51 96 
276 88 73
97 115 68 76 100 127 86 67 118 134 
277 51 60
146 120 60 54 124 135 71 55 91 134 
278 46 60
115 87 137 116 85 76 140 133 141 58 
279 10 42
135 95 60 55 131 62 115 128 84 77 
280 35 61
114 57 115 56 141 61 115 58 50 54 
281 27 37
132 66 69 124 126 130 117 63 75 80 
282 20 7
92 86 86 127 113 120 87 78 128 105 
283 87 22
68 53 132 68 57 110 104 139 79 75 
284 16 6
55 85 69 132 115 88 91 109 76 127 
285 89 90
50 128 119 128 83 57 101 101 60 83 
286 22 70
96 126 109 125 103 76 130 109 63 101 
287 94 31
91 84 140 117 62 128 107 62 58 128 
288 43 42
136 95 94 146 81 116 116 127 144 127 
289 53 48
105 82 108 119 134 102 101 127 136 91 
290 46 51
122 104 64 130 82 106 124 68 52 68 
291 68 86
86 135 112 80 64 64 80 71 148 138 
292 91 35
142 144 62 81 85 107 131 109 61 146 
293 93 96
54 68 116 108 86 135 93 75 120 55 
294 56 37
121 87 107 72 128 50 106 120 144 70 
295 2 82
127 85 91 90 133 135 138 137 53 104 
296 99 92
89 91 66 111 149 74 147 72 111 104 
297 45 40
104 51 112 50 71 65 132 101 100 125 
298 44 86
110 81 75 113 87 73 56 78 66 125 
299 90 16
149 88 88 62 95 132 54 101 85 68 
300 53 58
83 84 110 86 59 53 71 71 137 96 
301 85 77
71 92 55 88 67 96 103 118 87 93 
302 82 83
76 87 83 63 105 87 120 138 121 132 
303 25 33
88 148 103 127 146 139 103 68 82 60 
304 57 50
107 111 120 144 55 101 78 133 90 63 
305 97 96
101 69 85 72 51 62 57 89 60 110 
306 17 7
52 72 126 84 82 82 85 139 144 55 
307 36 100
58 65 84 98 79 80 93 130 99 81 
308 55 52
93 111 92 55 124 61 61 126 83 90 
309 63 66
122 147 57 68 105 144 119 65 60 53 
310 65 92
84 109 121 133 140 127 136 135 141 131 
311 91 66
142 104 143 127 144 105 144 68 54 51 
312 38 60
98 108 125 60 112 141 51 98 52 74 
313 84 94
51 72 128 94 53 71 59 145 125 52 
314 73 70
59 116 137 64 70 126 123 70 85 50 
315 31 50
93 133 99 96 109 82 141 62 104 71 
316 58 10
92 116 54 67 71 78 88 80 145 128 
317 45 68
104 120 137 91 72 119 92 116 54 93 
318 65 64
78 105 125 132 126 134 142 121 53 98 
319 41 25
127 129 56 74 107 53 93 113 123 80 
320 58 48
101 101 115 57 145 79 120 73 86 147 
321 58 66
132 51 86 135 52 126 111 129 57 69 
322 56 65
72 148 130 97 130 139 145 133 90 62 
323 91 88
144 62 112 80 59 70 145 93 123 133 
324 81 76
62 143 56 69 63 111 86 85 61 66 
325 36 44
55 132 76 147 144 66 87 138 130 149 
326 72 91
69 68 135 95 52 68 70 116 61 77 
327 86 77
90 71 114 54 139 149 97 96 131 124 
328 97 76
92 83 66 73 82 89 115 54 107 52 
329 50 12
70 119 127 134 98 65 110 91 138 74 
330 46 79
125 142 126 106 68 122 134 63 55 102 
331 89 91
141 55 144 50 109 93 62 130 114 91 
332 17 66
106 126 56 147 103 53 125 78 97 101 
333 38 67
74 71 81 131 123 121 121 66 126 115 
334 17 36
110 130 117 127 124 85 92 132 62 50 
335 80 18
53 104 147 100 108 84 118 84 57 101 
336 16 33
72 89 98 100 106 67 88 67 147 55 
337 47 72
91 138 104 55 90 135 124 145 90 121 
338 46 51
56 116 134 115 67 101 148 90 140 96 
339 43 48
65 130 66 63 88 112 86 81 52 92 
340 89 43
78 112 87 70 135 84 120 93 102 56 
341 10 71
59 57 112 102 55 54 149 71 87 117 
342 87 76
131 72 56 133 67 96 127 95 58 116 
343 18 46
50 137 139 103 95 148 125 104 107 139 
344 7 63
143 107 133 132 126 71 107 107 94 65 
345 41 14
111 67 108 71 133 77 117 86 64 106 
346 42 12
56 66 115 113 107 74 127 100 131 63 
347 34 59
84 92 65 80 60 58 93 121 127 103 
348 46 14
130 114 99 96 70 92 107 128 108 73 
349 94 68
97 120 67 130 133 52 140 68 147 108 
350 49 8
116 142 80 93 147 77 106 128 141 107 
351 25 64
149 132 91 59 107 84 126 106 107 96 
352 37 41
98 77 60 147 135 61 106 53 53 137 
353 47 1
116 105 80 108 62 105 71 62 87 113 
354 22 95
99 100 100 56 146 88 149 146 67 59 
355 95 55
70 100 107 125 139 106 78 106 61 108 
356 67 76
115 137 137 52 100 111 98 102 61 100 
357 11 8
91 59 53 108 121 99 63 93 102 72 
358 72 94
80 101 51 91 111 117 119 77 105 106 
359 82 58
119 132 59 82 82 70 89 123 131 145 
360 85 5
146 99 98 50 121 69 144 52 72 145 
361 96 84
113 114 60 120 123 94 77 144 76 139 
362 28 11
111 68 86 144 115 70 149 112 119 97 
363 63 93
68 58 96 90 54 144 73 69 60 136 
364 90 84
80 118 128 106 59 55 68 120 73 104 
365 66 90
76 114 53 97 113 67 90 83 76 88 
366 74 31
82 98 51 145 84 92 128 114 60 58 
367 73 21
63 93 92 139 147 109 80 74 125 135 
368 24 39
52 65 121 78 104 146 60 88 95 61 
369 34 80
55 114 146 66 122 70 138 88 65 132 
370 80 14
144 111 139 119 96 62 110 98 78 133 
371 30 35
130 141 74 127 53 108 58 110 124 106 
372 77 47
127 66 134 142 101 65 107 95 126 148 
373 15 23
113 76 73 93 60 54 127 92 145 51 
374 20 51
61 129 61 135 86 89 134 115 58 70 
375 10 60
86 69 106 62 67 72 137 130 99 112 
376 76 12
116 102 103 63 56 74 114 119 53 77 
377 56 92
68 89 106 76 109 116 87 97 135 143 
378 61 55
66 149 137 67 111 112 78 129 117 83 
379 93 26
59 58 144 114 137 99 106 56 90 62 
380 85 53
80 72 149 117 117 61 72 85 60 111 
381 53 24
73 82 52 92 67 97 117 76 57 112 
382 92 96
113 149 51 54 61 87 58 144 109 57 
383 14 80
121 137 64 131 98 69 107 74 53 109 
384 67 22
108 84 97 116 98 140 111 61 139 64 
385 68 54
101 125 149 113 85 62 144 56 50 58 
386 40 49
129 146 74 133 58 141 106 116 127 53 
387 33 26
96 143 138 85 109 58 90 113 133 89 
388 27 71
102 70 78 102 130 118 102 62 66 127 
389 48 25
70 53 141 99 108 125 76 54 71 64 
390 93 81
72 82 93 108 122 71 130 126 91 59 
391 29 75
79 82 136 147 111 83 72 131 138 115 
392 31 47
142 58 53 63 73 145 144 147 129 139 
393 8 52
61 138 77 54 99 57 128 80 142 66 
394 28 54
51 51 137 139 116 119 138 109 128 141 
395 73 54
136 68 100 67 58 60 119 121 100 98 
396 76 100
58 56 131 50 72 58 55 126 60 142 
397 66 29
112 103 89 142 146 114 95 84 132 97 
398 53 43
107 123 63 57 71 91 108 79 97 141 
399 82 70
50 137 147 112 129 113 140 143 118 132 
400 38 66
96 132 101 130 80 53 73 89 126 138 
401 100 51
79 107 129 78 99 111 100 51 98 97 
402 64 80
60 55 75 81 137 112 98 135 147 149 
403 67 80
105 91 68 81 79 67 131 61 77 63 
404 40 29
124 139 131 124 87 146 55 149 51 80 
405 83 42
95 80 76 92 132 94 71 87 135 141 
406 69 68
59 52 128 138 65 119 66 91 61 147 
407 68 1
143 122 149 96 105 84 89 102 114 68 
408 47 47
112 117 133 50 108 54 117 69 56 95 
409 60 74
116 125 64 127 74 83 127 119 107 79 
410 69 65
113 57 66 129 127 112 76 142 131 111 
411 93 93
67 109 61 125 106 121 98 72 148 64 
412 1 76
97 127 146 55 108 114 119 71 74 88 
413 2 2
50 129 143 132 142 87 76 60 146 87 
414 86 53
110 136 125 61 50 77 88 50 106 84 
415 58 16
101 76 138 125 66 139 78 67 70 124 
416 52 14
61 127 73 110 116 110 114 129 96 89 
417 91 100
68 130 149 125 64 106 92 67 84 80 
418 45 52
70 123 70 90 149 121 55 112 50 78 
419 75 19
91 89 147 137 128 89 136 99 69 135 
420 25 87
91 116 53 78 146 98 129 118 123 149 
421 62 25
72 116 88 124 97 63 142 138 102 92 
422 76 83
131 64 81 103 101 57 141 143 75 96 
423 22 75
96 102 92 121 101 105 145 123 124 84 
424 48 22
149 141 59 101 83 86 83 117 52 67 
425 73 55
126 113 149 52 111 70 126 58 74 120 
426 80 76
128 77 50 102 63 149 123 62 92 84 
427 16 77
72 50 145 75 67 117 129 144 132 128 
428 49 44
100 126 53 124 96 85 51 74 64 103 
429 77 28
102 51 141 144 85 56 72 108 56 67 
430 84 25
134 112 120 68 142 120 112 92 96 67 
431 17 93
54 67 119 68 120 147 95 124 149 86 
432 21 87
92 93 146 51 62 129 75 99 143 97 
433 68 86
119 131 77 65 149 145 109 53 114 130 
434 75 87
128 69 110 79 58 83 65 52 78 62 
435 4 41
93 130 139 139 129 59 76 98 140 56 
436 64 42
51 73 147 68 53 121 54 83 92 67 
437 63 51
100 80 103 128 144 58 120 139 139 62 
438 79 69
71 107 67 113 113 82 55 66 105 52 
439 35 12
75 89 146 117 58 109 68 108 91 73 
440 89 36
81 60 74 122 124 105 91 145 62 60 
441 12 28
92 66 93 100 120 80 63 145 71 59 
442 15 30
118 134 89 59 57 77 146 141 139 123 
443 64 65
78 106 61 142 116 72 69 111 140 112 
444 64 61
142 126 57 115 135 124 144 56 108 83 
445 68 67
62 114 59 52 87 74 116 67 131 127 
446 10 100
102 78 62 92 92 125 105 137 101 64 
447 53 38
138 97 93 97 82 112 115 95 76 124 
448 48 16
100 115 82 81 144 91 133 96 71 145 
449 42 65
121 146 101 72 112 53 61 101 52 56 
450 51 36
119 65 130 97 91 129 113 141 94 97 
451 76 91
139 60 87 60 55 128 76 78 76 127 
452 4 89
83 64 141 85 123 91 72 144 58 104 
453 42 2
83 106 95 79 54 70 70 95 132 59 
454 8 88
137 84 118 115 113 121 55 146 87 147 
455 85 11
88 108 54 149 63 148 50 96 104 95 
456 77 11
67 98 105 149 107 65 89 146 51 57 
457 62 65
128 116 63 65 113 99 128 104 57 84 
458 54 21
82 103 69 89 101 97 99 118 145 107 
459 69 53
74 57 50 75 116 111 91 94 129 104 
460 12 96
105 139 51 65 126 104 137 110 109 56 
461 100 11
55 51 129 50 60 149 54 84 108 54 
462 60 25
67 50 70 99 57 81 94 112 123 95 
463 78 2
101 115 111 60 73 111 123 79 112 54 
464 30 73
53 136 56 63 92 67 87 62 67 59 
465 62 77
142 107 89 115 104 66 116 55 83 130 
466 68 58
91 90 136 105 146 117 129 149 55 87 
467 65 49
104 103 110 73 112 123 50 105 80 141 
468 73 37
109 141 143 143 121 110 52 114 103 138 
469 20 50
57 148 51 63 137 115 111 143 69 123 
470 17 82
148 118 138 130 109 111 66 69 54 59 
471 65 76
71 116 89 124 56 60 74 63 110 127 
472 27 48
92 89 90 111 114 58 145 112 127 85 
473 43 89
98 60 57 102 69 121 129 91 139 68 
474 68 96
130 93 59 90 70 137 89 113 129 129 
475 77 44
90 73 108 67 109 102 55 109 65 115 
476 13 87
138 141 77 128 112 97 123 92 140 132 
477 36 12
72 124 76 51 56 52 146 96 128 56 
478 16 90
109 122 98 124 87 110 110 76 54 90 
479 5 19
89 79 110 79 62 97 142 136 72 68 
480 88 81
123 133 128 101 140 143 142 51 67 90 
481 28 8
103 89 83 107 81 139 125 120 120 137 
482 1 83
85 142 70 59 113 57 91 86 93 69 
483 40 86
114 81 88 83 73 115 90 126 54 75 
484 86 89
116 62 108 87 50 60 121 137 105 142 
485 49 19
149 91 56 144 110 95 129 126 78 67 
486 10 52
84 52 130 141 77 115 129 144 128 87 
487 32 31
98 104 119 53 96 67 123 148 108 129 
488 93 71
126 74 148 54 91 109 57 78 111 137 
489 20 42
55 148 85 133 137 68 115 85 122 84 
490 91 72
101 113 119 111 92 111 81 120 135 131 
491 27 80
90 84 57 52 123 128 145 128 126 80 
492 14 64
50 128 101 74 62 91 97 65 107 66 
493 77 52
80 109 72 65 90 98 96 131 84 55 
494 36 9
133 80 88 109 62 102 125 114 132 76 
495 41 96
69 138 112 126 106 89 78 136 100 52 
496 3 92
100 50 74 135 56 61 95 139 143 133 
497 2 6
137 126 71 120 104 111 67 75 51 129 
498 55 59
120 84 94 71 86 148 114 136 149 90 
499 24 58
101 70 96 94 54 149 51 93 77 72 

