50 10 1000
0 84 87
100 98 101 98 99 100 102 99 100 100 
1 91 60
101 99 98 99 100 99 99 101 100 102 
2 83 31
100 101 100 98 102 100 100 101 102 100 
3 94 57
99 100 102 101 99 102 102 100 101 102 
4 16 71
101 99 99 98 99 101 100 98 99 99 
5 6 26
102 100 99 98 99 102 101 100 102 98 
6 83 46
102 100 102 102 101 98 100 101 99 101 
7 89 85
101 99 102 102 100 98 99 101 102 100 
8 27 87
102 102 98 98 102 101 100 99 100 100 
9 18 93
100 99 99 98 99 99 98 102 102 102 
10 41 30
99 100 100 99 99 98 102 100 100 99 
11 98 54
99 98 99 101 102 102 101 99 100 102 
12 4 20
98 101 101 98 98 102 99 101 101 98 
13 47 52
99 98 102 101 102 101 99 98 101 98 
14 35 65
102 102 100 99 101 99 100 98 102 99 
15 33 52
100 101 98 100 102 99 101 98 102 100 
16 36 94
101 101 101 99 101 102 99 102 101 101 
17 14 39
99 98 102 101 101 101 102 100 100 99 
18 25 44
98 101 98 102 100 98 102 98 98 102 
19 55 87
102 100 100 102 100 100 98 102 101 99 
20 23 29
102 101 99 101 98 100 99 98 98 99 
21 62 31
101 98 98 99 102 99 100 98 101 99 
22 83 59
102 100 100 102 98 99 100 102 102 98 
23 69 72
101 99 99 98 101 102 98 101 102 99 
24 100 97
102 101 101 101 98 98 99 99 102 98 
25 91 85
99 100 99 100 98 99 102 101 100 100 
26 49 73
102 102 99 98 100 100 99 99 101 100 
27 22 56
102 102 99 102 102 99 98 100 98 101 
28 28 51
102 101 98 102 100 102 99 99 98 102 
29 93 73
100 98 98 98 100 102 98 100 101 101 
30 99 91
102 98 102 99 102 99 100 98 102 102 
31 80 70
101 99 98 98 98 100 102 102 101 98 
32 22 68
102 101 99 102 99 102 102 100 100 99 
33 85 22
100 101 101 102 100 101 101 101 99 101 
34 54 49
101 101 101 101 98 102 100 99 101 102 
35 1 47
101 100 102 98 101 101 101 100 101 100 
36 87 26
100 99 98 101 100 102 99 98 102 99 
37 61 5
101 100 98 101 99 100 102 100 102 101 
38 40 3
101 101 98 99 100 101 102 99 98 102 
39 40 93
98 100 102 102 102 102 98 102 101 98 
40 78 1
101 99 102 102 100 101 100 98 101 102 
41 30 91
100 98 99 102 99 100 99 100 98 100 
42 24 62
99 102 98 98 99 100 100 102 98 99 
43 25 58
102 101 98 101 100 99 98 99 99 102 
44 17 53
101 102 99 98 100 98 99 98 99 101 
45 58 28
100 99 102 98 100 98 100 102 98 102 
46 90 75
98 99 98 101 100 101 101 99 98 102 
47 57 18
99 98 102 100 98 102 100 101 98 101 
48 74 59
101 100 102 101 100 101 100 102 99 102 
49 1 60
101 101 98 101 102 101 100 99 101 101 

