500 10 44778
0 1 10
103 100 96 103 99 102 100 102 97 104 
1 10 4
102 104 99 98 102 95 97 97 104 100 
2 8 2
95 95 101 98 98 101 97 97 96 101 
3 3 8
98 102 102 102 103 101 95 100 101 99 
4 1 6
99 100 104 101 95 101 104 98 103 100 
5 7 3
98 96 101 101 102 103 101 95 102 98 
6 1 6
104 95 97 102 102 99 100 98 104 99 
7 10 3
98 95 102 96 102 98 100 95 101 96 
8 10 6
96 100 103 103 103 103 100 104 103 102 
9 10 8
97 101 96 98 97 97 102 100 98 99 
10 10 3
95 99 100 101 103 99 97 96 96 97 
11 1 2
95 100 95 95 100 96 103 102 102 104 
12 3 3
96 95 104 101 101 103 104 101 100 101 
13 6 6
95 104 101 96 96 103 97 96 101 99 
14 4 2
103 96 95 102 97 97 104 101 99 104 
15 5 2
104 100 104 101 96 99 96 96 98 95 
16 5 7
103 103 104 101 98 98 102 96 99 104 
17 9 10
99 95 100 103 104 104 96 95 100 96 
18 8 7
102 95 95 98 95 101 104 96 100 104 
19 8 9
99 102 96 103 101 96 104 95 96 99 
20 2 3
101 97 98 98 100 97 104 100 97 96 
21 9 4
103 104 101 98 103 98 98 97 97 101 
22 4 10
102 97 96 96 104 99 100 100 104 95 
23 9 5
97 104 104 100 98 104 95 96 104 101 
24 7 10
96 96 97 99 102 102 100 99 96 101 
25 8 1
96 100 102 95 100 100 101 103 102 103 
26 6 1
102 102 96 101 100 104 101 101 95 95 
27 1 8
104 100 98 95 99 98 98 102 103 95 
28 10 4
103 100 98 100 100 95 100 98 104 103 
29 2 5
104 104 96 104 96 98 103 97 96 98 
30 4 8
101 103 99 101 103 98 97 101 95 100 
31 4 7
103 95 96 104 103 99 99 102 101 102 
32 9 8
97 103 97 98 97 100 95 95 100 101 
33 8 4
104 96 97 97 103 102 103 101 103 96 
34 7 7
102 97 101 98 104 101 98 96 100 100 
35 8 10
97 104 96 102 101 103 95 102 104 99 
36 2 9
97 96 101 97 97 99 95 95 101 101 
37 6 8
100 103 96 97 98 103 96 102 104 97 
38 5 8
98 102 102 99 96 103 99 100 95 98 
39 8 5
102 95 99 101 101 97 100 98 95 101 
40 6 7
101 103 98 101 98 103 100 103 102 97 
41 5 1
96 96 101 98 99 100 102 98 100 99 
42 2 5
101 102 104 103 98 102 99 97 102 95 
43 9 3
103 100 95 100 103 102 102 96 103 100 
44 5 5
96 98 104 103 102 96 99 100 95 101 
45 5 6
98 103 102 95 103 102 98 103 98 100 
46 6 2
97 98 99 97 103 95 101 96 98 101 
47 3 4
104 103 103 104 99 97 99 102 96 99 
48 1 2
96 100 97 99 95 102 102 100 97 98 
49 10 4
98 101 99 102 99 103 95 100 102 103 
50 7 2
98 97 96 101 101 96 102 103 101 104 
51 5 9
104 97 100 98 100 100 101 96 98 98 
52 1 10
96 95 99 103 95 97 95 98 99 96 
53 10 2
99 104 96 97 95 100 95 96 104 103 
54 6 8
98 96 95 103 99 95 102 101 95 98 
55 7 3
100 101 103 104 104 104 97 98 95 98 
56 6 2
96 103 97 97 101 102 96 96 96 96 
57 10 8
98 101 100 100 104 97 103 99 95 103 
58 6 1
102 103 100 95 98 96 96 101 96 100 
59 2 8
100 99 103 101 103 104 100 96 102 96 
60 8 9
98 102 99 98 100 104 100 99 104 96 
61 5 6
99 100 98 100 98 99 99 103 104 99 
62 7 10
98 96 95 95 97 102 103 102 99 97 
63 4 2
98 103 101 98 96 95 95 100 103 98 
64 3 4
103 101 96 104 95 102 103 100 95 95 
65 8 6
103 100 97 99 104 100 101 100 101 99 
66 9 10
101 95 102 101 98 104 104 96 103 97 
67 3 1
104 97 101 97 98 98 102 98 96 104 
68 8 3
102 100 102 100 104 102 99 103 102 96 
69 5 4
98 99 99 96 101 104 96 103 96 104 
70 1 5
100 104 102 103 103 102 97 102 97 95 
71 5 5
104 104 97 104 97 103 97 100 97 103 
72 9 2
104 97 96 96 96 98 102 103 97 102 
73 7 3
99 104 95 103 96 99 97 97 100 101 
74 2 9
100 100 100 104 101 99 97 100 101 98 
75 9 10
101 101 103 103 98 99 98 104 100 100 
76 8 7
96 97 104 102 103 97 102 100 95 99 
77 8 7
95 104 98 101 98 97 103 96 95 103 
78 3 6
99 100 99 95 95 96 103 96 100 102 
79 1 7
97 104 96 97 99 95 95 99 95 98 
80 4 6
102 96 101 102 104 103 97 98 100 101 
81 6 6
95 99 104 102 98 104 98 100 104 102 
82 8 6
102 102 104 102 96 97 99 103 100 96 
83 9 5
96 95 95 102 104 102 99 96 96 100 
84 9 6
100 99 95 101 96 95 96 95 102 97 
85 1 1
100 99 96 95 102 96 102 104 98 104 
86 9 5
101 99 100 103 95 101 100 102 97 102 
87 6 4
102 103 98 102 95 100 104 100 95 97 
88 9 8
98 100 103 102 99 103 98 97 98 104 
89 3 6
102 102 97 104 100 104 99 99 102 104 
90 4 8
100 98 100 102 100 98 101 96 103 100 
91 1 5
100 98 103 95 99 96 100 98 95 104 
92 3 8
103 103 97 102 103 100 100 100 95 95 
93 3 9
98 103 104 98 100 96 104 96 101 102 
94 4 2
95 104 99 96 95 104 103 96 102 97 
95 9 8
103 98 97 95 100 101 103 95 102 104 
96 4 3
95 99 100 102 99 96 95 99 97 101 
97 8 3
100 101 98 100 103 99 99 103 104 104 
98 10 6
100 102 100 99 104 96 104 96 100 101 
99 1 2
102 95 103 104 102 100 97 99 96 102 
100 2 3
98 101 95 98 100 96 103 97 96 100 
101 10 1
101 103 96 99 99 97 100 97 99 98 
102 4 4
96 100 95 99 100 96 101 103 104 104 
103 4 7
97 96 104 98 102 103 98 100 103 102 
104 10 3
96 102 101 100 97 95 96 98 102 96 
105 9 3
99 101 98 99 102 101 95 95 95 96 
106 4 10
104 104 99 102 103 101 97 104 98 103 
107 7 8
103 104 96 101 95 96 95 100 104 100 
108 10 8
99 104 104 99 96 99 98 97 100 104 
109 3 4
100 99 99 95 99 98 103 98 97 96 
110 2 4
99 98 95 100 104 104 97 98 95 98 
111 8 4
103 97 103 98 98 97 104 104 103 98 
112 2 3
101 96 102 96 99 103 99 103 97 101 
113 7 4
102 103 101 104 99 100 100 97 104 98 
114 8 3
100 101 98 100 97 102 102 95 103 100 
115 2 4
100 102 98 104 98 104 97 97 95 103 
116 3 7
100 102 103 99 95 102 104 102 101 99 
117 3 9
96 96 95 95 101 99 100 99 96 95 
118 4 8
97 101 104 99 101 98 95 99 95 95 
119 1 3
102 104 96 98 99 100 98 100 102 99 
120 8 6
95 99 104 96 100 100 95 104 96 97 
121 4 10
102 100 100 103 100 101 97 97 100 99 
122 9 2
104 96 104 101 102 103 97 102 98 98 
123 2 1
103 98 104 96 102 99 98 100 104 103 
124 6 7
99 102 103 97 96 103 98 96 97 99 
125 10 2
98 96 104 103 102 97 103 100 102 104 
126 10 6
100 97 97 99 95 102 95 100 99 95 
127 8 7
96 97 104 98 102 103 99 97 97 100 
128 1 10
104 95 101 102 104 100 99 99 102 101 
129 1 9
100 97 98 104 99 97 100 100 101 101 
130 1 6
100 100 102 102 97 104 101 99 104 97 
131 4 9
103 104 99 100 102 99 100 97 101 95 
132 2 2
97 104 101 96 100 102 101 95 99 101 
133 10 9
100 100 99 100 95 102 98 95 101 103 
134 8 4
99 98 100 96 98 104 97 103 95 95 
135 10 6
104 102 103 100 98 102 101 104 98 95 
136 5 6
95 104 100 101 104 97 97 99 100 104 
137 8 2
95 96 96 95 96 95 101 98 102 99 
138 1 2
98 101 97 103 102 101 98 102 102 95 
139 6 10
98 104 98 95 96 95 98 96 98 99 
140 3 7
99 95 104 99 101 95 102 104 103 96 
141 1 8
104 98 101 101 99 99 100 104 98 95 
142 2 7
97 100 103 100 104 97 97 101 99 98 
143 3 3
100 96 98 99 97 98 96 96 104 95 
144 10 6
99 102 99 104 102 102 101 95 97 101 
145 8 5
103 104 97 99 100 99 101 95 102 104 
146 7 10
100 95 97 99 95 96 104 99 103 100 
147 4 9
97 104 95 100 102 102 96 100 104 98 
148 2 5
104 104 99 101 104 98 102 101 98 104 
149 1 4
97 96 102 96 101 97 96 103 99 96 
150 6 2
103 103 104 102 96 95 98 95 95 103 
151 9 2
98 100 102 101 99 104 104 102 95 103 
152 1 9
95 96 103 99 97 101 103 95 99 102 
153 1 7
102 98 103 104 98 102 97 101 97 96 
154 3 10
95 98 103 97 96 95 97 99 96 96 
155 1 6
102 103 102 96 100 102 104 100 98 95 
156 7 7
104 104 100 98 95 104 97 98 98 97 
157 6 7
97 103 95 98 96 98 95 103 96 103 
158 2 10
102 98 101 95 100 97 102 99 96 99 
159 8 5
98 97 102 101 99 99 100 102 99 102 
160 3 6
95 100 100 99 98 104 98 95 99 96 
161 2 10
98 95 98 102 99 97 98 104 99 95 
162 7 2
101 98 95 96 95 99 103 96 104 99 
163 6 3
100 95 100 104 96 101 95 101 103 100 
164 6 5
102 103 98 99 95 96 102 102 99 102 
165 9 8
96 103 103 96 99 100 100 104 102 95 
166 1 9
103 95 101 101 102 99 97 102 97 103 
167 2 4
104 103 97 101 102 97 98 103 95 98 
168 2 6
103 102 101 100 102 102 100 101 104 98 
169 5 8
102 102 99 97 100 102 102 101 102 104 
170 5 5
96 104 99 98 97 101 103 97 100 102 
171 10 5
99 101 95 100 95 102 97 104 101 103 
172 2 4
100 103 96 97 104 101 103 97 100 98 
173 7 1
96 101 97 101 98 97 95 104 103 98 
174 6 1
95 104 97 103 103 98 98 100 99 99 
175 1 6
97 103 103 103 98 101 103 99 99 95 
176 1 9
99 96 104 100 101 99 100 103 101 102 
177 7 5
98 104 96 104 100 96 99 103 95 99 
178 7 4
97 101 95 102 103 95 102 100 98 101 
179 1 10
98 100 102 104 100 100 100 95 101 101 
180 10 3
103 100 95 95 97 103 100 99 101 100 
181 2 5
101 103 104 96 102 104 96 95 102 95 
182 10 5
101 99 99 97 95 100 101 95 95 101 
183 1 5
101 101 104 97 98 95 104 104 96 103 
184 4 9
95 101 103 104 101 104 98 99 100 104 
185 10 6
99 100 103 101 99 95 96 95 101 95 
186 6 3
97 99 96 100 99 101 98 99 97 98 
187 6 2
97 95 100 102 104 101 100 100 97 98 
188 5 9
98 100 95 97 102 100 99 96 104 102 
189 8 5
101 97 95 103 101 103 104 95 103 102 
190 9 1
98 100 102 102 95 96 100 100 101 103 
191 8 6
98 98 104 100 98 101 96 104 95 96 
192 10 7
96 104 102 95 101 102 97 96 97 104 
193 10 3
96 101 102 104 99 102 102 95 97 101 
194 6 6
99 101 101 99 104 101 96 98 102 95 
195 6 4
102 102 101 104 101 102 98 104 99 97 
196 2 1
104 103 97 99 99 104 96 103 102 103 
197 3 10
101 100 97 98 100 102 103 99 99 99 
198 6 3
97 103 99 103 96 100 95 97 98 98 
199 7 10
99 103 104 97 103 98 96 99 104 98 
200 8 7
97 102 96 103 96 103 97 100 102 101 
201 6 1
96 101 97 101 96 96 102 100 96 101 
202 10 10
95 95 100 96 100 99 102 102 96 95 
203 6 5
104 103 95 103 101 100 103 95 98 97 
204 7 5
100 99 97 103 95 96 102 97 99 99 
205 4 10
103 96 104 96 98 99 101 99 99 101 
206 3 2
98 97 96 102 102 104 98 97 100 100 
207 2 9
104 95 95 98 102 99 99 100 102 98 
208 8 3
95 98 102 99 96 96 102 99 99 103 
209 2 2
95 102 100 100 99 103 98 98 96 99 
210 9 9
95 98 100 102 101 99 96 101 102 103 
211 4 1
95 95 100 101 96 103 104 96 100 99 
212 7 3
98 97 100 99 103 101 99 103 104 104 
213 8 8
99 103 101 98 104 104 99 96 96 96 
214 8 3
96 101 100 104 97 99 96 102 101 103 
215 4 5
99 102 99 98 102 98 98 96 96 104 
216 7 3
95 95 98 96 98 95 101 100 103 96 
217 7 2
102 102 95 98 100 99 104 95 96 100 
218 6 1
103 95 98 97 104 95 99 96 97 103 
219 6 7
95 96 98 104 99 104 97 97 103 97 
220 8 6
103 104 102 97 99 100 97 98 100 101 
221 6 8
103 96 103 95 104 100 103 95 103 98 
222 2 4
99 100 102 97 104 101 95 103 100 102 
223 1 3
99 99 102 95 97 99 102 95 100 102 
224 4 6
98 98 102 96 102 95 101 98 102 100 
225 9 7
97 103 101 104 102 101 96 97 96 103 
226 5 4
97 96 101 95 95 96 102 100 99 101 
227 8 4
101 100 102 100 96 100 96 100 100 103 
228 5 5
101 101 101 102 101 97 98 96 98 96 
229 2 7
97 103 96 101 101 95 95 99 101 104 
230 10 8
101 95 97 96 95 103 100 102 99 99 
231 7 4
101 96 99 97 97 102 95 99 102 96 
232 4 4
97 100 102 95 99 103 104 97 103 98 
233 6 2
96 97 95 103 101 101 96 100 95 102 
234 10 3
101 104 104 98 97 99 103 101 104 102 
235 7 6
100 100 102 100 103 97 101 95 101 101 
236 9 4
100 96 95 102 103 96 104 99 95 95 
237 10 3
99 104 96 100 101 102 95 96 98 104 
238 9 4
98 102 98 95 98 98 100 95 99 102 
239 8 5
103 104 95 95 96 104 99 103 103 100 
240 4 7
98 101 104 103 102 103 96 96 100 102 
241 4 1
95 95 98 102 102 95 96 102 96 97 
242 8 4
98 96 96 99 102 101 95 97 97 95 
243 1 1
103 96 98 100 103 103 100 96 103 103 
244 9 8
96 96 101 97 100 98 102 104 99 95 
245 4 4
102 100 100 96 100 100 98 100 104 101 
246 1 8
101 101 103 99 101 103 98 102 95 104 
247 3 6
99 104 101 96 97 96 99 104 102 97 
248 3 5
102 101 95 103 99 95 101 96 103 101 
249 8 8
102 96 99 102 97 103 99 102 95 98 
250 9 3
99 99 98 98 101 100 95 101 96 95 
251 5 7
97 97 104 98 96 101 95 103 102 101 
252 6 3
100 96 104 102 99 104 104 96 98 97 
253 7 3
104 101 103 98 101 99 104 96 102 95 
254 5 9
101 101 101 101 97 98 103 104 99 104 
255 7 2
95 102 97 98 96 103 102 96 102 102 
256 5 6
97 100 101 96 100 97 104 96 95 102 
257 10 6
97 102 99 101 103 98 104 103 95 96 
258 5 3
97 96 100 96 104 104 101 98 101 100 
259 5 4
102 100 99 103 97 99 100 99 98 104 
260 3 5
99 97 97 102 100 103 96 104 97 101 
261 1 4
102 104 101 98 99 97 101 96 102 97 
262 2 10
103 101 100 99 103 104 103 99 96 97 
263 2 10
96 97 103 100 95 96 103 102 95 101 
264 1 5
103 103 102 100 96 96 101 96 104 96 
265 6 10
97 98 99 99 103 102 98 96 95 98 
266 7 3
101 99 95 101 97 97 95 95 96 95 
267 8 5
96 98 100 95 101 96 95 103 101 101 
268 5 5
98 104 100 100 98 96 103 104 102 95 
269 9 2
97 95 96 98 95 95 102 98 98 98 
270 5 2
101 101 97 97 99 101 104 102 101 101 
271 6 2
95 100 97 102 100 97 96 102 98 99 
272 2 6
100 95 104 95 100 98 97 98 96 101 
273 9 6
97 102 99 95 98 104 98 98 99 103 
274 4 10
95 99 104 100 95 97 96 100 97 95 
275 7 1
100 95 98 101 101 96 98 95 103 102 
276 4 5
102 103 104 98 103 99 100 96 103 99 
277 7 2
101 102 101 95 104 99 97 99 101 101 
278 1 3
102 98 100 103 96 95 99 95 95 98 
279 6 10
103 95 95 103 101 103 104 99 103 103 
280 8 8
97 104 97 104 100 97 98 100 103 95 
281 6 2
97 104 98 98 99 103 99 99 96 101 
282 6 8
99 101 99 97 99 96 95 104 95 99 
283 9 9
103 98 100 101 101 97 104 103 98 97 
284 4 8
98 102 99 99 100 104 98 95 100 102 
285 5 3
95 101 96 98 95 96 98 104 101 103 
286 8 3
95 102 98 98 96 101 97 101 99 103 
287 1 2
102 101 98 100 100 103 104 103 101 97 
288 2 8
98 99 103 96 99 100 99 101 99 102 
289 10 9
100 98 99 104 97 102 98 96 100 101 
290 9 1
99 102 103 98 104 96 97 99 100 95 
291 7 2
102 97 102 99 104 103 97 99 97 103 
292 7 7
100 96 102 95 102 101 98 99 100 96 
293 8 6
100 104 104 95 96 102 97 103 104 104 
294 5 1
95 101 102 97 100 100 103 97 101 102 
295 6 4
100 103 104 96 96 101 103 101 100 104 
296 10 7
102 98 102 103 99 96 96 99 95 103 
297 7 8
100 101 104 96 101 99 101 96 99 101 
298 5 7
99 99 99 95 99 98 103 98 101 102 
299 4 2
104 99 100 96 97 99 103 104 95 104 
300 3 9
101 104 97 95 102 101 103 96 98 98 
301 4 8
103 99 97 100 96 100 103 97 95 98 
302 4 5
102 98 99 95 98 101 103 96 102 97 
303 2 7
104 97 103 97 100 98 96 98 102 98 
304 1 2
95 103 100 97 99 104 102 96 99 98 
305 4 10
96 99 95 104 101 97 100 102 101 100 
306 2 2
96 97 101 95 102 102 96 95 102 104 
307 3 2
95 96 100 99 99 103 99 101 99 99 
308 8 2
103 99 103 99 97 97 102 98 99 99 
309 6 5
98 104 101 97 103 103 99 103 95 104 
310 3 7
104 103 97 99 98 96 102 98 101 102 
311 1 1
104 102 100 101 98 95 95 103 104 101 
312 2 10
101 100 102 103 101 97 100 100 97 102 
313 2 8
96 103 96 104 101 96 104 100 95 99 
314 2 5
101 98 97 103 96 98 102 103 95 102 
315 7 9
96 96 99 98 96 100 96 99 101 99 
316 4 3
100 97 104 100 103 96 96 99 99 99 
317 3 9
104 97 101 97 96 99 95 97 103 101 
318 8 2
99 103 100 95 97 103 99 104 97 98 
319 6 3
99 101 101 96 97 96 104 99 100 102 
320 7 7
98 103 103 96 100 100 99 104 101 104 
321 2 9
104 100 95 98 103 100 100 100 98 99 
322 7 9
102 102 97 97 101 95 95 104 103 95 
323 4 6
102 102 101 98 104 104 99 103 99 99 
324 5 6
96 96 97 101 100 95 99 99 102 103 
325 7 6
103 101 99 104 103 102 101 101 102 100 
326 10 7
99 100 101 96 96 95 103 97 97 95 
327 10 10
95 100 99 104 99 97 99 99 96 95 
328 6 10
95 99 100 102 104 102 100 100 97 96 
329 7 5
99 99 103 101 101 104 102 101 100 96 
330 8 2
101 96 102 102 99 100 101 99 104 99 
331 4 1
98 103 102 100 96 99 96 100 95 97 
332 4 10
96 96 102 103 99 100 96 95 103 96 
333 8 3
101 101 103 102 97 96 104 100 96 101 
334 3 4
97 101 103 100 103 97 99 96 100 96 
335 3 10
103 100 95 102 101 104 96 99 100 97 
336 4 10
98 99 99 102 96 102 95 100 98 95 
337 3 2
99 101 99 104 95 101 104 95 97 96 
338 8 1
95 96 100 103 98 103 102 103 98 99 
339 6 7
96 102 98 99 95 101 102 99 99 98 
340 7 7
95 102 102 99 103 101 99 95 102 104 
341 1 3
95 103 96 100 97 103 98 100 101 103 
342 2 7
101 95 97 96 98 103 104 100 102 101 
343 10 6
100 101 103 97 102 103 100 102 101 103 
344 5 1
101 104 102 99 103 103 95 99 103 100 
345 8 5
100 102 104 98 100 96 103 95 102 101 
346 6 5
102 97 99 100 95 103 101 103 95 100 
347 4 9
99 100 99 99 95 97 95 101 96 95 
348 2 7
96 96 104 95 95 101 99 102 95 95 
349 3 3
104 95 95 104 101 98 104 97 96 98 
350 7 2
102 102 104 103 104 97 102 97 99 103 
351 3 5
99 103 96 99 104 98 103 95 101 103 
352 2 3
99 97 99 100 100 95 103 98 104 95 
353 4 1
97 97 97 103 95 101 97 101 102 100 
354 3 7
96 95 103 102 104 96 104 98 98 100 
355 1 9
102 95 98 102 95 104 102 100 96 97 
356 4 3
103 103 103 102 98 96 98 101 98 98 
357 4 3
99 99 102 102 104 104 103 102 95 98 
358 7 3
97 100 102 99 104 98 101 103 96 101 
359 8 7
104 98 100 98 101 95 102 96 100 100 
360 1 7
99 95 100 101 99 96 104 101 104 103 
361 1 9
96 103 101 99 102 101 98 101 104 103 
362 2 6
103 104 103 100 99 96 97 95 96 102 
363 10 6
96 103 97 95 101 99 103 95 98 102 
364 5 1
98 104 103 97 102 95 102 103 104 103 
365 4 6
104 100 102 95 100 101 101 101 101 95 
366 7 6
99 99 100 104 96 96 96 101 96 97 
367 9 1
97 103 103 98 101 97 95 102 104 102 
368 8 5
101 100 97 99 102 103 96 99 100 101 
369 6 9
95 102 100 98 104 100 98 98 98 97 
370 9 2
101 103 103 100 102 103 97 98 100 99 
371 1 4
100 96 104 97 95 99 95 97 98 102 
372 6 5
100 103 102 95 97 100 97 103 98 97 
373 7 4
95 103 103 103 99 103 98 104 97 97 
374 2 3
101 99 101 95 98 96 99 103 96 99 
375 10 7
104 98 101 100 100 97 103 103 97 103 
376 7 8
102 104 101 104 96 103 98 104 99 104 
377 10 8
97 101 101 100 95 102 96 96 95 103 
378 9 6
97 101 98 100 100 96 97 99 95 95 
379 6 4
95 95 98 99 96 99 97 100 95 95 
380 1 1
102 97 97 102 97 95 99 99 104 103 
381 2 7
104 100 97 97 101 102 102 101 104 95 
382 4 1
100 102 100 102 102 102 103 101 104 97 
383 4 4
99 104 95 100 102 96 98 104 104 100 
384 4 6
99 95 98 98 98 103 100 95 100 97 
385 8 5
95 102 97 96 96 102 102 101 102 102 
386 4 5
95 102 100 104 99 95 101 104 96 97 
387 5 7
95 97 101 103 101 98 99 101 98 102 
388 1 5
99 102 97 96 101 101 103 101 98 98 
389 9 8
101 101 103 102 103 100 100 96 102 96 
390 2 4
101 100 97 104 97 97 101 102 96 103 
391 1 8
99 103 100 104 99 100 104 95 99 104 
392 10 3
99 99 100 98 102 101 104 98 97 96 
393 6 7
100 98 100 101 96 101 100 103 101 97 
394 10 1
95 95 97 99 95 98 103 101 102 99 
395 1 7
95 104 97 99 97 104 96 102 97 101 
396 6 6
97 97 98 104 101 100 96 101 100 99 
397 3 8
104 96 99 104 102 101 100 102 102 102 
398 5 10
103 102 103 95 98 98 101 103 102 96 
399 10 4
101 97 97 99 103 99 96 103 102 102 
400 8 5
98 97 99 95 97 103 96 95 100 104 
401 4 1
99 96 103 96 97 104 102 96 97 104 
402 6 1
100 103 103 98 101 100 104 96 95 98 
403 5 5
98 100 101 103 100 104 96 104 95 96 
404 4 6
96 95 103 100 96 98 100 103 98 101 
405 4 10
98 98 98 98 103 102 102 97 97 101 
406 3 8
100 98 104 103 100 99 100 103 101 98 
407 4 8
101 103 102 96 101 96 96 95 101 99 
408 6 5
96 98 101 100 104 96 98 101 99 99 
409 7 2
103 96 104 99 99 99 98 97 100 97 
410 5 2
100 102 96 96 98 102 103 99 97 99 
411 2 4
100 101 96 97 95 103 98 95 104 100 
412 7 5
104 96 103 99 99 97 101 104 104 104 
413 4 3
101 96 103 95 100 95 100 98 103 102 
414 8 10
100 97 96 101 102 103 97 104 96 96 
415 4 6
98 96 102 100 98 95 104 96 96 95 
416 3 9
97 102 96 95 99 95 96 96 98 98 
417 9 3
98 95 96 99 96 102 97 102 95 104 
418 5 4
104 98 100 97 100 104 95 102 101 99 
419 1 4
99 96 101 104 101 99 97 96 100 98 
420 9 9
97 95 102 98 96 96 101 97 102 98 
421 5 3
97 99 97 96 95 97 101 100 100 97 
422 5 5
102 101 100 99 97 100 99 99 102 97 
423 10 9
98 101 97 97 96 103 102 99 98 104 
424 6 6
98 98 95 95 100 102 99 99 100 97 
425 9 8
102 100 99 100 102 98 100 97 96 103 
426 6 4
101 97 104 96 98 101 102 101 104 104 
427 9 5
101 98 96 97 100 96 96 97 101 102 
428 10 4
98 100 103 99 100 100 104 96 104 103 
429 6 3
101 97 95 100 98 103 97 95 98 98 
430 5 9
99 100 98 96 100 97 101 103 104 101 
431 5 5
96 101 103 95 101 98 99 98 102 101 
432 9 1
100 97 97 103 100 101 104 97 99 99 
433 6 10
103 96 104 103 95 98 99 96 104 97 
434 5 7
102 95 96 101 102 104 102 99 97 104 
435 5 10
103 98 96 97 104 101 98 103 95 97 
436 9 1
102 97 98 104 102 104 102 101 97 103 
437 4 10
102 97 98 96 98 104 96 96 100 99 
438 6 5
96 95 97 98 97 97 100 97 102 103 
439 2 7
95 103 97 97 103 102 98 102 96 103 
440 10 6
102 97 103 97 101 101 102 104 101 96 
441 3 2
99 104 98 98 103 101 104 95 101 98 
442 3 5
96 102 96 99 100 95 104 97 99 95 
443 6 4
101 99 97 97 100 102 98 96 101 101 
444 5 7
99 100 103 95 104 97 99 97 104 101 
445 7 5
103 103 102 98 103 99 101 99 103 95 
446 9 4
104 97 102 103 95 98 101 100 104 100 
447 6 1
102 95 99 102 103 95 98 101 103 95 
448 2 9
99 104 97 97 95 98 103 96 100 102 
449 10 6
95 103 97 96 98 103 96 97 95 102 
450 10 9
103 98 101 103 100 103 104 97 102 98 
451 7 10
101 99 96 96 98 97 104 99 97 96 
452 8 6
96 96 103 98 103 104 96 101 99 95 
453 8 3
103 101 99 102 104 95 102 101 102 95 
454 10 1
99 103 99 102 97 99 99 100 100 99 
455 10 4
99 97 95 95 97 104 97 97 100 103 
456 1 7
104 102 99 101 104 99 103 98 99 100 
457 3 9
104 102 99 99 96 100 102 102 104 104 
458 1 3
103 99 99 100 98 101 99 97 100 103 
459 1 5
99 103 103 104 100 97 102 99 104 98 
460 9 4
95 103 97 95 102 97 99 103 102 95 
461 4 1
102 102 99 97 103 101 102 97 101 102 
462 2 3
104 96 103 104 101 102 99 102 102 101 
463 8 5
104 96 97 103 96 103 95 95 102 101 
464 4 6
97 97 103 95 104 96 99 103 99 98 
465 10 4
97 98 95 104 97 104 98 96 97 103 
466 2 6
101 96 101 98 102 96 96 96 98 96 
467 4 3
99 103 97 104 98 97 97 100 102 99 
468 5 10
98 104 97 102 104 98 99 100 99 95 
469 2 4
98 99 101 101 100 95 95 104 103 98 
470 1 2
102 99 103 101 103 97 101 98 98 95 
471 3 4
99 102 95 95 104 98 99 98 102 97 
472 10 5
97 97 101 95 100 103 98 97 98 96 
473 9 4
100 101 102 96 102 104 99 98 103 101 
474 4 9
97 104 96 104 97 97 101 101 99 99 
475 8 10
97 97 98 100 101 99 104 96 97 103 
476 3 2
104 103 99 103 102 95 101 104 104 102 
477 1 4
104 103 95 101 97 104 100 100 98 96 
478 1 10
102 96 98 104 104 102 96 104 101 100 
479 10 6
100 100 101 102 99 101 97 100 102 99 
480 2 10
98 104 99 104 95 102 103 104 95 96 
481 9 3
104 96 98 102 102 97 99 99 102 95 
482 4 4
103 103 103 100 97 95 102 103 96 98 
483 8 4
97 102 97 98 104 95 100 95 99 95 
484 8 4
97 98 102 96 98 98 99 98 96 99 
485 2 6
99 103 98 102 96 97 95 99 95 97 
486 10 10
100 101 96 104 101 95 97 103 98 96 
487 2 7
101 102 96 102 96 97 100 103 95 103 
488 6 5
96 101 95 98 103 104 97 100 100 98 
489 5 2
100 103 96 103 95 99 101 103 96 102 
490 7 3
95 98 95 97 96 101 101 99 97 101 
491 8 3
100 96 103 97 101 99 100 96 100 103 
492 10 8
97 102 100 98 100 98 101 102 101 103 
493 10 1
99 101 99 103 99 99 96 95 102 96 
494 5 7
102 95 104 97 103 96 104 98 103 100 
495 7 4
103 99 95 102 98 95 102 104 103 98 
496 9 3
104 104 99 102 97 104 98 104 96 99 
497 3 2
100 96 99 99 103 98 102 104 104 95 
498 7 3
97 98 99 97 101 97 99 101 98 96 
499 6 6
97 95 99 98 99 103 101 95 95 98 

