50 10 3501
0 2 84
102 99 101 100 98 101 101 98 102 102 
1 15 65
101 102 100 99 99 102 100 102 101 102 
2 74 19
100 100 98 98 98 101 102 99 102 102 
3 95 25
101 100 99 102 99 98 102 99 100 101 
4 73 44
100 102 100 100 99 100 99 98 102 99 
5 17 38
99 100 101 99 99 102 100 99 99 102 
6 7 91
99 100 101 101 98 99 101 102 100 100 
7 68 61
98 98 99 99 101 102 98 102 101 99 
8 78 40
98 98 99 102 99 102 99 100 99 102 
9 94 79
100 99 100 100 99 99 102 99 99 98 
10 80 65
99 98 99 102 99 101 102 101 98 100 
11 63 84
99 98 101 102 98 99 100 102 102 102 
12 87 21
99 99 99 102 101 101 99 98 101 100 
13 65 27
100 98 102 98 102 102 101 100 102 99 
14 37 82
102 101 99 102 101 100 102 99 98 101 
15 96 30
99 101 99 99 100 98 100 98 101 101 
16 48 25
102 98 100 102 100 101 98 99 100 101 
17 43 43
99 102 98 101 102 100 100 98 99 101 
18 59 64
99 100 98 99 98 100 98 98 98 100 
19 47 55
99 101 98 98 100 98 102 98 102 102 
20 59 69
101 101 98 99 99 101 98 102 100 100 
21 41 68
100 99 102 100 101 98 99 99 99 101 
22 89 79
101 100 101 102 101 101 100 100 99 102 
23 49 34
102 98 102 99 101 98 99 98 99 98 
24 85 42
101 98 98 102 101 101 100 102 99 100 
25 49 100
100 101 99 102 100 100 102 100 100 101 
26 19 3
101 99 102 99 100 101 98 98 101 98 
27 57 15
101 98 101 102 102 101 99 99 99 102 
28 86 50
99 99 101 99 98 101 98 98 98 98 
29 50 100
101 102 99 102 102 100 98 102 102 101 
30 27 44
101 100 102 98 101 100 99 98 101 99 
31 49 96
102 101 99 99 101 98 98 102 99 99 
32 1 81
101 98 102 100 98 100 100 101 102 100 
33 51 69
99 101 98 102 102 98 100 102 101 101 
34 61 50
98 99 98 99 102 100 101 98 102 102 
35 23 72
100 100 102 101 99 100 99 100 98 101 
36 64 96
98 98 99 99 101 99 100 98 102 100 
37 72 55
99 102 102 98 102 101 99 101 98 100 
38 82 24
102 101 98 100 101 102 102 102 99 98 
39 58 28
101 102 100 101 99 99 102 102 98 98 
40 75 22
101 98 102 99 102 99 99 99 99 100 
41 34 22
101 100 100 102 102 102 99 100 101 99 
42 91 7
100 99 98 102 99 102 99 100 99 100 
43 1 9
98 99 102 99 98 102 98 101 101 100 
44 36 63
100 99 102 100 102 100 102 99 101 102 
45 42 73
99 102 99 102 101 99 100 102 102 101 
46 58 6
100 100 101 98 98 98 102 102 100 102 
47 4 99
101 100 98 101 102 101 98 100 102 99 
48 32 78
102 99 101 102 102 99 99 100 101 99 
49 55 26
100 102 99 99 98 98 102 101 100 99 

