500 10 34965
0 84 87
102 90 118 110 111 117 124 96 87 102 
1 91 60
88 101 115 101 97 111 86 93 92 104 
2 83 31
87 98 92 110 104 77 97 83 94 92 
3 94 57
86 117 104 98 96 94 109 112 123 99 
4 16 71
88 101 116 105 81 98 87 95 121 106 
5 6 26
109 102 111 80 121 104 88 82 99 120 
6 83 46
89 92 109 89 118 75 112 83 101 103 
7 89 85
78 76 79 124 107 85 101 93 114 87 
8 27 87
119 114 120 95 109 103 92 76 122 77 
9 18 93
77 81 76 105 111 116 90 114 119 94 
10 41 30
106 92 122 96 106 100 84 102 92 81 
11 98 54
111 90 81 108 94 99 103 96 107 104 
12 4 20
95 93 83 90 115 124 121 98 93 120 
13 47 52
96 80 104 113 89 103 116 75 118 75 
14 35 65
99 89 112 81 118 116 102 90 84 111 
15 33 52
112 103 100 82 99 96 83 120 104 112 
16 36 94
93 103 118 86 103 104 101 79 118 88 
17 14 39
81 115 79 93 103 113 94 92 92 121 
18 25 44
95 108 115 124 97 100 119 115 80 114 
19 55 87
94 107 117 89 122 82 80 79 123 86 
20 23 29
124 118 121 93 115 97 86 85 80 76 
21 62 31
103 80 95 111 119 101 97 90 83 91 
22 83 59
99 112 87 99 75 111 77 124 104 75 
23 69 72
98 106 106 105 108 119 85 88 124 106 
24 100 97
84 98 88 93 115 120 101 91 109 115 
25 91 85
101 117 111 82 120 81 104 93 112 87 
26 49 73
84 84 111 85 117 112 81 76 88 97 
27 22 56
94 124 96 79 114 86 115 92 80 103 
28 28 51
109 83 95 99 97 94 121 106 105 109 
29 93 73
97 75 100 110 97 124 115 117 123 88 
30 99 91
99 115 84 106 94 111 107 80 119 79 
31 80 70
98 101 75 80 85 117 104 109 118 80 
32 22 68
79 88 86 79 101 84 119 77 77 81 
33 85 22
117 93 103 114 97 83 83 123 111 83 
34 54 49
78 108 108 123 115 79 92 121 93 104 
35 1 47
113 122 124 115 78 108 88 122 78 117 
36 87 26
77 121 100 113 82 104 111 85 89 96 
37 61 5
103 102 75 123 81 77 119 122 124 118 
38 40 3
103 78 75 106 122 113 84 76 110 109 
39 40 93
90 102 79 104 124 89 110 104 118 110 
40 78 1
113 96 124 114 92 113 117 120 118 119 
41 30 91
107 115 116 94 101 107 86 117 85 92 
42 24 62
106 84 115 100 121 92 102 109 115 101 
43 25 58
89 93 80 83 87 111 75 121 101 119 
44 17 53
103 104 121 115 122 95 76 105 106 118 
45 58 28
87 111 89 80 87 115 87 104 85 94 
46 90 75
80 116 95 108 112 113 113 91 95 109 
47 57 18
81 85 124 112 80 84 92 93 120 108 
48 74 59
98 112 114 108 82 103 82 89 96 104 
49 1 60
93 113 100 113 99 108 82 106 118 83 
50 71 100
92 114 94 88 97 119 98 122 106 87 
51 83 91
117 116 82 90 96 82 99 116 122 76 
52 32 22
112 115 79 105 123 100 106 91 91 77 
53 32 40
121 79 113 105 93 96 95 87 87 104 
54 78 86
111 79 101 108 82 84 82 119 124 86 
55 28 51
111 85 93 80 88 124 119 86 80 109 
56 92 76
80 89 114 93 118 93 80 107 97 107 
57 18 31
118 99 101 118 111 78 118 99 89 88 
58 80 78
87 100 113 94 85 107 119 92 121 110 
59 38 92
78 118 98 103 100 116 85 93 92 111 
60 64 56
115 83 105 79 96 86 108 110 114 98 
61 5 52
80 75 93 78 110 81 120 114 124 95 
62 68 27
88 102 121 106 90 85 111 80 95 93 
63 12 43
107 121 104 96 95 109 97 102 109 115 
64 84 73
123 105 88 122 75 105 98 89 84 97 
65 48 25
107 110 107 79 79 118 123 111 115 103 
66 60 63
87 108 116 123 98 99 97 97 79 110 
67 22 58
90 122 96 101 94 93 76 78 78 108 
68 8 60
103 81 122 95 109 83 109 123 116 101 
69 99 16
77 96 114 84 81 85 91 99 84 114 
70 1 79
84 78 106 89 113 114 101 92 122 98 
71 88 32
107 97 106 100 75 104 115 79 75 106 
72 14 58
119 106 106 78 95 108 107 106 112 90 
73 97 26
79 97 117 76 122 107 109 106 81 90 
74 58 9
120 124 87 122 108 101 79 102 84 112 
75 33 83
96 91 88 85 107 86 110 111 110 105 
76 91 84
89 101 91 95 117 100 103 114 100 115 
77 37 61
93 118 112 103 107 96 85 80 113 100 
78 16 71
112 78 83 97 108 75 82 122 102 101 
79 70 72
76 124 85 103 114 123 113 85 118 102 
80 91 77
124 77 106 112 102 124 82 91 77 92 
81 42 36
93 123 109 120 101 80 91 103 79 103 
82 9 94
103 122 80 97 99 120 75 100 122 108 
83 13 28
107 96 118 109 114 109 96 84 110 82 
84 55 62
87 97 116 91 77 75 87 107 124 92 
85 55 74
90 81 76 89 115 88 116 97 112 112 
86 60 29
96 105 112 81 115 116 95 77 90 86 
87 70 18
86 108 76 87 75 81 113 92 89 114 
88 33 55
79 100 104 116 87 113 94 111 95 81 
89 45 61
124 89 90 89 101 111 108 114 94 110 
90 53 22
118 115 114 84 106 98 89 110 123 120 
91 78 14
108 123 124 80 80 118 93 81 85 108 
92 24 87
96 83 102 115 120 106 86 115 98 75 
93 1 55
100 89 117 99 84 94 114 119 94 113 
94 52 77
108 94 108 118 79 81 106 100 91 86 
95 68 13
117 104 77 93 106 77 99 82 93 91 
96 84 78
112 97 98 82 87 100 108 122 121 93 
97 42 54
101 99 105 118 110 123 80 105 104 84 
98 99 61
87 99 94 105 116 77 85 105 101 108 
99 90 41
83 98 113 82 118 106 85 95 80 115 
100 14 92
113 95 96 92 104 96 105 118 120 124 
101 25 89
79 111 94 107 94 85 98 105 108 88 
102 88 80
119 124 124 76 114 89 117 105 111 90 
103 50 16
111 106 86 109 108 112 97 112 98 118 
104 20 43
79 119 99 114 84 88 93 78 87 94 
105 6 5
108 124 109 94 90 110 112 78 94 75 
106 88 3
112 87 114 85 80 85 79 86 82 104 
107 4 17
117 96 97 80 118 104 86 103 103 122 
108 1 46
107 112 124 76 114 111 78 101 123 119 
109 37 7
82 117 92 89 96 95 105 91 119 79 
110 24 38
108 109 92 87 106 92 84 90 81 83 
111 70 46
120 97 96 120 94 84 76 101 77 96 
112 41 26
118 97 116 114 102 91 103 87 75 121 
113 25 34
88 111 124 95 119 93 90 116 117 114 
114 38 64
123 115 114 77 88 106 103 82 79 96 
115 47 84
113 100 120 115 96 97 101 109 83 100 
116 57 53
120 97 121 114 86 108 78 86 100 117 
117 17 40
99 119 121 105 92 119 88 82 94 85 
118 51 93
107 101 104 115 78 110 120 123 82 116 
119 38 71
101 115 109 76 108 75 117 84 121 115 
120 40 64
110 79 98 81 89 98 76 124 76 105 
121 40 5
90 111 77 100 104 116 122 82 109 106 
122 62 20
106 78 103 102 119 94 118 106 98 93 
123 88 40
118 113 113 119 95 105 123 111 93 77 
124 64 99
120 85 80 104 117 91 123 100 97 103 
125 54 67
122 123 122 97 91 111 87 84 102 75 
126 54 98
107 78 110 76 82 123 124 79 86 81 
127 35 4
100 109 103 122 88 108 90 85 106 89 
128 86 98
75 122 83 104 124 88 104 109 91 89 
129 86 76
90 111 105 101 117 91 104 94 77 84 
130 67 16
120 108 103 101 122 88 101 75 87 111 
131 30 64
75 83 122 91 100 107 119 115 95 101 
132 19 66
119 124 109 121 83 78 87 78 111 117 
133 33 35
82 85 109 94 121 90 109 121 99 107 
134 66 52
91 86 118 112 112 86 77 106 85 113 
135 80 21
116 118 99 103 110 83 87 117 95 121 
136 64 67
86 75 90 112 109 107 115 75 118 108 
137 40 81
119 118 88 79 107 119 100 98 113 76 
138 52 74
86 90 93 106 88 108 124 102 110 89 
139 65 70
121 82 97 116 115 86 98 112 82 111 
140 94 40
106 95 89 96 96 93 121 109 108 89 
141 68 98
75 92 99 110 108 115 82 107 124 104 
142 24 91
117 122 104 124 110 97 115 93 118 80 
143 40 67
100 111 78 85 77 95 82 79 112 108 
144 41 22
101 122 80 102 103 103 94 95 102 123 
145 21 64
96 85 108 91 92 98 107 117 86 110 
146 54 64
83 87 93 120 123 85 93 101 84 98 
147 4 88
79 98 82 106 98 104 121 119 117 105 
148 13 10
80 122 79 91 109 84 106 117 98 76 
149 39 72
88 83 124 97 109 80 86 115 105 96 
150 24 4
75 95 75 117 77 87 79 82 84 83 
151 26 95
92 83 111 115 85 101 89 98 112 90 
152 49 22
95 84 88 75 107 111 79 108 83 81 
153 28 11
93 106 94 103 116 121 99 83 80 85 
154 2 66
114 92 115 101 107 113 124 80 75 87 
155 58 33
123 86 92 82 94 122 94 113 103 114 
156 19 71
110 117 105 117 79 108 82 118 75 75 
157 22 86
113 95 115 115 109 122 100 108 86 119 
158 43 31
116 88 95 95 79 113 117 117 105 97 
159 35 86
83 119 105 83 119 77 120 109 97 112 
160 26 58
110 77 117 123 121 111 105 115 124 76 
161 13 57
114 79 123 97 103 107 82 113 101 112 
162 98 21
114 119 80 89 107 107 98 94 111 90 
163 18 85
78 124 99 79 75 111 85 117 117 83 
164 65 24
116 96 86 94 85 85 115 77 80 122 
165 17 90
106 114 83 92 81 100 76 86 99 103 
166 66 78
91 101 94 86 109 108 111 102 81 124 
167 98 17
85 114 95 92 111 111 83 92 102 91 
168 37 36
118 112 121 94 92 87 121 109 115 92 
169 96 75
75 106 77 83 105 76 100 117 115 122 
170 62 77
109 94 120 88 110 106 76 105 95 122 
171 1 89
86 121 99 76 89 94 103 91 77 107 
172 26 83
108 77 102 98 124 115 76 110 85 121 
173 100 48
104 77 103 124 124 103 114 88 101 88 
174 67 91
109 119 84 111 101 109 96 84 113 75 
175 85 40
115 110 100 75 106 101 75 87 103 103 
176 65 80
83 78 119 109 94 86 102 80 82 111 
177 43 35
97 90 120 85 90 107 124 82 92 101 
178 59 2
77 85 88 107 113 102 89 121 108 83 
179 31 55
94 82 84 102 120 76 88 92 93 85 
180 30 36
117 106 118 87 82 78 88 87 88 103 
181 97 52
81 85 124 116 94 106 120 115 114 79 
182 70 37
83 107 79 101 120 108 89 112 89 82 
183 52 25
85 89 113 98 118 109 101 76 120 100 
184 95 67
81 114 81 122 120 101 109 78 85 115 
185 83 56
98 123 120 115 80 121 91 92 88 79 
186 91 9
115 93 86 110 118 80 76 76 119 85 
187 52 92
113 110 122 123 100 106 81 75 104 76 
188 43 35
124 85 76 89 89 118 97 80 86 108 
189 43 57
115 121 84 111 83 85 103 121 122 100 
190 95 25
81 75 100 110 78 94 96 80 105 99 
191 20 97
92 119 78 105 104 121 111 95 119 120 
192 59 53
83 111 123 80 88 119 105 96 122 82 
193 59 1
103 104 82 83 78 104 82 97 100 85 
194 3 5
83 115 101 77 111 110 81 121 98 79 
195 52 38
76 108 85 123 117 94 75 96 75 83 
196 82 57
112 113 103 87 76 108 93 84 98 120 
197 15 62
107 97 82 82 104 86 119 105 119 82 
198 79 38
101 103 85 103 111 116 109 100 107 90 
199 40 34
123 83 119 98 80 85 110 114 108 119 
200 47 13
80 118 117 75 75 95 114 103 75 124 
201 57 38
117 116 89 99 83 79 84 83 89 79 
202 82 20
91 93 85 124 88 81 88 93 124 80 
203 71 2
102 86 104 103 87 111 92 80 104 108 
204 80 90
112 114 122 78 120 105 99 86 124 109 
205 12 15
118 101 109 117 107 82 121 86 93 100 
206 42 32
88 85 111 119 119 92 110 108 83 107 
207 38 54
90 88 92 89 123 105 105 116 81 89 
208 36 39
98 106 77 117 84 120 100 99 81 88 
209 72 3
105 81 110 116 114 99 119 81 113 86 
210 71 39
116 77 104 123 93 91 113 117 75 117 
211 85 60
113 86 110 121 99 81 123 81 88 110 
212 48 55
87 119 85 77 82 107 115 76 111 96 
213 100 5
114 114 121 114 109 107 75 97 118 111 
214 69 20
117 93 101 82 78 100 88 90 94 100 
215 70 78
84 84 105 120 107 106 75 97 95 121 
216 14 57
104 89 103 99 75 123 119 119 93 97 
217 5 73
122 92 114 94 118 84 123 79 95 103 
218 51 56
84 75 104 106 123 117 113 102 81 93 
219 55 9
94 123 78 112 95 82 86 94 101 78 
220 41 72
89 113 101 111 91 101 116 102 103 97 
221 60 27
90 124 79 98 92 83 107 113 83 112 
222 77 31
119 114 76 97 117 117 119 81 105 97 
223 94 50
123 111 103 101 84 112 77 101 113 83 
224 50 59
93 106 121 103 95 99 83 89 89 87 
225 40 57
79 110 90 109 82 85 110 82 121 89 
226 84 56
78 112 108 117 123 108 75 93 91 121 
227 50 38
96 84 78 112 96 117 118 100 102 85 
228 63 87
95 122 118 92 86 103 99 92 91 83 
229 60 67
118 84 111 84 82 110 121 105 120 77 
230 18 17
121 88 117 99 98 81 85 119 78 81 
231 64 18
109 114 109 77 124 118 93 117 79 80 
232 5 14
117 77 119 112 79 86 81 76 101 123 
233 28 51
79 114 121 84 120 86 101 105 77 87 
234 33 53
82 78 121 86 85 75 102 77 78 96 
235 41 58
109 123 85 86 123 112 88 79 102 86 
236 64 75
99 117 79 101 79 114 103 89 117 100 
237 78 3
102 79 79 105 100 121 115 85 119 75 
238 24 43
115 113 121 94 124 87 118 100 79 123 
239 52 61
112 107 99 104 84 77 108 111 81 112 
240 68 35
111 84 121 105 84 94 100 76 82 98 
241 71 59
110 89 108 114 89 111 77 78 93 101 
242 33 28
105 92 91 112 79 108 96 117 119 92 
243 76 56
113 75 82 122 98 102 82 84 118 117 
244 51 58
103 77 85 122 106 119 101 86 86 117 
245 99 69
102 96 85 96 115 112 104 105 112 111 
246 80 14
88 111 99 84 103 99 91 84 104 102 
247 59 61
96 109 98 110 104 99 78 83 120 90 
248 83 89
78 86 93 117 122 75 80 87 111 106 
249 72 18
83 113 101 112 92 109 124 115 95 97 
250 28 52
121 107 85 119 123 117 107 78 78 77 
251 48 53
79 80 89 116 111 113 85 119 103 113 
252 84 46
97 109 112 119 82 90 121 80 122 81 
253 50 98
75 108 77 78 113 75 80 117 80 96 
254 36 92
86 120 113 114 108 98 111 82 83 101 
255 3 66
116 75 95 115 83 97 113 83 82 115 
256 62 96
115 93 115 122 116 100 116 78 98 104 
257 45 59
77 108 91 85 84 95 102 75 97 75 
258 41 81
99 105 113 106 96 124 104 88 94 94 
259 62 13
121 79 92 94 108 87 103 112 120 121 
260 51 55
91 104 81 113 104 121 93 80 104 83 
261 88 1
82 93 90 103 112 103 115 110 107 83 
262 6 18
97 110 82 94 106 82 98 124 111 104 
263 90 19
102 82 98 81 90 87 83 99 105 101 
264 5 20
81 121 80 114 81 87 83 103 122 90 
265 98 31
97 97 104 86 78 93 106 108 102 81 
266 92 45
94 77 95 76 103 101 98 109 97 105 
267 76 80
119 109 84 116 124 84 98 99 106 77 
268 36 38
97 91 95 76 99 86 120 118 90 92 
269 48 44
118 97 105 92 79 82 121 123 116 83 
270 90 94
92 87 92 75 91 79 112 115 97 84 
271 42 47
98 113 117 113 80 114 107 75 88 89 
272 68 68
96 91 90 90 99 81 83 116 95 100 
273 92 89
104 106 103 76 115 94 122 88 84 116 
274 53 17
107 111 91 120 75 110 89 98 76 104 
275 39 78
112 121 93 82 98 87 120 79 118 100 
276 8 36
121 80 124 80 123 78 98 106 114 114 
277 77 92
102 116 89 105 97 80 83 85 76 101 
278 70 78
115 90 106 108 117 114 94 114 121 95 
279 97 95
98 95 100 89 86 79 80 113 120 96 
280 70 70
101 102 104 105 80 124 82 121 91 113 
281 82 59
104 77 124 100 99 121 97 122 91 122 
282 62 78
76 93 91 123 115 112 93 91 91 124 
283 97 22
123 80 94 91 121 76 102 100 80 101 
284 54 31
97 100 104 113 97 118 93 101 86 111 
285 27 2
98 119 95 114 121 93 87 121 99 107 
286 64 21
110 115 122 117 93 75 97 118 100 79 
287 84 51
122 76 103 83 112 79 87 87 76 107 
288 52 48
77 91 118 101 75 83 123 112 75 123 
289 30 70
123 79 87 101 83 122 103 80 124 83 
290 64 37
89 102 76 90 84 79 89 87 95 85 
291 91 71
93 116 82 96 114 114 115 114 118 79 
292 18 54
76 122 83 77 80 98 116 97 76 117 
293 40 63
121 79 101 94 91 94 114 109 85 124 
294 56 2
115 122 117 108 78 87 113 82 86 121 
295 12 20
96 77 116 99 121 105 112 118 111 90 
296 63 53
109 78 114 121 79 121 122 119 121 117 
297 30 100
81 92 83 92 90 97 111 112 99 102 
298 62 72
83 75 91 121 91 105 124 75 110 113 
299 98 41
109 121 111 105 115 91 107 121 110 117 
300 15 52
89 77 115 116 105 78 89 115 79 105 
301 87 73
87 112 97 122 100 96 114 85 95 101 
302 43 11
117 99 84 104 94 100 105 108 102 95 
303 25 10
99 113 124 105 95 113 77 107 100 101 
304 83 52
123 96 88 95 122 82 107 116 109 116 
305 22 4
91 78 113 121 101 88 80 77 78 82 
306 33 27
120 111 83 95 87 117 98 87 89 113 
307 33 64
123 90 82 107 83 103 112 102 108 100 
308 24 60
115 103 86 121 110 120 97 107 106 107 
309 6 97
100 103 83 114 94 118 79 92 85 86 
310 2 71
116 113 122 100 88 95 111 81 76 123 
311 3 39
120 99 98 104 81 103 100 106 83 110 
312 23 80
105 102 121 115 115 122 88 107 112 85 
313 8 52
108 118 82 111 118 84 101 114 110 124 
314 19 92
102 120 98 113 105 122 92 88 99 91 
315 56 66
90 93 124 78 104 81 81 89 76 90 
316 51 98
101 101 113 86 101 83 77 80 78 102 
317 94 86
100 86 123 76 102 81 93 117 99 92 
318 48 54
98 78 92 102 93 94 101 119 121 89 
319 6 25
97 85 104 102 112 100 89 89 111 90 
320 67 16
96 109 84 120 77 82 76 102 85 95 
321 57 32
115 107 100 113 121 108 87 95 118 116 
322 50 33
91 91 122 79 106 88 96 79 124 106 
323 2 52
115 77 106 77 100 112 108 90 95 86 
324 6 69
121 92 116 114 85 117 98 104 83 95 
325 34 92
110 82 122 112 115 124 113 105 78 96 
326 35 29
84 95 120 106 108 75 76 104 94 117 
327 71 81
112 118 84 122 91 119 114 78 78 113 
328 41 94
112 106 100 116 77 87 96 88 107 92 
329 45 16
94 121 119 114 115 89 96 102 84 105 
330 76 76
101 91 106 105 79 96 100 117 79 78 
331 36 58
90 81 97 122 100 92 89 120 88 83 
332 87 54
99 82 106 108 114 83 86 92 99 117 
333 50 29
90 100 97 97 105 82 106 120 91 78 
334 93 42
95 83 113 110 91 99 114 117 108 97 
335 78 73
107 113 117 81 107 116 111 75 93 84 
336 23 49
93 80 120 109 83 114 103 104 122 91 
337 65 16
118 80 82 101 104 110 76 86 100 120 
338 70 11
111 81 87 82 92 111 82 110 116 78 
339 73 50
117 75 105 115 93 122 80 86 79 90 
340 41 85
75 118 122 102 113 92 112 99 98 76 
341 84 91
112 116 102 103 121 76 105 113 78 85 
342 81 23
84 111 110 89 78 102 75 80 95 122 
343 83 59
89 97 110 112 98 93 104 86 86 84 
344 90 58
85 94 121 91 107 103 113 116 91 100 
345 58 70
78 82 99 100 80 82 109 94 106 94 
346 60 5
114 115 90 76 76 82 83 87 103 81 
347 29 61
110 93 79 76 120 86 96 75 94 120 
348 27 27
79 87 120 110 106 81 115 95 124 82 
349 24 1
91 107 89 120 115 117 82 100 87 88 
350 80 61
102 75 85 121 122 113 99 79 75 96 
351 90 32
103 106 79 104 116 102 104 82 86 119 
352 55 3
113 89 104 78 104 83 88 81 85 100 
353 55 11
89 103 89 89 75 78 123 105 112 79 
354 60 79
108 113 112 120 109 119 124 98 83 103 
355 29 38
114 116 121 124 93 75 84 107 104 98 
356 100 30
104 122 84 91 78 95 121 111 83 108 
357 34 96
102 107 95 112 88 123 102 77 116 98 
358 4 10
100 88 117 79 113 118 110 94 117 121 
359 88 46
91 108 106 102 94 90 97 123 124 117 
360 39 13
115 90 89 106 115 95 117 90 108 111 
361 73 24
104 82 120 96 79 107 93 97 93 77 
362 100 90
94 96 114 93 90 102 108 80 119 124 
363 39 35
94 108 77 79 94 99 103 124 108 98 
364 23 40
82 118 87 100 120 88 91 89 112 81 
365 35 53
108 92 85 105 92 75 91 111 108 93 
366 92 4
119 96 79 103 121 103 92 80 96 104 
367 34 69
118 124 109 107 80 94 109 116 113 119 
368 72 8
122 114 119 105 83 112 110 79 85 114 
369 83 59
95 75 88 116 106 121 87 101 121 121 
370 59 54
92 120 119 81 116 92 88 113 84 84 
371 20 20
123 81 98 83 123 81 91 93 83 107 
372 62 42
103 98 93 101 95 103 105 112 98 101 
373 46 66
121 84 78 80 95 99 99 94 108 122 
374 28 32
80 121 124 88 103 85 82 83 111 100 
375 86 59
78 90 122 104 116 118 119 112 79 124 
376 95 25
101 93 120 84 93 100 117 98 96 116 
377 40 52
78 121 84 116 98 119 124 103 86 122 
378 60 54
115 78 117 121 80 114 97 108 82 93 
379 95 78
118 111 78 91 104 117 92 107 115 103 
380 75 16
98 100 120 109 97 80 114 89 85 109 
381 11 16
98 110 75 107 78 119 85 121 107 88 
382 13 12
82 106 119 124 84 95 91 109 120 86 
383 22 21
91 87 111 102 121 124 119 96 109 120 
384 57 38
116 91 110 99 106 124 112 115 105 106 
385 92 92
78 82 101 76 93 122 98 112 86 84 
386 65 11
83 85 106 119 82 112 108 124 80 93 
387 26 89
92 87 103 124 121 94 116 76 103 94 
388 5 98
93 102 109 104 114 75 114 124 85 98 
389 95 19
87 102 94 95 121 121 83 90 85 114 
390 18 7
85 83 85 114 104 89 113 122 117 99 
391 29 82
99 93 105 111 118 101 81 80 79 102 
392 28 3
100 111 94 111 102 111 119 112 119 79 
393 77 74
94 91 97 88 115 76 121 91 96 103 
394 6 65
80 86 96 86 116 124 88 91 112 107 
395 5 15
96 124 76 90 80 105 116 101 121 90 
396 90 38
91 112 78 114 91 83 80 98 97 102 
397 87 16
103 76 108 90 108 113 104 81 114 107 
398 23 95
87 90 96 84 107 87 121 76 75 76 
399 41 69
87 121 118 111 100 104 78 78 105 111 
400 19 16
101 124 97 90 106 121 85 119 88 106 
401 56 46
118 78 121 120 79 114 88 93 110 83 
402 57 11
112 84 90 92 121 108 108 97 109 82 
403 39 16
78 75 84 91 108 89 86 103 94 85 
404 75 25
124 114 119 109 123 76 121 110 85 86 
405 56 59
121 115 106 105 122 96 122 75 98 84 
406 19 7
100 106 109 120 116 85 94 115 75 90 
407 27 1
91 99 110 102 112 117 112 108 107 93 
408 66 30
116 88 106 89 97 124 95 124 106 82 
409 95 23
92 90 90 92 106 118 92 122 93 80 
410 27 56
122 89 116 107 109 81 86 103 96 120 
411 43 46
119 90 120 102 97 114 77 114 80 92 
412 60 87
85 103 110 105 110 89 111 110 105 102 
413 18 65
110 105 117 84 100 112 79 97 77 76 
414 50 27
116 76 92 123 95 101 111 108 82 96 
415 14 93
112 76 104 92 105 121 107 91 102 101 
416 28 5
88 106 101 92 110 103 118 103 106 86 
417 27 5
114 87 112 121 110 77 116 100 79 95 
418 43 85
92 99 77 121 78 104 75 91 88 104 
419 87 99
82 104 101 113 115 79 117 105 93 106 
420 79 6
109 94 105 115 117 98 101 84 124 106 
421 58 3
85 84 96 100 113 82 98 120 113 76 
422 87 32
80 105 88 98 87 116 104 123 88 84 
423 91 6
107 91 91 109 122 98 111 85 109 84 
424 86 74
93 86 95 82 87 83 113 93 114 76 
425 94 54
119 99 76 84 109 118 89 93 84 107 
426 3 10
82 116 94 117 77 81 90 96 92 112 
427 31 33
121 93 77 110 96 120 115 92 95 116 
428 28 7
111 118 101 120 101 104 81 110 97 102 
429 28 75
111 119 122 78 107 102 112 105 122 114 
430 16 71
112 80 113 84 123 92 90 109 87 116 
431 82 41
97 115 101 121 92 80 96 80 75 93 
432 10 85
123 123 89 120 113 106 91 102 113 81 
433 37 89
100 78 99 112 121 82 103 94 122 79 
434 68 68
86 113 97 86 84 108 122 82 107 88 
435 5 23
119 95 76 109 103 112 97 78 117 121 
436 42 39
79 96 84 76 102 102 95 113 92 118 
437 3 29
103 124 110 85 90 117 109 84 89 110 
438 47 44
99 93 123 91 90 116 82 96 87 93 
439 25 42
120 120 105 90 115 107 118 93 108 106 
440 32 99
98 92 85 114 78 81 107 102 99 106 
441 47 92
99 78 89 112 98 114 103 96 111 85 
442 87 77
117 106 121 103 89 104 101 114 122 111 
443 80 53
119 86 106 94 119 102 87 94 107 102 
444 9 57
93 113 102 79 124 90 107 118 121 105 
445 74 12
85 75 75 84 113 104 86 108 118 119 
446 5 40
99 93 85 81 122 93 89 90 84 118 
447 70 59
85 76 78 84 109 102 97 121 104 99 
448 6 20
79 93 79 124 87 85 115 111 104 76 
449 96 77
94 86 117 105 82 88 115 92 92 119 
450 79 52
98 75 122 77 100 77 98 106 97 103 
451 81 37
113 95 98 92 96 95 121 118 108 115 
452 26 41
78 91 85 95 87 113 98 110 114 95 
453 40 17
99 87 122 121 115 102 110 106 124 85 
454 51 74
105 121 93 90 111 118 81 117 86 93 
455 65 24
83 113 83 124 83 124 90 110 89 87 
456 84 55
116 93 112 118 103 113 91 85 109 111 
457 27 24
106 109 90 118 77 104 91 85 92 102 
458 63 29
101 102 88 115 115 123 122 106 92 109 
459 75 96
99 117 83 84 105 109 109 87 93 124 
460 58 73
105 98 109 75 77 121 105 106 99 120 
461 24 67
118 97 122 85 82 99 83 106 93 91 
462 93 50
77 101 88 97 102 95 119 85 120 103 
463 61 51
102 115 106 78 112 79 94 105 102 93 
464 94 37
119 78 94 88 96 89 89 98 117 104 
465 46 21
76 116 105 123 96 117 123 123 109 104 
466 2 72
111 97 78 90 116 121 78 110 124 99 
467 1 73
113 89 120 106 118 117 78 121 108 110 
468 96 58
102 118 80 86 100 84 109 88 106 112 
469 29 25
111 108 85 112 82 85 85 121 102 82 
470 30 73
77 109 94 112 94 89 119 123 82 77 
471 62 33
86 120 120 119 109 100 94 95 83 104 
472 59 69
116 95 89 93 102 120 116 104 104 87 
473 68 51
101 86 123 108 90 84 93 101 79 90 
474 24 41
118 117 86 78 98 94 96 91 114 112 
475 86 19
107 103 123 88 115 92 88 93 105 88 
476 4 47
97 96 99 103 114 122 94 107 114 107 
477 38 15
76 84 106 117 121 93 87 106 123 87 
478 45 91
104 85 83 87 100 88 85 123 110 109 
479 79 77
107 124 85 98 106 122 115 109 81 98 
480 79 54
116 116 111 116 78 107 106 110 119 116 
481 48 71
79 82 95 116 118 123 94 100 123 104 
482 2 80
102 118 91 110 91 119 115 82 110 101 
483 51 90
84 108 101 78 101 98 98 107 107 118 
484 25 26
119 118 78 119 100 81 100 79 124 116 
485 40 66
111 105 99 96 83 99 87 94 84 113 
486 74 36
88 123 92 120 119 118 98 115 112 103 
487 85 65
109 84 93 110 76 82 77 112 114 101 
488 61 99
77 98 94 86 86 117 123 100 118 90 
489 73 90
84 122 104 123 100 90 87 86 99 107 
490 47 28
114 123 91 106 101 102 106 105 75 75 
491 94 64
120 116 115 115 84 90 104 93 87 85 
492 19 91
100 105 76 76 87 123 106 78 123 122 
493 87 28
99 92 82 101 95 76 117 90 119 107 
494 6 4
124 111 98 87 123 116 77 100 98 80 
495 29 38
78 84 116 79 82 102 106 108 122 115 
496 61 68
118 77 109 115 111 116 118 111 102 92 
497 1 26
85 79 77 109 84 105 96 90 115 89 
498 22 100
119 79 107 116 119 117 85 115 121 119 
499 81 86
110 100 98 89 117 98 116 80 102 118 

