500 10 9941
0 84 87
107 105 103 105 96 102 99 91 92 97 
1 91 60
93 96 90 96 102 106 101 98 97 99 
2 83 31
92 93 97 105 99 92 92 108 99 97 
3 94 57
101 92 99 103 91 109 94 107 108 94 
4 16 71
103 96 101 90 106 103 92 100 106 91 
5 6 26
94 97 106 95 96 99 103 107 94 105 
6 83 46
104 97 104 94 93 100 97 98 106 108 
7 89 85
93 101 104 109 102 90 106 98 109 102 
8 27 87
104 109 105 100 104 108 97 91 107 92 
9 18 93
102 106 91 90 96 91 95 99 94 109 
10 41 30
101 107 107 101 91 105 99 97 97 106 
11 98 54
96 95 96 93 109 94 98 101 102 99 
12 4 20
100 98 98 105 90 99 106 93 108 95 
13 47 52
91 105 109 98 94 98 91 100 103 90 
14 35 65
94 104 97 106 93 101 97 95 109 106 
15 33 52
107 98 105 97 104 91 108 105 99 107 
16 36 94
108 98 93 101 98 99 106 94 93 93 
17 14 39
96 90 94 108 98 98 99 107 107 106 
18 25 44
100 93 100 109 102 95 94 100 95 109 
19 55 87
99 92 92 94 107 97 105 94 98 101 
20 23 29
109 93 96 98 90 92 101 100 95 91 
21 62 31
108 95 90 106 94 96 92 95 98 106 
22 83 59
94 107 92 94 90 106 102 109 109 100 
23 69 72
103 101 91 100 103 104 90 93 109 91 
24 100 97
109 103 103 98 100 105 96 96 94 90 
25 91 85
106 92 106 97 95 106 109 108 97 102 
26 49 73
109 99 106 100 92 97 96 91 103 102 
27 22 56
109 109 91 94 109 101 90 97 95 98 
28 28 51
94 108 90 94 92 99 106 91 100 94 
29 93 73
102 100 95 95 92 109 90 92 108 103 
30 99 91
94 100 99 91 109 106 102 105 104 94 
31 80 70
103 106 100 105 90 92 109 94 103 95 
32 22 68
94 103 91 104 96 109 94 92 92 96 
33 85 22
92 98 98 99 102 98 108 108 106 98 
34 54 49
93 103 103 98 100 104 97 96 98 99 
35 1 47
98 107 99 100 93 103 93 107 103 102 
36 87 26
102 106 105 98 107 99 106 90 104 91 
37 61 5
98 97 100 98 106 92 104 107 109 93 
38 40 3
98 93 90 91 97 108 109 101 105 104 
39 40 93
105 97 94 99 99 94 95 99 93 105 
40 78 1
108 101 99 99 97 98 102 105 93 94 
41 30 91
92 90 91 99 96 102 91 92 90 107 
42 24 62
91 99 100 95 106 97 107 104 100 96 
43 25 58
104 98 95 108 102 96 90 96 96 104 
44 17 53
108 99 96 100 97 100 101 90 101 103 
45 58 28
102 96 104 105 102 100 102 109 100 99 
46 90 75
105 91 90 103 97 98 108 96 100 94 
47 57 18
96 90 99 107 95 109 107 108 95 93 
48 74 59
103 107 99 93 97 108 107 104 101 99 
49 1 60
108 108 95 98 104 103 107 91 103 108 
50 71 100
107 109 99 93 92 104 103 97 101 92 
51 83 91
102 101 107 105 91 107 104 101 97 101 
52 32 22
107 90 104 100 108 95 91 106 106 92 
53 32 40
106 94 108 90 108 91 100 92 102 109 
54 78 86
106 94 106 93 97 109 107 94 109 101 
55 28 51
106 90 108 95 93 99 94 101 95 104 
56 92 76
105 104 99 98 103 108 95 92 92 92 
57 18 31
103 104 96 103 96 103 93 104 104 103 
58 80 78
92 105 98 109 100 102 104 107 96 105 
59 38 92
103 93 103 98 95 101 100 108 107 106 
60 64 56
100 108 100 94 101 91 103 95 99 103 
61 5 52
95 100 98 93 95 96 105 109 99 90 
62 68 27
93 107 106 91 95 90 106 105 100 108 
63 12 43
102 106 109 91 100 94 102 97 104 90 
64 84 73
108 100 93 97 100 100 103 104 109 92 
65 48 25
92 105 102 94 104 93 108 96 90 108 
66 60 63
92 93 91 98 93 94 102 92 104 105 
67 22 58
95 97 101 106 99 108 91 93 103 103 
68 8 60
98 96 107 90 94 98 104 108 101 106 
69 99 16
102 101 99 109 96 100 106 94 99 109 
70 1 79
99 103 91 104 108 99 96 97 97 93 
71 88 32
102 92 91 105 100 109 100 104 100 101 
72 14 58
104 91 91 93 90 103 92 91 97 105 
73 97 26
94 92 102 101 107 102 104 91 96 105 
74 58 9
105 109 92 107 93 106 104 107 99 97 
75 33 83
91 96 93 90 92 101 95 96 95 100 
76 91 84
104 106 106 90 102 95 98 109 95 100 
77 37 61
108 93 107 98 92 91 100 105 98 95 
78 16 71
107 103 98 92 93 100 107 107 97 96 
79 70 72
101 99 100 98 109 108 98 100 103 107 
80 91 77
109 102 101 97 107 109 107 96 102 107 
81 42 36
98 108 94 105 106 95 96 98 104 98 
82 9 94
108 107 105 102 104 95 90 95 107 93 
83 13 28
92 91 103 104 109 104 91 109 95 107 
84 55 62
92 102 91 106 102 100 92 92 109 107 
85 55 74
105 96 101 94 100 93 101 102 107 107 
86 60 29
101 90 97 106 100 91 100 102 95 101 
87 70 18
91 93 101 102 90 96 108 97 94 99 
88 33 55
94 105 109 91 102 108 99 106 100 106 
89 45 61
99 104 95 104 96 96 93 109 99 105 
90 53 22
103 100 99 99 101 103 94 105 98 105 
91 78 14
103 108 99 105 105 103 98 106 90 103 
92 24 87
101 108 107 90 95 91 91 100 93 100 
93 1 55
105 94 92 94 109 109 99 94 99 108 
94 52 77
93 109 103 93 94 106 91 105 96 101 
95 68 13
102 99 92 98 101 92 104 97 108 106 
96 84 78
97 102 103 107 92 95 103 107 106 108 
97 42 54
96 104 90 103 95 98 95 100 99 109 
98 99 61
92 94 109 90 91 92 100 90 96 93 
99 90 41
98 93 108 107 103 101 100 90 95 100 
100 14 92
108 100 91 97 99 101 90 93 105 109 
101 25 89
104 96 99 102 99 100 103 100 103 93 
102 88 80
104 99 109 101 109 94 92 100 96 105 
103 50 16
96 91 101 104 103 97 92 97 103 93 
104 20 43
104 94 94 109 109 93 108 103 102 99 
105 6 5
103 109 104 109 105 105 97 103 99 100 
106 88 3
107 92 99 100 95 90 94 101 107 99 
107 4 17
102 91 92 95 93 109 91 98 108 97 
108 1 46
92 97 109 101 99 96 103 96 98 104 
109 37 7
97 102 107 94 91 90 90 96 104 104 
110 24 38
103 94 107 102 101 107 99 95 106 98 
111 70 46
105 92 101 105 99 109 91 106 102 101 
112 41 26
93 102 101 99 97 96 108 102 100 106 
113 25 34
103 96 109 100 104 98 105 91 92 109 
114 38 64
108 100 109 92 103 101 98 107 94 101 
115 47 84
108 95 105 90 91 102 96 104 108 95 
116 57 53
95 102 96 109 101 93 93 91 95 92 
117 17 40
104 94 106 100 97 104 103 107 109 90 
118 51 93
102 106 109 100 103 105 105 108 97 91 
119 38 71
106 90 94 91 93 90 102 99 106 90 
120 40 64
105 94 103 96 94 93 101 99 101 100 
121 40 5
95 96 92 95 109 101 97 97 94 101 
122 62 20
101 103 98 97 104 109 93 91 93 98 
123 88 40
93 108 98 104 90 90 108 96 108 102 
124 64 99
105 100 95 109 92 96 108 95 102 108 
125 54 67
107 98 97 102 106 96 102 109 107 90 
126 54 98
102 93 105 101 97 108 99 104 91 96 
127 35 4
95 94 98 107 93 103 105 90 91 104 
128 86 98
90 107 98 99 99 103 109 104 106 104 
129 86 76
95 96 100 96 102 106 99 99 102 99 
130 67 16
105 103 98 106 97 103 96 90 92 96 
131 30 64
90 98 107 106 105 92 94 90 90 96 
132 19 66
104 109 104 96 98 103 92 93 96 92 
133 33 35
97 100 104 99 106 105 94 106 94 92 
134 66 52
106 91 93 107 97 91 92 91 90 98 
135 80 21
91 103 94 98 105 98 92 92 100 106 
136 64 67
101 90 105 97 104 102 100 100 103 103 
137 40 81
104 103 103 104 92 94 105 93 108 101 
138 52 74
101 95 98 91 103 93 109 107 105 104 
139 65 70
96 97 102 101 90 101 93 97 107 106 
140 94 40
91 90 104 101 101 108 106 104 93 94 
141 68 98
90 97 104 105 103 100 107 102 99 99 
142 24 91
102 97 99 99 105 92 90 98 93 105 
143 40 67
95 106 103 90 102 90 107 94 97 93 
144 41 22
96 107 95 97 108 98 99 100 97 108 
145 21 64
91 90 93 106 97 93 92 102 101 105 
146 54 64
98 92 98 105 108 90 98 106 99 103 
147 4 88
104 103 107 91 93 99 106 94 92 90 
148 13 10
105 97 104 96 104 109 91 92 103 91 
149 39 72
103 108 109 92 94 105 91 100 90 101 
150 24 4
90 90 90 92 102 102 94 97 109 108 
151 26 95
107 108 106 100 90 96 104 103 107 95 
152 49 22
90 99 93 90 102 96 94 103 108 106 
153 28 11
98 101 99 98 91 96 104 108 95 100 
154 2 66
99 97 100 96 102 108 109 95 90 92 
155 58 33
98 91 107 97 99 107 99 108 98 109 
156 19 71
95 102 90 92 104 103 97 93 90 100 
157 22 86
98 90 100 90 104 97 95 93 91 104 
158 43 31
101 93 90 90 104 108 92 102 100 92 
159 35 86
98 104 90 98 94 92 95 94 92 97 
160 26 58
105 92 102 98 106 96 100 90 99 101 
161 13 57
99 104 98 102 98 92 107 98 106 107 
162 98 21
109 104 95 104 92 92 93 99 106 105 
163 18 85
103 109 94 104 100 106 100 102 92 108 
164 65 24
91 91 101 99 100 90 100 92 105 97 
165 17 90
91 109 108 107 96 105 91 101 104 108 
166 66 78
96 106 99 91 104 103 106 97 96 109 
167 98 17
90 109 100 97 96 96 98 97 107 96 
168 37 36
103 107 96 109 97 102 106 104 90 107 
169 96 75
100 101 92 98 100 101 95 92 100 97 
170 62 77
104 99 105 93 105 101 101 90 90 107 
171 1 89
91 106 104 91 104 99 98 106 102 92 
172 26 83
103 92 107 93 99 100 101 105 90 96 
173 100 48
99 92 98 99 109 98 99 103 106 93 
174 67 91
94 104 109 106 106 94 101 99 108 90 
175 85 40
100 105 105 100 91 96 100 92 98 108 
176 65 80
108 103 94 104 99 101 107 95 107 106 
177 43 35
102 95 105 100 95 102 99 97 97 106 
178 59 2
92 90 93 92 108 97 104 106 103 108 
179 31 55
99 97 109 97 105 91 103 97 108 90 
180 30 36
102 101 93 102 97 103 103 92 103 98 
181 97 52
106 100 109 91 99 91 105 100 99 104 
182 70 37
98 92 94 96 105 103 104 97 94 107 
183 52 25
100 94 108 93 103 104 96 91 95 95 
184 95 67
96 99 106 97 105 96 94 93 90 90 
185 83 56
103 98 105 100 95 96 96 97 93 94 
186 91 9
100 98 91 105 103 105 91 101 94 100 
187 52 92
98 105 97 98 105 91 106 90 99 101 
188 43 35
99 90 91 94 94 93 102 105 101 103 
189 43 57
90 106 109 106 108 100 98 96 107 105 
190 95 25
106 100 95 95 103 109 101 105 90 94 
191 20 97
97 94 93 100 99 96 96 100 104 95 
192 59 53
98 96 108 95 103 94 100 91 97 97 
193 59 1
108 99 97 108 103 109 97 102 105 100 
194 3 5
98 90 96 92 96 95 96 96 93 94 
195 52 38
91 103 100 98 102 99 90 101 100 98 
196 82 57
97 98 98 92 101 93 108 109 93 95 
197 15 62
92 102 97 107 99 101 104 100 94 107 
198 79 38
96 108 90 98 96 91 94 95 92 95 
199 40 34
98 108 94 93 105 100 95 99 93 94 
200 47 13
105 103 92 90 100 90 99 98 100 99 
201 57 38
92 91 104 94 108 104 99 108 94 104 
202 82 20
106 108 90 109 93 96 93 108 109 95 
203 71 2
107 101 99 98 102 96 107 105 109 93 
204 80 90
107 99 97 103 105 90 94 101 109 94 
205 12 15
93 96 94 92 102 97 106 91 108 95 
206 42 32
93 100 96 104 104 107 105 93 108 92 
207 38 54
105 103 107 104 108 90 90 91 96 94 
208 36 39
93 101 102 92 99 95 95 94 106 93 
209 72 3
90 96 95 101 99 104 94 106 98 91 
210 71 39
91 92 109 98 108 96 108 92 100 92 
211 85 60
98 91 105 106 94 96 108 106 103 105 
212 48 55
92 94 100 92 107 102 90 101 96 101 
213 100 5
99 99 96 109 94 92 100 102 93 96 
214 69 20
102 108 106 107 103 105 93 105 109 95 
215 70 78
99 99 90 105 102 101 90 92 90 96 
216 14 57
99 94 98 94 100 98 94 104 108 102 
217 5 73
97 97 109 109 103 99 98 104 100 98 
218 51 56
109 100 99 101 98 92 98 107 96 98 
219 55 9
99 108 93 97 100 97 101 99 96 93 
220 41 72
94 98 96 96 106 106 91 97 108 92 
221 60 27
95 109 94 93 97 108 102 98 98 97 
222 77 31
104 109 101 102 92 102 94 96 90 92 
223 94 50
108 96 98 106 99 97 92 96 108 108 
224 50 59
98 91 96 98 90 104 108 104 104 92 
225 40 57
104 105 105 104 107 90 105 97 96 94 
226 84 56
93 107 103 92 98 93 90 98 106 96 
227 50 38
91 109 93 97 91 92 93 105 107 100 
228 63 87
100 107 103 107 91 98 94 107 96 108 
229 60 67
103 109 96 99 107 105 96 100 105 92 
230 18 17
106 103 102 104 93 96 90 104 93 96 
231 64 18
104 109 104 102 99 103 108 92 94 95 
232 5 14
102 92 94 97 94 91 106 91 96 98 
233 28 51
104 109 106 99 95 101 96 90 92 102 
234 33 53
107 93 96 91 90 100 97 102 103 101 
235 41 58
94 98 100 101 98 107 103 104 107 91 
236 64 75
94 92 104 96 104 109 108 94 92 95 
237 78 3
97 94 104 90 105 96 100 90 104 90 
238 24 43
100 98 106 109 99 102 103 95 104 98 
239 52 61
97 92 94 99 109 92 93 96 96 107 
240 68 35
106 99 96 100 99 99 95 101 107 103 
241 71 59
95 94 93 109 94 96 102 93 98 106 
242 33 28
100 97 96 107 94 103 101 102 104 107 
243 76 56
108 90 97 97 103 107 107 109 103 102 
244 51 58
108 92 90 97 101 94 96 91 101 102 
245 99 69
107 91 90 101 100 97 109 90 97 96 
246 80 14
93 106 94 99 98 104 96 109 99 97 
247 59 61
101 94 103 105 99 94 93 108 95 105 
248 83 89
93 91 98 92 97 90 105 92 106 101 
249 72 18
108 108 106 97 107 104 109 90 100 102 
250 28 52
106 92 100 104 108 102 92 103 103 92 
251 48 53
104 105 104 101 96 108 90 94 98 98 
252 84 46
92 104 107 94 97 95 106 105 97 96 
253 50 98
100 93 92 93 108 100 105 102 95 91 
254 36 92
101 105 98 109 93 93 106 107 108 96 
255 3 66
101 100 90 100 98 92 98 108 107 100 
256 62 96
90 98 90 107 91 105 91 103 93 99 
257 45 59
102 103 106 100 109 100 97 100 102 90 
258 41 81
104 90 108 101 101 109 109 93 109 109 
259 62 13
96 104 107 99 93 92 98 97 105 106 
260 51 55
96 99 106 108 99 106 108 105 99 98 
261 88 1
97 108 105 108 107 98 100 105 92 98 
262 6 18
92 95 107 99 91 97 93 109 106 109 
263 90 19
97 97 103 106 105 102 98 104 100 106 
264 5 20
106 96 105 109 96 102 98 98 107 95 
265 98 31
102 102 99 91 93 108 101 93 107 106 
266 92 45
99 102 100 101 98 96 93 94 102 100 
267 76 80
104 94 109 101 99 99 103 104 91 92 
268 36 38
102 96 90 91 104 101 95 93 105 97 
269 48 44
103 92 90 107 94 97 106 108 101 98 
270 90 94
107 92 97 100 106 104 97 90 102 109 
271 42 47
93 108 92 108 95 99 92 100 93 104 
272 68 68
91 106 95 95 94 96 108 91 90 95 
273 92 89
109 101 98 101 100 99 107 103 109 101 
274 53 17
102 96 96 105 90 95 104 103 91 109 
275 39 78
107 106 108 107 103 92 95 94 103 95 
276 8 36
96 95 99 95 98 103 103 91 109 109 
277 77 92
107 101 94 100 92 105 98 90 101 96 
278 70 78
90 105 91 103 102 99 99 109 96 100 
279 97 95
93 100 105 104 91 94 95 108 105 91 
280 70 70
106 107 99 90 105 109 107 106 96 108 
281 82 59
109 92 99 95 94 96 102 97 106 97 
282 62 78
101 108 106 108 90 107 98 106 96 99 
283 97 22
98 95 99 96 106 101 107 105 95 96 
284 54 31
102 95 99 98 102 93 108 106 91 96 
285 27 2
93 104 100 99 106 108 92 106 94 102 
286 64 21
105 90 97 102 108 90 92 93 95 94 
287 84 51
97 91 108 98 97 94 92 92 101 102 
288 52 48
92 96 93 96 100 108 108 107 100 108 
289 30 70
108 94 102 106 98 97 108 105 99 98 
290 64 37
94 107 101 105 99 104 104 102 90 100 
291 91 71
98 91 97 101 109 99 90 99 103 94 
292 18 54
101 97 98 102 105 93 91 102 91 102 
293 40 63
96 104 96 109 106 99 99 94 100 99 
294 56 2
100 97 92 93 93 102 98 97 101 106 
295 12 20
101 102 101 94 106 100 97 93 106 95 
296 63 53
104 93 99 106 94 106 107 104 106 102 
297 30 100
106 107 108 97 95 92 96 107 104 107 
298 62 72
98 90 96 106 96 90 99 90 105 108 
299 98 41
104 96 96 100 100 106 92 96 95 102 
300 15 52
104 102 90 91 100 103 94 100 104 100 
301 87 73
92 97 102 107 95 91 99 90 90 106 
302 43 11
102 94 99 99 99 105 90 93 97 90 
303 25 10
104 98 109 90 100 108 102 102 95 106 
304 83 52
108 101 93 100 97 107 102 101 104 91 
305 22 4
106 103 108 106 96 93 95 102 93 107 
306 33 27
105 106 108 90 102 102 93 92 94 108 
307 33 64
98 95 97 92 108 98 107 97 103 105 
308 24 60
100 98 101 96 95 105 102 102 101 92 
309 6 97
105 98 108 109 109 93 104 97 90 91 
310 2 71
91 108 107 105 103 90 96 106 91 108 
311 3 39
95 104 93 99 106 98 95 101 98 105 
312 23 80
100 107 96 100 100 97 103 102 107 100 
313 8 52
93 103 97 106 93 99 96 99 105 99 
314 19 92
107 105 93 108 100 107 107 103 104 106 
315 56 66
105 98 99 103 109 106 106 104 91 105 
316 51 98
106 106 108 101 96 98 92 105 93 107 
317 94 86
105 101 108 91 97 96 108 92 104 97 
318 48 54
93 93 97 107 108 99 96 104 96 94 
319 6 25
102 90 109 97 107 95 94 94 106 105 
320 67 16
91 94 99 105 102 107 91 97 90 90 
321 57 32
100 92 95 98 96 93 102 100 93 101 
322 50 33
106 96 107 94 91 93 101 104 109 91 
323 2 52
100 92 101 92 105 97 103 95 100 101 
324 6 69
96 107 101 99 90 102 103 99 108 100 
325 34 92
95 107 107 107 100 109 98 90 103 101 
326 35 29
109 90 95 91 93 100 91 99 109 102 
327 71 81
107 93 99 97 96 104 109 93 93 98 
328 41 94
97 91 95 91 102 102 91 93 102 97 
329 45 16
99 96 94 99 100 104 91 97 99 100 
330 76 76
106 96 101 90 104 101 95 92 94 93 
331 36 58
105 106 102 97 105 107 104 95 93 108 
332 87 54
94 97 91 103 99 98 91 107 104 102 
333 50 29
105 105 92 102 100 107 91 95 96 103 
334 93 42
100 108 108 95 106 94 109 102 93 102 
335 78 73
102 108 92 96 92 101 96 100 108 99 
336 23 49
108 105 95 94 98 99 108 109 97 106 
337 65 16
103 105 97 106 109 95 91 101 105 105 
338 70 11
96 106 102 107 107 96 107 105 91 93 
339 73 50
102 100 90 90 108 107 105 101 94 105 
340 41 85
90 103 97 97 98 107 107 104 103 91 
341 84 91
97 91 107 98 106 91 100 98 93 100 
342 81 23
109 106 95 94 93 107 90 105 100 97 
343 83 59
94 102 95 107 103 98 109 91 91 99 
344 90 58
100 109 96 96 92 108 98 91 96 95 
345 58 70
93 107 94 95 95 97 94 99 101 99 
346 60 5
99 100 95 101 101 97 98 92 108 96 
347 29 61
95 98 104 101 95 101 91 90 99 95 
348 27 27
94 92 105 105 101 96 90 90 99 107 
349 24 1
106 102 104 105 100 92 97 105 92 103 
350 80 61
107 90 90 96 107 108 94 104 90 101 
351 90 32
108 91 94 109 101 97 109 97 101 104 
352 55 3
98 104 99 93 109 98 93 106 90 105 
353 55 11
104 108 94 104 100 103 108 90 97 104 
354 60 79
103 108 107 95 94 94 109 103 108 98 
355 29 38
99 101 96 99 108 90 109 102 109 93 
356 100 30
99 107 99 106 93 90 96 106 108 93 
357 34 96
97 102 90 107 103 98 97 92 101 103 
358 4 10
95 93 92 94 108 103 95 109 92 96 
359 88 46
96 103 91 107 99 105 102 98 109 102 
360 39 13
90 95 104 101 100 100 102 105 103 96 
361 73 24
109 107 105 91 94 92 108 92 98 102 
362 100 90
109 101 99 108 105 97 93 105 94 99 
363 39 35
109 93 92 94 99 104 98 99 93 93 
364 23 40
107 103 92 95 95 103 96 94 107 106 
365 35 53
93 107 90 90 97 100 96 96 103 98 
366 92 4
104 101 94 108 96 108 107 105 101 109 
367 34 69
103 109 94 92 105 109 104 101 98 104 
368 72 8
107 99 104 100 108 107 95 94 90 99 
369 83 59
90 90 103 101 101 96 102 106 96 106 
370 59 54
97 95 94 106 101 97 93 98 99 99 
371 20 20
108 106 93 108 108 96 106 108 108 92 
372 62 42
98 103 108 96 100 98 90 107 103 106 
373 46 66
106 99 103 95 100 94 94 99 103 97 
374 28 32
95 106 99 93 108 100 107 108 106 105 
375 86 59
93 95 97 99 91 103 104 107 104 109 
376 95 25
106 108 95 99 108 95 102 93 91 91 
377 40 52
93 106 99 101 93 104 99 108 101 107 
378 60 54
100 103 92 106 95 99 102 103 97 108 
379 95 78
93 96 103 106 109 102 97 92 90 98 
380 75 16
93 105 95 104 102 95 109 104 100 104 
381 11 16
93 105 90 92 103 104 90 106 102 103 
382 13 12
107 101 104 99 109 90 106 104 105 91 
383 22 21
96 102 96 107 96 99 94 91 94 95 
384 57 38
101 106 95 94 91 99 97 100 90 91 
385 92 92
103 97 96 91 98 97 103 97 101 109 
386 65 11
98 90 101 94 107 97 103 99 105 108 
387 26 89
97 102 108 109 96 99 101 101 98 99 
388 5 98
98 107 94 109 99 90 99 99 90 103 
389 95 19
102 97 109 90 96 106 98 95 90 109 
390 18 7
90 98 100 99 99 104 108 107 102 104 
391 29 82
104 108 100 96 93 106 106 105 94 97 
392 28 3
105 106 109 106 97 106 104 97 94 94 
393 77 74
109 96 92 93 90 101 106 96 91 108 
394 6 65
105 91 101 101 91 109 103 106 97 102 
395 5 15
91 109 91 95 105 100 101 96 106 95 
396 90 38
106 107 93 99 106 98 95 93 92 107 
397 87 16
98 101 93 105 93 98 99 106 109 92 
398 23 95
102 95 91 99 92 92 96 101 90 91 
399 41 69
92 96 93 106 105 99 93 93 90 96 
400 19 16
96 109 102 95 91 96 90 104 93 91 
401 56 46
93 103 106 105 104 99 93 98 105 108 
402 57 11
97 109 95 97 96 93 93 102 104 97 
403 39 16
103 100 99 106 93 94 91 108 99 100 
404 75 25
109 99 94 104 98 91 106 105 90 91 
405 56 59
106 100 101 100 107 91 107 100 93 109 
406 19 7
105 101 94 95 91 100 99 90 90 95 
407 27 1
96 104 105 97 97 92 107 93 102 98 
408 66 30
91 93 101 94 92 99 100 99 91 97 
409 95 23
107 105 105 107 91 103 107 97 98 95 
410 27 56
97 94 101 102 94 106 91 108 101 95 
411 43 46
104 95 105 97 102 99 92 99 95 107 
412 60 87
100 98 95 100 95 94 96 95 90 107 
413 18 65
95 100 92 99 105 107 104 92 92 91 
414 50 27
101 101 97 98 90 96 96 93 97 101 
415 14 93
97 101 99 97 90 96 102 96 107 96 
416 28 5
93 91 96 107 105 98 93 108 101 101 
417 27 5
99 102 97 106 105 102 91 105 94 100 
418 43 85
107 104 92 96 103 99 100 106 93 99 
419 87 99
107 99 106 98 90 104 102 100 108 101 
420 79 6
94 109 90 90 92 93 106 109 99 101 
421 58 3
90 109 101 105 98 107 103 95 108 91 
422 87 32
105 100 103 103 92 101 109 108 93 109 
423 91 6
92 96 106 94 107 103 96 100 94 99 
424 86 74
108 101 100 107 102 98 98 98 109 91 
425 94 54
94 94 101 109 94 103 94 108 109 102 
426 3 10
107 91 109 92 92 106 105 91 97 107 
427 31 33
96 108 102 95 101 95 100 97 100 91 
428 28 7
96 93 106 95 106 109 96 95 102 107 
429 28 75
96 104 97 103 102 107 107 100 97 99 
430 16 71
97 95 108 99 108 107 105 94 102 101 
431 82 41
92 90 96 96 107 95 91 105 90 98 
432 10 85
108 108 104 95 98 91 106 97 108 96 
433 37 89
105 93 94 97 96 107 98 99 107 104 
434 68 68
101 98 92 101 99 93 97 97 92 103 
435 5 23
104 90 91 94 108 107 102 103 102 106 
436 42 39
104 91 109 101 97 97 100 108 97 103 
437 3 29
98 99 105 100 105 102 94 99 94 95 
438 47 44
104 108 98 96 105 91 107 91 92 98 
439 25 42
105 105 90 105 90 92 93 98 93 101 
440 32 99
93 97 90 109 103 96 92 97 94 101 
441 47 92
94 93 94 97 93 99 98 101 106 90 
442 87 77
92 91 106 108 94 109 106 109 97 106 
443 80 53
104 91 101 109 94 107 92 99 102 97 
444 9 57
98 98 97 94 99 95 102 93 96 90 
445 74 12
90 100 100 109 108 99 101 103 93 104 
446 5 40
94 108 90 106 107 98 94 95 99 93 
447 70 59
90 91 103 109 104 97 92 96 99 94 
448 6 20
104 98 94 99 92 90 90 96 109 91 
449 96 77
99 101 92 100 97 93 90 97 107 104 
450 79 52
103 90 107 92 95 92 103 101 92 108 
451 81 37
108 90 93 107 91 100 96 93 103 90 
452 26 41
93 96 90 90 102 108 93 95 109 90 
453 40 17
104 102 97 106 100 97 95 91 109 90 
454 51 74
100 106 98 105 106 103 106 102 101 98 
455 65 24
108 98 98 99 98 109 95 105 94 102 
456 84 55
101 98 97 93 98 108 106 100 104 106 
457 27 24
91 104 105 103 92 109 106 90 97 107 
458 63 29
106 97 93 90 90 108 97 101 97 104 
459 75 96
94 92 108 109 100 94 104 102 108 99 
460 58 73
90 103 94 90 92 96 90 101 104 105 
461 24 67
103 92 107 90 107 94 98 91 108 96 
462 93 50
92 96 103 102 97 100 94 90 105 98 
463 61 51
97 90 91 103 97 94 109 90 97 98 
464 94 37
94 103 99 93 101 104 94 103 102 99 
465 46 21
101 91 90 108 91 102 98 98 94 99 
466 2 72
96 102 93 95 91 106 103 95 99 104 
467 1 73
98 94 95 91 103 92 103 106 93 95 
468 96 58
107 93 95 91 95 109 94 93 101 97 
469 29 25
106 103 100 107 97 100 100 106 97 97 
470 30 73
92 104 99 107 109 94 104 98 97 102 
471 62 33
101 95 105 104 94 105 109 90 98 99 
472 59 69
101 90 94 108 97 95 101 99 109 102 
473 68 51
106 91 108 93 95 109 98 106 94 105 
474 24 41
93 92 91 93 93 109 101 96 109 97 
475 86 19
102 98 98 93 90 97 103 98 90 93 
476 4 47
92 101 104 108 109 107 109 92 109 102 
477 38 15
101 99 91 92 106 108 102 91 108 102 
478 45 91
109 100 108 102 95 103 100 98 95 94 
479 79 77
92 99 100 103 91 97 90 94 106 103 
480 79 54
101 101 96 91 93 92 101 105 94 91 
481 48 71
104 107 100 101 103 98 109 105 108 99 
482 2 80
107 103 106 95 96 104 100 107 95 106 
483 51 90
109 103 106 93 96 93 103 102 102 93 
484 25 26
94 93 103 104 95 96 95 104 109 91 
485 40 66
106 100 104 91 108 94 92 99 99 108 
486 74 36
103 108 97 95 104 93 93 100 97 98 
487 85 65
104 99 108 95 101 107 92 97 109 106 
488 61 99
102 93 109 91 91 102 98 105 93 105 
489 73 90
109 97 109 108 105 105 92 91 94 102 
490 47 28
99 98 96 91 106 97 101 90 100 100 
491 94 64
105 91 100 100 99 105 109 98 92 100 
492 19 91
95 90 101 91 102 108 91 103 108 97 
493 87 28
104 107 97 106 90 91 102 105 104 92 
494 6 4
99 106 93 102 108 91 92 105 103 95 
495 29 38
93 99 101 104 107 107 91 93 97 90 
496 61 68
103 102 104 90 96 101 93 106 97 97 
497 1 26
90 104 102 104 109 90 101 105 100 104 
498 22 100
94 104 92 101 104 92 100 90 96 94 
499 81 86
105 105 103 104 92 103 101 105 97 93 

