50 10 996
0 2 84
99 101 98 102 100 98 103 100 99 99 
1 15 65
98 99 97 96 96 104 102 99 103 104 
2 74 19
97 97 95 95 95 98 99 101 104 104 
3 95 25
98 97 96 104 101 100 99 96 97 103 
4 73 44
102 104 102 102 96 97 101 100 99 101 
5 17 38
96 97 98 96 96 104 102 101 96 104 
6 7 91
101 97 98 103 95 101 98 104 102 97 
7 68 61
100 100 101 96 98 99 95 99 103 101 
8 78 40
100 100 101 104 101 99 96 97 101 99 
9 94 79
97 101 102 97 96 101 99 101 96 95 
10 80 65
101 95 96 99 101 103 99 98 100 97 
11 63 84
101 100 103 99 95 96 97 99 104 104 
12 87 21
101 96 101 104 98 103 101 95 103 102 
13 65 27
102 95 104 100 99 99 103 97 104 101 
14 37 82
104 103 101 104 103 97 104 101 100 103 
15 96 30
101 98 96 101 97 100 97 95 103 98 
16 48 25
104 100 102 104 97 98 95 96 97 103 
17 43 43
96 99 95 103 99 102 102 95 96 103 
18 59 64
101 97 100 101 100 97 95 100 95 102 
19 47 55
96 103 100 100 102 95 104 95 99 104 
20 59 69
103 103 95 96 101 103 100 99 97 97 
21 41 68
102 96 99 102 103 95 96 96 96 103 
22 89 79
103 102 103 99 103 103 97 102 101 99 
23 49 34
99 100 104 101 103 95 101 100 96 95 
24 85 42
98 100 100 99 98 98 97 99 96 97 
25 49 100
97 98 101 104 102 102 99 97 97 98 
26 19 3
98 101 104 101 102 98 95 95 103 100 
27 57 15
103 95 103 104 99 103 96 101 96 104 
28 86 50
101 96 98 96 100 98 100 95 95 100 
29 50 100
103 104 96 104 99 102 100 99 104 98 
30 27 44
98 102 104 100 103 102 101 100 103 96 
31 49 96
99 98 101 101 103 100 100 104 101 101 
32 1 81
98 100 99 97 95 97 102 98 104 102 
33 51 69
101 103 100 99 104 100 97 99 103 103 
34 61 50
100 101 95 96 99 97 98 95 104 104 
35 23 72
97 97 99 98 96 102 96 102 100 103 
36 64 96
100 100 96 101 98 96 102 95 104 102 
37 72 55
96 99 99 95 99 103 96 103 95 102 
38 82 24
99 98 95 97 98 99 104 104 96 95 
39 58 28
98 99 102 98 96 96 104 99 100 100 
40 75 22
98 100 104 101 99 96 96 96 101 97 
41 34 22
103 97 97 104 99 104 101 102 98 101 
42 91 7
102 96 95 99 101 99 101 97 96 102 
43 1 9
95 96 104 101 100 99 95 98 103 97 
44 36 63
97 96 104 102 104 97 99 101 98 99 
45 42 73
96 104 101 99 103 101 97 104 104 98 
46 58 6
102 102 103 100 95 100 104 99 102 104 
47 4 99
98 102 100 103 99 103 95 102 104 101 
48 32 78
99 101 103 99 104 101 96 102 98 96 
49 55 26
102 99 96 101 100 100 99 103 97 96 

