50 10 2503
0 4 7
102 90 118 110 111 117 124 96 87 102 
1 1 10
88 101 115 101 97 111 86 93 92 104 
2 3 1
87 98 92 110 104 77 97 83 94 92 
3 4 7
86 117 104 98 96 94 109 112 123 99 
4 6 1
88 101 116 105 81 98 87 95 121 106 
5 6 6
109 102 111 80 121 104 88 82 99 120 
6 3 6
89 92 109 89 118 75 112 83 101 103 
7 9 5
78 76 79 124 107 85 101 93 114 87 
8 7 7
119 114 120 95 109 103 92 76 122 77 
9 8 3
77 81 76 105 111 116 90 114 119 94 
10 1 10
106 92 122 96 106 100 84 102 92 81 
11 8 4
111 90 81 108 94 99 103 96 107 104 
12 4 10
95 93 83 90 115 124 121 98 93 120 
13 7 2
96 80 104 113 89 103 116 75 118 75 
14 5 5
99 89 112 81 118 116 102 90 84 111 
15 3 2
112 103 100 82 99 96 83 120 104 112 
16 6 4
93 103 118 86 103 104 101 79 118 88 
17 4 9
81 115 79 93 103 113 94 92 92 121 
18 5 4
95 108 115 124 97 100 119 115 80 114 
19 5 7
94 107 117 89 122 82 80 79 123 86 
20 3 9
124 118 121 93 115 97 86 85 80 76 
21 2 1
103 80 95 111 119 101 97 90 83 91 
22 3 9
99 112 87 99 75 111 77 124 104 75 
23 9 2
98 106 106 105 108 119 85 88 124 106 
24 10 7
84 98 88 93 115 120 101 91 109 115 
25 1 5
101 117 111 82 120 81 104 93 112 87 
26 9 3
84 84 111 85 117 112 81 76 88 97 
27 2 6
94 124 96 79 114 86 115 92 80 103 
28 8 1
109 83 95 99 97 94 121 106 105 109 
29 3 3
97 75 100 110 97 124 115 117 123 88 
30 9 1
99 115 84 106 94 111 107 80 119 79 
31 10 10
98 101 75 80 85 117 104 109 118 80 
32 2 8
79 88 86 79 101 84 119 77 77 81 
33 5 2
117 93 103 114 97 83 83 123 111 83 
34 4 9
78 108 108 123 115 79 92 121 93 104 
35 1 7
113 122 124 115 78 108 88 122 78 117 
36 7 6
77 121 100 113 82 104 111 85 89 96 
37 1 5
103 102 75 123 81 77 119 122 124 118 
38 10 3
103 78 75 106 122 113 84 76 110 109 
39 10 3
90 102 79 104 124 89 110 104 118 110 
40 8 1
113 96 124 114 92 113 117 120 118 119 
41 10 1
107 115 116 94 101 107 86 117 85 92 
42 4 2
106 84 115 100 121 92 102 109 115 101 
43 5 8
89 93 80 83 87 111 75 121 101 119 
44 7 3
103 104 121 115 122 95 76 105 106 118 
45 8 8
87 111 89 80 87 115 87 104 85 94 
46 10 5
80 116 95 108 112 113 113 91 95 109 
47 7 8
81 85 124 112 80 84 92 93 120 108 
48 4 9
98 112 114 108 82 103 82 89 96 104 
49 1 10
93 113 100 113 99 108 82 106 118 83 

