50 10 988
0 2 4
99 101 88 112 100 88 103 110 119 79 
1 5 5
78 89 77 116 76 124 92 79 93 104 
2 4 9
97 107 95 95 105 98 79 81 124 94 
3 5 5
108 97 86 104 101 100 119 106 117 123 
4 3 4
122 114 122 92 96 97 111 120 79 81 
5 7 8
106 97 118 106 116 114 82 101 86 94 
6 7 1
121 77 98 113 75 121 108 124 112 107 
7 8 1
80 80 81 86 88 99 75 119 123 121 
8 8 10
110 110 91 124 81 99 116 77 101 89 
9 4 9
87 101 102 77 86 121 89 91 76 95 
10 10 5
121 105 86 119 101 113 109 88 100 77 
11 3 4
101 80 113 79 95 106 107 109 84 84 
12 7 1
81 76 111 84 98 93 101 95 123 112 
13 5 7
102 75 114 80 79 79 113 107 84 101 
14 7 2
84 93 91 94 103 77 114 111 80 103 
15 6 10
121 98 76 121 87 90 97 115 93 88 
16 8 5
94 110 82 104 87 118 85 96 87 103 
17 3 3
106 109 105 113 89 102 92 85 76 93 
18 9 4
111 107 80 81 120 77 105 90 115 112 
19 7 5
106 83 100 120 112 95 114 95 79 94 
20 9 9
123 103 105 76 121 113 90 109 97 97 
21 1 8
102 96 109 92 83 105 96 116 116 123 
22 9 9
93 102 123 99 123 83 117 122 111 99 
23 9 4
89 90 94 111 113 85 81 90 106 115 
24 5 2
98 80 110 89 78 98 117 99 76 117 
25 9 10
77 118 121 114 92 122 99 107 87 118 
26 9 3
78 101 94 111 92 78 105 115 83 90 
27 7 5
113 75 113 114 119 113 116 121 106 114 
28 6 10
111 86 108 76 80 78 80 85 105 100 
29 10 10
103 104 116 114 119 122 80 109 124 118 
30 7 4
108 92 114 90 83 102 91 120 113 76 
31 9 6
79 78 81 111 103 80 110 84 111 101 
32 1 1
98 80 89 97 75 117 92 108 84 82 
33 1 9
111 93 90 99 94 90 97 99 93 103 
34 1 10
110 121 85 96 99 87 78 75 94 94 
35 3 2
87 117 79 98 76 82 116 112 100 83 
36 4 6
100 110 96 121 88 106 122 75 104 82 
37 2 5
96 99 79 115 119 103 86 83 95 92 
38 2 4
99 98 85 77 108 99 124 84 86 95 
39 8 8
78 79 102 108 86 76 114 109 100 120 
40 5 2
98 110 104 121 79 86 96 106 111 107 
41 4 2
83 107 107 94 79 114 121 82 118 101 
42 1 7
102 106 115 79 101 89 101 77 76 82 
43 1 9
95 96 114 81 80 99 105 88 83 87 
44 6 3
77 106 94 122 84 87 79 111 118 119 
45 2 3
86 94 101 89 103 101 97 124 124 88 
46 8 6
112 112 93 120 75 80 84 79 112 104 
47 4 9
118 82 110 113 79 103 85 92 124 111 
48 2 8
89 81 103 89 94 111 96 82 98 116 
49 5 6
122 89 106 111 120 110 109 113 117 96 

