500 10 24866
0 47 86
103 95 100 95 97 101 96 99 103 99 
1 94 40
97 96 99 100 96 100 100 97 103 103 
2 74 48
100 102 103 103 99 99 101 99 101 96 
3 16 79
95 103 99 103 97 102 103 102 96 97 
4 23 83
104 104 99 102 103 102 101 100 101 99 
5 36 42
96 96 102 102 98 97 103 98 95 97 
6 24 96
95 96 97 96 100 101 98 101 101 102 
7 5 7
101 95 96 98 102 101 101 103 103 98 
8 46 84
101 100 101 103 103 104 98 103 98 102 
9 22 61
101 99 102 97 98 98 95 96 98 96 
10 95 73
104 97 95 102 101 103 95 99 98 103 
11 45 52
95 103 96 100 100 97 102 98 103 99 
12 36 4
104 100 100 98 103 96 102 103 99 103 
13 88 63
103 95 103 96 95 97 100 97 95 103 
14 48 89
98 102 96 98 98 104 102 98 101 99 
15 89 48
100 100 100 96 98 99 98 96 99 98 
16 36 8
101 95 104 103 95 104 103 98 101 97 
17 58 100
96 101 97 104 95 95 101 100 101 98 
18 60 92
95 99 98 99 103 95 96 99 97 98 
19 45 23
97 98 103 103 100 100 102 103 96 97 
20 50 42
97 103 103 95 96 102 97 96 97 102 
21 59 71
102 96 101 104 99 95 98 103 100 96 
22 87 23
103 101 95 104 103 97 97 97 95 96 
23 14 84
95 102 102 99 99 102 99 98 103 97 
24 15 26
100 102 98 95 96 97 98 104 95 100 
25 92 1
102 98 97 104 101 102 98 104 99 97 
26 74 91
104 95 100 104 97 104 99 102 104 95 
27 31 21
99 100 96 99 97 97 99 97 103 103 
28 42 95
101 101 100 97 103 104 100 102 104 95 
29 80 22
97 98 96 98 100 98 98 104 103 101 
30 36 91
104 104 99 104 103 101 98 101 99 96 
31 19 24
95 100 97 104 103 96 97 95 102 100 
32 64 13
103 103 99 103 99 104 96 100 96 100 
33 15 100
96 95 100 101 96 100 96 98 96 98 
34 85 62
102 101 96 99 97 101 103 97 99 99 
35 12 21
101 99 103 102 104 99 103 98 99 100 
36 52 78
97 97 97 100 102 101 101 101 98 102 
37 63 28
98 98 96 104 102 99 97 100 103 95 
38 13 89
99 97 96 96 102 99 95 95 103 98 
39 6 56
104 97 99 99 96 101 96 102 104 100 
40 27 90
104 103 99 103 103 104 101 100 96 104 
41 57 62
98 103 98 96 96 95 103 98 97 97 
42 48 97
96 96 98 95 101 96 96 100 95 101 
43 26 81
102 98 102 103 97 100 96 102 99 99 
44 51 28
100 96 95 104 98 95 102 101 98 95 
45 80 70
99 95 101 99 101 99 101 98 102 101 
46 5 11
96 100 104 102 97 95 100 102 96 102 
47 59 47
104 101 98 97 103 97 96 97 97 95 
48 89 22
99 102 101 96 98 97 98 101 95 98 
49 75 73
100 96 96 101 103 96 99 95 102 104 
50 13 9
96 101 95 101 101 104 104 97 101 102 
51 86 12
95 96 102 97 99 96 101 96 97 102 
52 10 74
95 98 98 95 98 100 103 101 98 103 
53 15 80
104 98 98 100 98 104 101 100 95 101 
54 28 77
102 98 104 97 97 103 102 99 96 97 
55 55 5
104 97 98 98 96 102 97 97 98 103 
56 49 27
104 101 96 96 97 95 102 97 100 101 
57 85 78
101 98 96 102 100 103 99 99 95 102 
58 68 64
101 97 101 104 95 101 102 96 99 95 
59 3 48
97 96 96 102 104 102 101 100 95 103 
60 3 26
101 103 96 103 102 104 97 99 98 103 
61 56 6
101 100 101 95 102 103 104 95 104 95 
62 88 21
102 99 100 102 99 104 99 97 95 103 
63 1 38
102 97 98 97 97 96 102 95 101 100 
64 52 74
98 95 100 99 96 98 101 95 102 96 
65 81 2
97 101 98 97 99 100 95 98 95 100 
66 56 35
101 99 100 99 104 101 95 99 103 100 
67 41 20
103 101 97 102 102 97 95 95 103 100 
68 95 44
96 99 101 98 97 99 102 103 103 97 
69 16 79
95 100 97 104 97 98 95 98 104 97 
70 53 10
99 98 96 100 95 100 95 96 97 103 
71 15 55
97 99 97 96 101 104 96 102 101 98 
72 37 20
103 101 99 95 104 101 104 100 104 95 
73 43 61
102 99 98 104 98 95 98 102 99 103 
74 71 91
102 96 104 99 102 100 100 102 99 104 
75 8 96
100 101 97 100 103 100 102 101 96 95 
76 6 85
95 96 99 101 104 99 102 101 103 101 
77 83 18
99 102 99 95 101 97 100 97 103 104 
78 70 50
101 101 100 103 103 97 99 96 98 103 
79 48 83
100 101 96 98 100 98 95 96 98 101 
80 32 10
103 103 98 104 102 99 103 99 97 100 
81 95 42
104 103 99 98 102 98 102 97 95 95 
82 98 88
101 104 103 104 100 96 95 99 96 99 
83 76 39
103 100 99 96 95 103 99 96 102 103 
84 5 27
98 99 95 98 99 104 97 95 103 95 
85 52 36
98 97 96 99 103 101 98 103 96 104 
86 42 4
103 102 100 102 102 96 98 96 100 100 
87 45 63
99 102 99 97 104 101 104 100 95 96 
88 60 39
102 99 103 96 99 95 101 99 102 96 
89 22 76
100 101 101 97 96 97 99 100 96 104 
90 10 54
102 103 103 102 96 104 102 104 99 100 
91 43 11
102 103 101 100 97 104 97 104 100 95 
92 52 99
99 101 100 103 102 101 98 101 101 96 
93 6 79
97 97 104 103 104 96 103 102 96 101 
94 95 26
100 103 99 97 103 101 97 99 99 102 
95 33 84
100 100 104 97 103 99 95 98 103 96 
96 92 68
99 97 99 102 103 103 98 99 101 104 
97 89 17
102 96 96 98 95 100 101 101 98 102 
98 79 84
96 95 101 104 96 95 104 100 97 98 
99 73 31
99 102 101 95 104 100 104 101 103 97 
100 31 29
102 103 99 97 101 99 103 104 99 101 
101 32 98
101 95 99 103 98 104 96 102 101 104 
102 41 18
101 104 99 99 98 101 98 95 99 104 
103 76 43
99 98 97 95 96 98 103 103 98 99 
104 99 19
98 96 103 97 96 103 104 102 104 98 
105 65 93
96 104 99 101 103 96 95 97 101 97 
106 34 19
102 98 101 95 102 99 96 96 101 104 
107 94 50
102 99 103 103 103 97 95 96 96 101 
108 20 31
103 95 99 99 97 104 97 97 99 103 
109 85 93
100 100 100 98 99 95 99 98 99 97 
110 72 55
102 98 101 103 95 100 95 95 100 102 
111 55 31
101 102 97 98 102 101 100 99 97 97 
112 70 49
97 98 99 101 103 100 98 100 96 104 
113 84 94
99 101 98 97 100 102 97 98 101 99 
114 37 87
97 96 97 101 100 97 100 102 102 104 
115 67 36
101 104 95 104 95 101 97 99 97 100 
116 7 98
100 95 95 96 101 104 104 104 95 97 
117 8 69
99 99 100 98 100 98 104 97 99 104 
118 64 95
100 101 96 104 98 104 103 103 95 96 
119 43 97
95 96 102 97 98 100 95 104 104 103 
120 14 48
96 99 96 103 100 99 97 96 95 98 
121 23 65
98 98 99 98 99 101 96 101 103 96 
122 39 34
101 96 100 102 104 95 99 97 99 100 
123 41 72
95 100 99 97 103 102 103 98 97 98 
124 19 17
104 95 99 104 96 97 100 104 100 97 
125 27 37
97 98 104 103 103 96 104 95 101 99 
126 16 58
98 98 95 100 101 104 98 103 96 102 
127 8 45
96 99 100 102 101 98 98 95 101 99 
128 39 28
103 95 104 99 101 99 98 104 103 99 
129 37 97
100 104 99 103 101 99 99 104 103 104 
130 57 68
97 97 102 96 101 103 103 101 103 102 
131 42 65
99 101 100 97 95 98 103 102 97 98 
132 8 11
104 96 104 104 95 103 101 100 95 99 
133 17 9
97 99 100 97 98 103 103 102 99 100 
134 42 58
103 95 99 95 100 99 97 99 100 96 
135 14 49
96 97 98 96 101 104 97 95 100 102 
136 35 89
102 99 103 98 104 104 95 104 96 102 
137 100 77
96 98 97 103 101 103 101 103 95 104 
138 100 9
95 98 95 100 95 99 101 104 95 99 
139 44 90
100 98 103 102 97 104 98 98 99 103 
140 53 81
101 95 103 103 95 95 101 95 98 103 
141 89 57
99 99 100 99 103 95 100 98 101 100 
142 41 69
99 101 99 95 99 103 95 97 103 96 
143 11 41
96 103 98 101 101 96 97 95 100 95 
144 17 66
97 96 103 103 101 96 104 97 104 98 
145 43 66
98 99 102 96 100 104 97 103 104 100 
146 56 26
101 104 102 98 104 100 103 99 101 103 
147 33 45
104 96 101 95 101 95 100 104 101 99 
148 44 93
100 102 97 99 97 102 96 95 102 95 
149 86 39
100 98 97 96 96 102 102 98 95 100 
150 66 90
100 96 103 99 102 96 103 98 103 95 
151 100 83
103 96 99 102 96 104 102 102 97 95 
152 31 67
104 103 96 104 98 101 95 104 104 104 
153 96 98
97 98 97 98 98 96 102 98 97 97 
154 21 95
98 103 98 103 95 98 99 96 96 102 
155 3 56
98 98 101 98 97 96 97 101 99 99 
156 20 88
102 104 96 95 96 98 101 99 96 104 
157 25 24
99 103 99 101 102 102 96 96 95 104 
158 47 45
95 95 95 101 101 97 100 98 96 103 
159 86 5
97 98 95 100 99 100 104 104 100 100 
160 96 44
99 103 101 99 102 97 95 104 99 98 
161 86 61
102 95 100 103 104 98 99 96 101 99 
162 89 92
104 104 97 102 100 104 95 104 102 101 
163 47 37
95 103 100 99 96 97 101 103 97 96 
164 59 64
101 97 101 98 104 100 101 95 99 103 
165 48 82
102 102 98 101 100 96 97 100 104 104 
166 72 12
96 102 96 100 96 95 96 104 99 102 
167 93 44
99 103 99 96 103 96 97 102 96 102 
168 24 87
103 102 97 103 101 100 96 104 100 99 
169 88 19
99 103 102 96 100 95 99 97 95 95 
170 64 42
97 102 103 98 100 99 96 98 96 100 
171 34 51
96 101 96 101 96 103 99 102 103 98 
172 89 97
100 100 103 103 100 96 104 104 103 104 
173 5 84
98 101 104 102 96 99 102 97 98 95 
174 21 97
96 101 100 104 95 101 100 102 96 98 
175 26 29
99 101 103 98 101 99 103 96 95 102 
176 39 63
99 102 101 102 103 104 100 104 100 95 
177 9 18
101 101 100 104 104 97 103 99 104 103 
178 20 56
97 102 103 98 102 102 102 98 101 100 
179 53 45
101 102 100 97 104 101 96 101 97 103 
180 26 2
96 100 102 95 98 103 102 101 101 100 
181 22 96
99 95 95 96 102 97 102 99 96 98 
182 59 71
96 104 101 98 103 99 101 96 104 101 
183 4 84
99 95 96 97 102 99 104 97 101 104 
184 34 24
96 95 102 99 100 102 100 101 104 98 
185 12 10
102 103 95 102 101 98 97 95 100 98 
186 14 53
102 99 99 100 99 104 103 102 97 103 
187 53 8
100 104 99 99 97 100 98 95 100 100 
188 20 62
103 96 99 100 101 102 103 100 98 99 
189 51 78
99 103 102 101 103 104 98 101 95 104 
190 51 73
102 101 97 97 98 98 101 99 99 95 
191 80 21
104 104 100 97 99 100 97 95 101 104 
192 87 15
95 96 95 95 98 98 97 95 96 102 
193 85 65
95 95 103 100 97 95 102 96 104 98 
194 67 14
95 103 98 101 104 96 98 104 100 98 
195 20 79
103 98 95 104 95 99 99 98 102 99 
196 81 2
99 102 98 99 97 96 104 100 104 98 
197 14 89
101 101 104 96 97 103 104 95 98 104 
198 91 85
101 101 104 100 97 104 101 102 103 96 
199 24 72
97 97 101 98 102 104 98 99 103 97 
200 16 1
97 102 95 101 103 97 97 99 103 96 
201 82 22
97 103 95 95 104 98 96 99 102 104 
202 18 48
96 96 96 104 98 103 104 103 102 104 
203 5 37
97 101 97 97 104 99 100 96 97 100 
204 2 74
103 100 102 103 99 100 100 100 103 103 
205 87 24
101 100 96 99 102 100 97 96 98 99 
206 14 25
103 104 100 97 99 104 101 100 99 98 
207 66 71
95 95 103 103 103 99 97 101 97 100 
208 13 10
96 99 95 101 96 100 96 96 99 103 
209 85 32
102 97 103 98 102 98 101 95 98 99 
210 59 34
95 97 96 97 95 99 96 98 95 98 
211 30 12
104 97 98 100 96 104 101 95 98 101 
212 5 81
104 95 95 99 101 96 104 101 100 96 
213 22 28
100 97 95 100 103 95 104 104 99 99 
214 35 66
100 98 101 103 104 97 95 96 99 98 
215 16 51
101 100 103 98 103 104 96 98 99 96 
216 1 33
98 96 96 103 100 102 100 97 95 98 
217 81 63
100 98 98 96 101 103 96 99 100 95 
218 8 14
104 103 103 98 97 96 102 100 97 95 
219 56 21
103 96 97 103 99 100 95 97 103 98 
220 24 7
99 102 95 96 104 104 102 95 103 102 
221 17 13
95 98 104 100 99 100 100 99 103 104 
222 13 65
99 100 101 99 95 97 95 101 96 97 
223 21 1
97 102 95 97 101 101 99 102 97 98 
224 13 39
95 104 97 95 103 101 100 100 96 98 
225 40 65
100 97 95 103 101 95 103 103 104 96 
226 41 7
102 101 100 96 97 102 104 99 101 98 
227 66 87
95 95 96 96 98 98 100 96 102 103 
228 50 64
103 95 97 95 96 99 101 103 96 96 
229 63 46
95 96 104 103 102 99 99 102 99 103 
230 99 31
96 101 96 95 101 97 98 101 97 102 
231 77 54
99 99 99 100 102 101 95 102 104 104 
232 96 7
101 95 98 95 103 99 95 96 97 98 
233 72 81
103 101 101 95 101 98 101 95 104 97 
234 26 78
103 102 99 104 103 97 103 99 97 98 
235 48 73
104 104 100 98 100 103 98 98 99 95 
236 36 81
100 98 95 99 100 102 96 100 101 103 
237 46 28
95 100 96 99 95 95 103 95 95 98 
238 24 16
96 104 95 102 104 100 95 101 96 97 
239 83 87
95 101 97 103 99 104 100 101 99 104 
240 21 95
104 95 101 96 98 97 103 101 96 103 
241 26 3
101 100 103 102 103 97 98 95 103 102 
242 51 13
101 101 95 97 102 95 102 103 97 100 
243 71 48
102 103 98 103 104 104 97 102 101 95 
244 15 15
98 104 101 96 102 102 101 100 100 101 
245 19 83
104 102 95 96 97 97 104 95 96 99 
246 61 3
100 98 104 97 100 100 103 95 99 102 
247 45 4
99 97 104 96 103 102 98 104 101 100 
248 14 29
103 97 95 96 103 98 98 101 103 99 
249 29 84
104 103 101 100 102 97 104 98 99 103 
250 85 55
102 104 99 100 100 102 98 98 96 101 
251 77 2
96 96 102 104 100 102 99 101 103 95 
252 12 16
97 95 104 101 95 100 98 104 100 102 
253 15 41
101 95 100 102 103 96 103 104 99 103 
254 39 50
100 97 102 98 100 103 96 104 96 95 
255 59 12
100 96 98 97 103 104 97 99 104 104 
256 14 88
95 98 101 99 96 99 100 104 104 97 
257 23 35
98 98 98 99 100 96 102 98 99 95 
258 16 23
95 95 103 96 104 96 104 95 102 102 
259 37 99
99 99 102 98 103 97 104 96 100 99 
260 86 84
103 98 101 97 100 98 102 102 98 100 
261 60 64
104 95 100 101 102 96 101 96 102 99 
262 7 67
103 100 102 100 97 100 103 97 95 101 
263 95 46
95 98 100 98 104 99 101 103 99 96 
264 17 92
100 97 100 99 101 96 95 101 104 95 
265 63 94
102 95 100 102 104 96 99 104 100 104 
266 93 7
100 96 101 104 99 97 98 96 99 103 
267 27 54
96 101 104 97 103 96 100 100 99 97 
268 95 94
99 96 99 96 95 103 102 103 104 98 
269 90 77
102 97 102 96 97 100 101 101 99 101 
270 19 63
104 99 95 100 103 99 95 97 102 99 
271 16 21
98 97 103 99 102 102 95 99 97 95 
272 39 55
100 99 97 104 97 96 99 99 102 99 
273 50 16
95 95 95 95 99 100 95 104 95 103 
274 15 68
102 101 99 104 103 97 101 101 103 103 
275 16 72
104 96 100 103 102 101 101 95 101 101 
276 1 64
96 95 97 96 95 103 96 102 100 100 
277 40 86
104 100 96 104 98 104 97 100 95 104 
278 44 99
101 96 95 99 102 97 102 96 97 97 
279 95 35
95 100 98 102 97 97 98 98 102 99 
280 6 24
98 102 95 99 102 100 99 98 102 101 
281 58 45
103 102 102 97 104 97 101 96 104 96 
282 40 65
99 99 104 98 103 99 103 97 97 103 
283 19 60
99 99 99 96 95 98 102 103 97 100 
284 13 84
104 103 100 103 96 101 99 100 95 99 
285 32 79
95 104 97 97 95 97 98 99 101 104 
286 8 89
100 99 103 102 96 95 96 95 95 103 
287 72 73
101 102 104 101 96 97 101 97 99 96 
288 57 55
98 97 95 97 96 102 97 103 98 96 
289 47 66
98 104 102 101 104 103 95 100 101 104 
290 12 60
99 104 98 103 95 97 99 101 99 99 
291 79 58
96 95 101 101 98 99 96 104 100 96 
292 46 65
104 100 104 102 101 97 104 95 96 99 
293 11 13
103 99 103 99 103 103 97 96 95 95 
294 61 95
101 96 100 96 97 95 100 99 102 99 
295 94 96
101 99 103 104 96 103 98 104 100 98 
296 45 76
96 103 104 97 95 104 103 101 97 100 
297 88 6
100 99 96 99 103 101 104 101 98 102 
298 58 25
103 96 100 98 99 104 103 101 104 102 
299 71 90
101 95 100 104 100 99 101 97 103 104 
300 27 29
102 102 101 97 100 99 101 98 100 99 
301 29 30
98 101 102 100 101 102 99 99 104 97 
302 94 65
101 96 103 100 97 99 100 95 99 97 
303 3 70
101 96 99 96 100 97 97 95 95 95 
304 76 37
102 97 96 104 99 101 98 95 95 99 
305 98 73
103 98 99 97 102 102 98 98 95 104 
306 17 68
98 103 102 99 103 100 97 103 102 100 
307 78 14
99 97 98 99 101 98 101 102 103 96 
308 92 86
95 102 95 97 101 103 104 95 101 103 
309 7 8
100 103 102 97 101 101 100 95 95 96 
310 25 40
99 97 103 99 100 104 96 100 103 96 
311 20 38
104 103 102 102 102 100 101 97 98 98 
312 98 70
96 99 96 97 102 100 96 98 103 96 
313 58 14
95 103 96 96 96 95 103 95 96 102 
314 31 31
97 101 99 102 97 96 102 100 103 95 
315 18 26
101 95 104 101 96 103 96 99 104 97 
316 66 41
100 100 98 101 97 98 101 99 96 95 
317 2 86
99 95 96 99 96 95 104 102 96 95 
318 96 95
96 101 95 95 96 102 95 101 97 98 
319 45 17
103 95 95 95 97 97 100 101 99 101 
320 13 36
102 97 99 95 99 104 101 100 103 104 
321 76 30
101 103 100 96 96 104 102 95 96 95 
322 3 94
99 102 97 103 101 99 101 98 103 97 
323 56 56
99 98 95 97 97 103 96 96 103 103 
324 43 30
104 96 96 95 96 98 100 102 98 104 
325 17 50
101 97 99 99 101 96 96 95 99 97 
326 73 68
97 98 103 95 98 97 96 97 100 100 
327 3 28
95 95 99 98 104 97 99 100 101 95 
328 13 54
96 98 98 101 102 101 100 96 96 100 
329 44 38
102 100 104 97 97 99 96 97 99 103 
330 99 34
97 97 96 104 98 98 99 101 103 104 
331 23 7
102 104 104 96 99 98 103 98 95 102 
332 7 83
96 104 99 100 104 97 96 97 102 99 
333 24 13
104 104 103 102 103 96 100 101 97 100 
334 58 18
103 100 95 95 99 103 97 101 95 103 
335 94 90
96 99 98 95 95 103 97 104 102 95 
336 58 39
98 99 101 101 104 98 100 104 95 100 
337 20 35
101 98 97 101 97 101 102 100 97 98 
338 56 4
96 104 97 96 104 96 96 100 101 102 
339 44 78
97 103 104 99 98 95 103 96 99 98 
340 28 87
104 102 98 98 95 103 103 98 102 96 
341 17 29
99 102 100 95 101 103 95 103 101 104 
342 83 13
96 98 98 100 103 98 98 104 95 101 
343 53 71
101 96 98 100 99 95 101 95 104 96 
344 22 87
95 98 101 103 97 96 97 100 101 101 
345 32 95
104 101 98 96 100 102 96 96 95 101 
346 10 7
103 100 102 95 101 95 101 103 98 99 
347 20 98
100 96 97 96 104 100 102 103 97 97 
348 40 38
95 97 95 95 96 104 104 104 99 101 
349 50 94
101 102 98 104 97 97 101 104 101 95 
350 64 96
101 95 101 103 98 102 102 100 95 102 
351 96 12
102 99 97 96 97 99 101 103 96 95 
352 100 86
99 102 100 95 103 95 103 99 95 99 
353 55 86
96 98 95 98 95 103 99 102 99 104 
354 62 88
98 104 102 101 96 102 97 101 99 104 
355 9 53
104 103 103 96 97 99 102 99 102 104 
356 28 71
104 99 104 99 100 97 98 103 97 95 
357 35 64
104 103 96 99 102 97 103 103 95 104 
358 11 46
98 104 96 98 103 95 98 95 99 99 
359 5 10
102 104 104 104 104 99 99 96 99 103 
360 16 83
97 100 95 97 99 97 104 95 96 95 
361 86 53
96 103 97 102 99 103 104 96 102 103 
362 3 69
99 102 104 104 102 101 98 104 97 98 
363 24 89
101 98 103 104 100 98 96 101 98 100 
364 65 29
98 100 104 97 98 97 96 95 96 97 
365 52 19
104 99 104 98 104 97 96 102 102 95 
366 18 94
100 95 104 96 101 100 104 96 97 95 
367 85 59
99 100 103 102 104 104 102 103 100 101 
368 12 57
96 100 99 103 102 96 98 97 98 98 
369 56 10
95 99 96 100 102 100 98 98 97 96 
370 24 42
97 95 97 104 104 100 100 95 95 104 
371 51 48
97 99 97 101 104 102 102 96 99 103 
372 17 14
100 104 103 104 95 96 98 99 99 100 
373 94 44
97 96 100 98 95 100 97 100 104 101 
374 42 61
101 103 97 95 104 103 100 101 103 98 
375 59 61
102 96 102 96 101 97 99 103 98 104 
376 94 7
101 103 96 103 99 97 103 95 97 97 
377 23 84
96 102 97 96 98 95 98 95 96 97 
378 2 40
100 102 104 103 103 100 101 99 98 102 
379 13 80
96 98 95 99 100 99 104 103 99 98 
380 100 88
98 100 104 101 102 97 102 97 104 102 
381 74 58
97 104 98 102 102 101 101 103 96 103 
382 35 37
98 101 100 102 104 101 101 100 96 102 
383 4 30
104 96 98 103 103 103 102 97 103 95 
384 100 68
101 100 102 104 99 99 101 104 95 98 
385 9 32
104 101 103 98 98 97 97 97 98 102 
386 71 74
101 102 100 99 102 101 98 101 98 95 
387 46 20
101 98 103 103 101 103 95 103 99 95 
388 32 78
97 100 104 100 97 96 95 103 95 100 
389 25 11
98 104 103 102 95 100 101 103 104 102 
390 58 28
100 102 100 95 102 103 102 97 98 104 
391 20 97
97 95 101 100 102 96 100 96 95 98 
392 29 63
95 101 96 104 98 103 104 104 102 99 
393 100 7
98 103 103 101 104 103 99 97 95 96 
394 10 78
99 99 95 101 104 103 96 104 102 97 
395 62 51
97 95 104 96 101 95 102 96 104 103 
396 71 1
103 99 99 103 102 98 102 98 104 103 
397 31 19
103 96 95 100 100 98 101 104 98 102 
398 1 12
103 104 98 104 104 98 104 102 104 101 
399 18 8
104 102 95 104 100 97 104 100 100 96 
400 24 83
99 104 96 104 103 98 96 101 100 99 
401 18 85
104 102 99 103 98 96 102 99 103 95 
402 64 76
97 100 98 103 101 101 95 98 102 99 
403 43 16
102 98 99 97 104 96 104 103 95 98 
404 90 84
99 101 95 100 101 100 97 104 95 100 
405 60 70
98 96 97 95 100 101 101 100 95 97 
406 50 22
98 95 97 99 98 96 104 95 102 104 
407 48 75
100 104 100 102 102 101 101 95 102 95 
408 92 96
102 104 97 102 96 98 95 99 99 97 
409 41 88
98 95 104 98 96 101 104 101 101 99 
410 47 46
97 97 100 104 98 103 101 95 102 103 
411 70 11
99 104 102 103 99 102 102 104 104 104 
412 43 52
100 98 104 98 102 100 103 96 95 101 
413 22 94
99 104 100 97 95 99 97 99 100 104 
414 35 2
104 98 96 103 97 100 96 103 104 96 
415 22 59
103 97 95 103 103 98 96 97 97 103 
416 57 3
99 104 103 95 95 97 98 96 101 101 
417 81 79
97 98 101 98 99 95 98 100 99 100 
418 34 43
103 102 101 98 100 98 102 95 99 101 
419 53 57
103 100 103 101 99 95 100 101 98 98 
420 12 51
100 101 100 104 97 95 98 97 102 95 
421 48 86
98 100 102 102 96 104 98 96 101 98 
422 81 11
98 100 103 104 95 96 104 101 103 101 
423 76 1
101 104 99 101 96 97 98 99 102 95 
424 84 1
96 101 98 102 97 98 95 100 95 95 
425 95 12
97 100 102 97 98 99 99 97 100 103 
426 29 7
95 96 97 104 98 100 96 99 99 102 
427 74 77
95 98 98 96 101 95 99 95 100 98 
428 3 42
104 101 98 100 101 96 98 104 99 103 
429 69 88
98 97 96 104 104 99 102 104 95 96 
430 43 39
96 103 103 103 96 97 104 96 95 99 
431 59 87
100 98 100 96 96 101 95 102 95 98 
432 19 100
95 101 95 95 102 100 95 95 98 103 
433 1 26
97 95 103 97 99 101 95 97 104 103 
434 46 74
99 101 97 99 104 95 100 104 101 100 
435 12 6
95 96 100 101 96 101 96 100 103 104 
436 38 45
102 103 103 103 101 101 96 97 99 98 
437 59 74
101 98 100 99 95 103 95 96 97 102 
438 60 96
100 95 96 98 96 95 95 103 95 95 
439 87 29
101 95 95 97 100 95 101 96 98 98 
440 7 7
98 103 104 102 100 103 98 96 103 101 
441 97 52
101 103 96 102 96 104 100 102 96 103 
442 33 18
103 103 95 99 98 103 95 103 101 104 
443 27 3
104 96 100 104 102 98 95 100 97 98 
444 73 84
97 95 97 99 95 99 98 103 99 98 
445 35 50
99 101 103 95 102 101 99 101 102 96 
446 96 45
100 102 96 102 95 99 97 100 101 101 
447 12 7
96 99 101 102 104 98 102 100 104 102 
448 7 90
98 97 102 97 99 98 103 96 97 104 
449 89 86
100 97 95 96 103 98 104 104 104 101 
450 40 21
96 101 101 97 100 99 96 95 103 104 
451 3 43
99 95 98 103 104 98 98 102 102 100 
452 19 27
103 103 102 104 101 101 95 102 99 103 
453 10 10
97 98 104 95 97 96 100 103 98 95 
454 47 66
101 97 97 98 102 97 104 103 97 104 
455 50 59
100 104 102 95 104 104 96 96 97 98 
456 45 97
101 96 99 95 96 97 102 104 101 104 
457 34 87
98 99 101 101 98 100 99 96 102 99 
458 64 47
98 99 103 100 102 99 96 99 100 102 
459 47 29
96 98 103 103 99 96 99 102 102 95 
460 24 82
102 95 97 99 99 100 96 102 96 96 
461 85 82
100 100 100 97 99 98 95 102 103 103 
462 56 35
96 96 98 104 98 102 97 96 104 101 
463 46 94
98 103 97 99 104 101 100 99 98 97 
464 99 50
100 104 101 100 104 99 104 98 102 98 
465 25 14
97 101 101 96 99 98 101 102 97 95 
466 92 32
103 102 103 98 96 101 97 104 102 95 
467 85 8
101 99 95 99 104 101 102 96 97 100 
468 55 87
103 97 100 95 97 101 99 97 100 99 
469 56 48
95 102 103 95 102 97 104 99 103 96 
470 71 70
102 104 95 96 99 101 104 97 95 99 
471 66 55
95 104 101 103 98 96 102 100 103 100 
472 6 69
104 99 99 103 100 101 102 97 100 95 
473 4 12
103 97 98 104 103 103 98 104 102 97 
474 30 83
98 101 103 99 98 98 99 97 95 103 
475 43 48
101 97 95 96 99 100 97 99 95 102 
476 74 19
103 104 104 102 96 95 95 101 101 103 
477 51 42
98 99 99 100 99 103 98 95 95 100 
478 34 27
97 102 96 99 100 101 100 98 102 99 
479 11 61
100 97 102 98 97 102 100 103 99 96 
480 14 19
104 101 96 97 98 99 95 101 97 96 
481 63 60
95 102 99 102 99 101 103 104 104 102 
482 65 14
101 96 96 95 97 100 96 99 98 97 
483 89 20
103 103 102 97 97 104 96 97 102 100 
484 62 52
99 96 97 98 103 101 101 100 103 95 
485 6 73
100 103 103 95 95 103 104 104 104 101 
486 34 52
101 100 100 100 97 103 101 101 95 103 
487 42 49
101 95 98 101 95 96 104 102 104 104 
488 70 11
103 104 96 102 102 99 95 98 96 100 
489 49 7
98 101 97 100 99 101 99 98 103 102 
490 50 91
95 95 102 95 95 101 97 95 102 100 
491 68 66
96 104 95 98 99 96 96 104 102 100 
492 56 45
96 96 102 96 95 103 96 96 104 95 
493 34 22
102 100 96 101 97 95 96 98 104 99 
494 49 86
100 104 101 99 100 98 95 103 99 104 
495 51 96
103 96 103 104 97 96 95 96 103 96 
496 10 21
98 98 98 97 102 99 102 99 98 98 
497 59 51
102 96 104 98 95 96 95 103 97 103 
498 18 17
96 104 104 104 97 104 104 100 99 100 
499 68 62
104 99 102 99 95 102 100 104 103 101 

