50 10 3497
0 1 10
101 98 99 101 102 100 98 100 100 102 
1 10 4
100 102 102 101 100 98 100 100 102 98 
2 8 2
98 98 99 101 101 99 100 100 99 99 
3 3 8
101 100 100 100 101 99 98 98 99 102 
4 1 6
102 98 102 99 98 99 102 101 101 98 
5 7 3
101 99 99 99 100 101 99 98 100 101 
6 1 6
102 98 100 100 100 102 98 101 102 102 
7 10 3
101 98 100 99 100 101 98 98 99 99 
8 10 6
99 98 101 101 101 101 98 102 101 100 
9 10 8
100 99 99 101 100 100 100 98 101 102 
10 10 3
98 102 98 99 101 102 100 99 99 100 
11 1 2
98 98 98 98 98 99 101 100 100 102 
12 3 3
99 98 102 99 99 101 102 99 98 99 
13 6 6
98 102 99 99 99 101 100 99 99 102 
14 4 2
101 99 98 100 100 100 102 99 102 102 
15 5 2
102 98 102 99 99 102 99 99 101 98 
16 5 7
101 101 102 99 101 101 100 99 102 102 
17 9 10
102 98 98 101 102 102 99 98 98 99 
18 8 7
100 98 98 101 98 99 102 99 98 102 
19 8 9
102 100 99 101 99 99 102 98 99 102 
20 2 3
99 100 101 101 98 100 102 98 100 99 
21 9 4
101 102 99 101 101 101 101 100 100 99 
22 4 10
100 100 99 99 102 102 98 98 102 98 
23 9 5
100 102 102 98 101 102 98 99 102 99 
24 7 10
99 99 100 102 100 100 98 102 99 99 
25 8 1
99 98 100 98 98 98 99 101 100 101 
26 6 1
100 100 99 99 98 102 99 99 98 98 
27 1 8
102 98 101 98 102 101 101 100 101 98 
28 10 4
101 98 101 98 98 98 98 101 102 101 
29 2 5
102 102 99 102 99 101 101 100 99 101 
30 4 8
99 101 102 99 101 101 100 99 98 98 
31 4 7
101 98 99 102 101 102 102 100 99 100 
32 9 8
100 101 100 101 100 98 98 98 98 99 
33 8 4
102 99 100 100 101 100 101 99 101 99 
34 7 7
100 100 99 101 102 99 101 99 98 98 
35 8 10
100 102 99 100 99 101 98 100 102 102 
36 2 9
100 99 99 100 100 102 98 98 99 99 
37 6 8
98 101 99 100 101 101 99 100 102 100 
38 5 8
101 100 100 102 99 101 102 98 98 101 
39 8 5
100 98 102 99 99 100 98 101 98 99 
40 6 7
99 101 101 99 101 101 98 101 100 100 
41 5 1
99 99 99 101 102 98 100 101 98 102 
42 2 5
99 100 102 101 101 100 102 100 100 98 
43 9 3
101 98 98 98 101 100 100 99 101 98 
44 5 5
99 101 102 101 100 99 102 98 98 99 
45 5 6
101 101 100 98 101 100 101 101 101 98 
46 6 2
100 101 102 100 101 98 99 99 101 99 
47 3 4
102 101 101 102 102 100 102 100 99 102 
48 1 2
99 98 100 102 98 100 100 98 100 101 
49 10 4
101 99 102 100 102 101 98 98 100 101 

