500 10 35005
0 47 86
101 98 98 98 100 99 99 102 101 102 
1 94 40
100 99 102 98 99 98 98 100 101 101 
2 74 48
98 100 101 101 102 102 99 102 99 99 
3 16 79
98 101 102 101 100 100 101 100 99 100 
4 23 83
102 102 102 100 101 100 99 98 99 102 
5 36 42
99 99 100 100 101 100 101 101 98 100 
6 24 96
98 99 100 99 98 99 101 99 99 100 
7 5 7
99 98 99 101 100 99 99 101 101 101 
8 46 84
99 98 99 101 101 102 101 101 101 100 
9 22 61
99 102 100 100 101 101 98 99 101 99 
10 95 73
102 100 98 100 99 101 98 102 101 101 
11 45 52
98 101 99 98 98 100 100 101 101 102 
12 36 4
102 98 98 101 101 99 100 101 102 101 
13 88 63
101 98 101 99 98 100 98 100 98 101 
14 48 89
101 100 99 101 101 102 100 101 99 102 
15 89 48
98 98 98 99 101 102 101 99 102 101 
16 36 8
99 98 102 101 98 102 101 101 99 100 
17 58 100
99 99 100 102 98 98 99 98 99 101 
18 60 92
98 102 101 102 101 98 99 102 100 101 
19 45 23
100 101 101 101 98 98 100 101 99 100 
20 50 42
100 101 101 98 99 100 100 99 100 100 
21 59 71
100 99 99 102 102 98 101 101 98 99 
22 87 23
101 99 98 102 101 100 100 100 98 99 
23 14 84
98 100 100 102 102 100 102 101 101 100 
24 15 26
98 100 101 98 99 100 101 102 98 98 
25 92 1
100 101 100 102 99 100 101 102 102 100 
26 74 91
102 98 98 102 100 102 102 100 102 98 
27 31 21
102 98 99 102 100 100 102 100 101 101 
28 42 95
99 99 98 100 101 102 98 100 102 98 
29 80 22
100 101 99 101 98 101 101 102 101 99 
30 36 91
102 102 102 102 101 99 101 99 102 99 
31 19 24
98 98 100 102 101 99 100 98 100 98 
32 64 13
101 101 102 101 102 102 99 98 99 98 
33 15 100
99 98 98 99 99 98 99 101 99 101 
34 85 62
100 99 99 102 100 99 101 100 102 102 
35 12 21
99 102 101 100 102 102 101 101 102 98 
36 52 78
100 100 100 98 100 99 99 99 101 100 
37 63 28
101 101 99 102 100 102 100 98 101 98 
38 13 89
102 100 99 99 100 102 98 98 101 101 
39 6 56
102 100 102 102 99 99 99 100 102 98 
40 27 90
102 101 102 101 101 102 99 98 99 102 
41 57 62
101 101 101 99 99 98 101 101 100 100 
42 48 97
99 99 101 98 99 99 99 98 98 99 
43 26 81
100 101 100 101 100 98 99 100 102 102 
44 51 28
98 99 98 102 101 98 100 99 101 98 
45 80 70
102 98 99 102 99 102 99 101 100 99 
46 5 11
99 98 102 100 100 98 98 100 99 100 
47 59 47
102 99 101 100 101 100 99 100 100 98 
48 89 22
102 100 99 99 101 100 101 99 98 101 
49 75 73
98 99 99 99 101 99 102 98 100 102 
50 13 9
99 99 98 99 99 102 102 100 99 100 
51 86 12
98 99 100 100 102 99 99 99 100 100 
52 10 74
98 101 101 98 101 98 101 99 101 101 
53 15 80
102 101 101 98 101 102 99 98 98 99 
54 28 77
100 101 102 100 100 101 100 102 99 100 
55 55 5
102 100 101 101 99 100 100 100 101 101 
56 49 27
102 99 99 99 100 98 100 100 98 99 
57 85 78
99 101 99 100 98 101 102 102 98 100 
58 68 64
99 100 99 102 98 99 100 99 102 98 
59 3 48
100 99 99 100 102 100 99 98 98 101 
60 3 26
99 101 99 101 100 102 100 102 101 101 
61 56 6
99 98 99 98 100 101 102 98 102 98 
62 88 21
100 102 98 100 102 102 102 100 98 101 
63 1 38
100 100 101 100 100 99 100 98 99 98 
64 52 74
101 98 98 102 99 101 99 98 100 99 
65 81 2
100 99 101 100 102 98 98 101 98 98 
66 56 35
99 102 98 102 102 99 98 102 101 98 
67 41 20
101 99 100 100 100 100 98 98 101 98 
68 95 44
99 102 99 101 100 102 100 101 101 100 
69 16 79
98 98 100 102 100 101 98 101 102 100 
70 53 10
102 101 99 98 98 98 98 99 100 101 
71 15 55
100 102 100 99 99 102 99 100 99 101 
72 37 20
101 99 102 98 102 99 102 98 102 98 
73 43 61
100 102 101 102 101 98 101 100 102 101 
74 71 91
100 99 102 102 100 98 98 100 102 102 
75 8 96
98 99 100 98 101 98 100 99 99 98 
76 6 85
98 99 102 99 102 102 100 99 101 99 
77 83 18
102 100 102 98 99 100 98 100 101 102 
78 70 50
99 99 98 101 101 100 102 99 101 101 
79 48 83
98 99 99 101 98 101 98 99 101 99 
80 32 10
101 101 101 102 100 102 101 102 100 98 
81 95 42
102 101 102 101 100 101 100 100 98 98 
82 98 88
99 102 101 102 98 99 98 102 99 102 
83 76 39
101 98 102 99 98 101 102 99 100 101 
84 5 27
101 102 98 101 102 102 100 98 101 98 
85 52 36
101 100 99 102 101 99 101 101 99 102 
86 42 4
101 100 98 100 100 99 101 99 98 98 
87 45 63
102 100 102 100 102 99 102 98 98 99 
88 60 39
100 102 101 99 102 98 99 102 100 99 
89 22 76
98 99 99 100 99 100 102 98 99 102 
90 10 54
100 101 101 100 99 102 100 102 102 98 
91 43 11
100 101 99 98 100 102 100 102 98 98 
92 52 99
102 99 98 101 100 99 101 99 99 99 
93 6 79
100 100 102 101 102 99 101 100 99 99 
94 95 26
98 101 102 100 101 99 100 102 102 100 
95 33 84
98 98 102 100 101 102 98 101 101 99 
96 92 68
102 100 102 100 101 101 101 102 99 102 
97 89 17
100 99 99 101 98 98 99 99 101 100 
98 79 84
99 98 99 102 99 98 102 98 100 101 
99 73 31
102 100 99 98 102 98 102 99 101 100 
100 31 29
100 101 102 100 99 102 101 102 102 99 
101 32 98
99 98 102 101 101 102 99 100 99 102 
102 41 18
99 102 102 102 101 99 101 98 102 102 
103 76 43
102 101 100 98 99 101 101 101 101 102 
104 99 19
101 99 101 100 99 101 102 100 102 101 
105 65 93
99 102 102 99 101 99 98 100 99 100 
106 34 19
100 101 99 98 100 102 99 99 99 102 
107 94 50
100 102 101 101 101 100 98 99 99 99 
108 20 31
101 98 102 102 100 102 100 100 102 101 
109 85 93
98 98 98 101 102 98 102 101 102 100 
110 72 55
100 101 99 101 98 98 98 98 98 100 
111 55 31
99 100 100 101 100 99 98 102 100 100 
112 70 49
100 101 102 99 101 98 101 98 99 102 
113 84 94
102 99 101 100 98 100 100 101 99 102 
114 37 87
100 99 100 99 98 100 98 100 100 102 
115 67 36
99 102 98 102 98 99 100 102 100 98 
116 7 98
98 98 98 99 99 102 102 102 98 100 
117 8 69
102 102 98 101 98 101 102 100 102 102 
118 64 95
98 99 99 102 101 102 101 101 98 99 
119 43 97
98 99 100 100 101 98 98 102 102 101 
120 14 48
99 102 99 101 98 102 100 99 98 101 
121 23 65
101 101 102 101 102 99 99 99 101 99 
122 39 34
99 99 98 100 102 98 102 100 102 98 
123 41 72
98 98 102 100 101 100 101 101 100 101 
124 19 17
102 98 102 102 99 100 98 102 98 100 
125 27 37
100 101 102 101 101 99 102 98 99 102 
126 16 58
101 101 98 98 99 102 101 101 99 100 
127 8 45
99 102 98 100 99 101 101 98 99 102 
128 39 28
101 98 102 102 99 102 101 102 101 102 
129 37 97
98 102 102 101 99 102 102 102 101 102 
130 57 68
100 100 100 99 99 101 101 99 101 100 
131 42 65
102 99 98 100 98 101 101 100 100 101 
132 8 11
102 99 102 102 98 101 99 98 98 102 
133 17 9
100 102 98 100 101 101 101 100 102 98 
134 42 58
101 98 102 98 98 102 100 102 98 99 
135 14 49
99 100 101 99 99 102 100 98 98 100 
136 35 89
100 102 101 101 102 102 98 102 99 100 
137 100 77
99 101 100 101 99 101 99 101 98 102 
138 100 9
98 101 98 98 98 102 99 102 98 102 
139 44 90
98 101 101 100 100 102 101 101 102 101 
140 53 81
99 98 101 101 98 98 99 98 101 101 
141 89 57
102 102 98 102 101 98 98 101 99 98 
142 41 69
102 99 102 98 102 101 98 100 101 99 
143 11 41
99 101 101 99 99 99 100 98 98 98 
144 17 66
100 99 101 101 99 99 102 100 102 101 
145 43 66
101 102 100 99 98 102 100 101 102 98 
146 56 26
99 102 100 101 102 98 101 102 99 101 
147 33 45
102 99 99 98 99 98 98 102 99 102 
148 44 93
98 100 100 102 100 100 99 98 100 98 
149 86 39
98 101 100 99 99 100 100 101 98 98 
150 66 90
98 99 101 102 100 99 101 101 101 98 
151 100 83
101 99 102 100 99 102 100 100 100 98 
152 31 67
102 101 99 102 101 99 98 102 102 102 
153 96 98
100 101 100 101 101 99 100 101 100 100 
154 21 95
101 101 101 101 98 101 102 99 99 100 
155 3 56
101 101 99 101 100 99 100 99 102 102 
156 20 88
100 102 99 98 99 101 99 102 99 102 
157 25 24
102 101 102 99 100 100 99 99 98 102 
158 47 45
98 98 98 99 99 100 98 101 99 101 
159 86 5
100 101 98 98 102 98 102 102 98 98 
160 96 44
102 101 99 102 100 100 98 102 102 101 
161 86 61
100 98 98 101 102 101 102 99 99 102 
162 89 92
102 102 100 100 98 102 98 102 100 99 
163 47 37
98 101 98 102 99 100 99 101 100 99 
164 59 64
99 100 99 101 102 98 99 98 102 101 
165 48 82
100 100 101 99 98 99 100 98 102 102 
166 72 12
99 100 99 98 99 98 99 102 102 100 
167 93 44
102 101 102 99 101 99 100 100 99 100 
168 24 87
101 100 100 101 99 98 99 102 98 102 
169 88 19
102 101 100 99 98 98 102 100 98 98 
170 64 42
100 100 101 101 98 102 99 101 99 98 
171 34 51
99 99 99 99 99 101 102 100 101 101 
172 89 97
98 98 101 101 98 99 102 102 101 102 
173 5 84
101 99 102 100 99 102 100 100 101 98 
174 21 97
99 99 98 102 98 99 98 100 99 101 
175 26 29
102 99 101 101 99 102 101 99 98 100 
176 39 63
102 100 99 100 101 102 98 102 98 98 
177 9 18
99 99 98 102 102 100 101 102 102 101 
178 20 56
100 100 101 101 100 100 100 101 99 98 
179 53 45
99 100 98 100 102 99 99 99 100 101 
180 26 2
99 98 100 98 101 101 100 99 99 98 
181 22 96
102 98 98 99 100 100 100 102 99 101 
182 59 71
99 102 99 101 101 102 99 99 102 99 
183 4 84
102 98 99 100 100 102 102 100 99 102 
184 34 24
99 98 100 102 98 100 98 99 102 101 
185 12 10
100 101 98 100 99 101 100 98 98 101 
186 14 53
100 102 102 98 102 102 101 100 100 101 
187 53 8
98 102 102 102 100 98 101 98 98 98 
188 20 62
101 99 102 98 99 100 101 98 101 102 
189 51 78
102 101 100 99 101 102 101 99 98 102 
190 51 73
100 99 100 100 101 101 99 102 102 98 
191 80 21
102 102 98 100 102 98 100 98 99 102 
192 87 15
98 99 98 98 101 101 100 98 99 100 
193 85 65
98 98 101 98 100 98 100 99 102 101 
194 67 14
98 101 101 99 102 99 101 102 98 101 
195 20 79
101 101 98 102 98 102 102 101 100 102 
196 81 2
102 100 101 102 100 99 102 98 102 101 
197 14 89
99 99 102 99 100 101 102 98 101 102 
198 91 85
99 99 102 98 100 102 99 100 101 99 
199 24 72
100 100 99 101 100 102 101 102 101 100 
200 16 1
100 100 98 99 101 100 100 102 101 99 
201 82 22
100 101 98 98 102 101 99 102 100 102 
202 18 48
99 99 99 102 101 101 102 101 100 102 
203 5 37
100 99 100 100 102 102 98 99 100 98 
204 2 74
101 98 100 101 102 98 98 98 101 101 
205 87 24
99 98 99 102 100 98 100 99 101 102 
206 14 25
101 102 98 100 102 102 99 98 102 101 
207 66 71
98 98 101 101 101 102 100 99 100 98 
208 13 10
99 102 98 99 99 98 99 99 102 101 
209 85 32
100 100 101 101 100 101 99 98 101 102 
210 59 34
98 100 99 100 98 102 99 101 98 101 
211 30 12
102 100 101 98 99 102 99 98 101 99 
212 5 81
102 98 98 102 99 99 102 99 98 99 
213 22 28
98 100 98 98 101 98 102 102 102 102 
214 35 66
98 101 99 101 102 100 98 99 102 101 
215 16 51
99 98 101 101 101 102 99 101 102 99 
216 1 33
101 99 99 101 98 100 98 100 98 101 
217 81 63
98 101 101 99 99 101 99 102 98 98 
218 8 14
102 101 101 101 100 99 100 98 100 98 
219 56 21
101 99 100 101 102 98 98 100 101 101 
220 24 7
102 100 98 99 102 102 100 98 101 100 
221 17 13
98 101 102 98 102 98 98 102 101 102 
222 13 65
102 98 99 102 98 100 98 99 99 100 
223 21 1
100 100 98 100 99 99 102 100 100 101 
224 13 39
98 102 100 98 101 99 98 98 99 101 
225 40 65
98 100 98 101 99 98 101 101 102 99 
226 41 7
100 99 98 99 100 100 102 102 99 101 
227 66 87
98 98 99 99 101 101 98 99 100 101 
228 50 64
101 98 100 98 99 102 99 101 99 99 
229 63 46
98 99 102 101 100 102 102 100 102 101 
230 99 31
99 99 99 98 99 100 101 99 100 100 
231 77 54
102 102 102 98 100 99 98 100 102 102 
232 96 7
99 98 101 98 101 102 98 99 100 101 
233 72 81
101 99 99 98 99 101 99 98 102 100 
234 26 78
101 100 102 102 101 100 101 102 100 101 
235 48 73
102 102 98 101 98 101 101 101 102 98 
236 36 81
98 101 98 102 98 100 99 98 99 101 
237 46 28
98 98 99 102 98 98 101 98 98 101 
238 24 16
99 102 98 100 102 98 98 99 99 100 
239 83 87
98 99 100 101 102 102 98 99 102 102 
240 21 95
102 98 99 99 101 100 101 99 99 101 
241 26 3
99 98 101 100 101 100 101 98 101 100 
242 51 13
99 99 98 100 100 98 100 101 100 98 
243 71 48
100 101 101 101 102 102 100 100 99 98 
244 15 15
101 102 99 99 100 100 99 98 98 99 
245 19 83
102 100 98 99 100 100 102 98 99 102 
246 61 3
98 101 102 100 98 98 101 98 102 100 
247 45 4
102 100 102 99 101 100 101 102 99 98 
248 14 29
101 100 98 99 101 101 101 99 101 102 
249 29 84
102 101 99 98 100 100 102 101 102 101 
250 85 55
100 102 102 98 98 100 101 101 99 99 
251 77 2
99 99 100 102 98 100 102 99 101 98 
252 12 16
100 98 102 99 98 98 101 102 98 100 
253 15 41
99 98 98 100 101 99 101 102 102 101 
254 39 50
98 100 100 101 98 101 99 102 99 98 
255 59 12
98 99 101 100 101 102 100 102 102 102 
256 14 88
98 101 99 102 99 102 98 102 102 100 
257 23 35
101 101 101 102 98 99 100 101 102 98 
258 16 23
98 98 101 99 102 99 102 98 100 100 
259 37 99
102 102 100 101 101 100 102 99 98 102 
260 86 84
101 101 99 100 98 101 100 100 101 98 
261 60 64
102 98 98 99 100 99 99 99 100 102 
262 7 67
101 98 100 98 100 98 101 100 98 99 
263 95 46
98 101 98 101 102 102 99 101 102 99 
264 17 92
98 100 98 102 99 99 98 99 102 98 
265 63 94
100 98 98 100 102 99 102 102 98 102 
266 93 7
98 99 99 102 102 100 101 99 102 101 
267 27 54
99 99 102 100 101 99 98 98 102 100 
268 95 94
102 99 102 99 98 101 100 101 102 101 
269 90 77
100 100 100 99 100 98 99 99 102 99 
270 19 63
102 102 98 98 101 102 98 100 100 102 
271 16 21
101 100 101 102 100 100 98 102 100 98 
272 39 55
98 102 100 102 100 99 102 102 100 102 
273 50 16
98 98 98 98 102 98 98 102 98 101 
274 15 68
100 99 102 102 101 100 99 99 101 101 
275 16 72
102 99 98 101 100 99 99 98 99 99 
276 1 64
99 98 100 99 98 101 99 100 98 98 
277 40 86
102 98 99 102 101 102 100 98 98 102 
278 44 99
99 99 98 102 100 100 100 99 100 100 
279 95 35
98 98 101 100 100 100 101 101 100 102 
280 6 24
101 100 98 102 100 98 102 101 100 99 
281 58 45
101 100 100 100 102 100 99 99 102 99 
282 40 65
102 102 102 101 101 102 101 100 100 101 
283 19 60
102 102 102 99 98 101 100 101 100 98 
284 13 84
102 101 98 101 99 99 102 98 98 102 
285 32 79
98 102 100 100 98 100 101 102 99 102 
286 8 89
98 102 101 100 99 98 99 98 98 101 
287 72 73
99 100 102 99 99 100 99 100 102 99 
288 57 55
101 100 98 100 99 100 100 101 101 99 
289 47 66
101 102 100 99 102 101 98 98 99 102 
290 12 60
102 102 101 101 98 100 102 99 102 102 
291 79 58
99 98 99 99 101 102 99 102 98 99 
292 46 65
102 98 102 100 99 100 102 98 99 102 
293 11 13
101 102 101 102 101 101 100 99 98 98 
294 61 95
99 99 98 99 100 98 98 102 100 102 
295 94 96
99 102 101 102 99 101 101 102 98 101 
296 45 76
99 101 102 100 98 102 101 99 100 98 
297 88 6
98 102 99 102 101 99 102 99 101 100 
298 58 25
101 99 98 101 102 102 101 99 102 100 
299 71 90
99 98 98 102 98 102 99 100 101 102 
300 27 29
100 100 99 100 98 102 99 101 98 102 
301 29 30
101 99 100 98 99 100 102 102 102 100 
302 94 65
99 99 101 98 100 102 98 98 102 100 
303 3 70
99 99 102 99 98 100 100 98 98 98 
304 76 37
100 100 99 102 102 99 101 98 98 102 
305 98 73
101 101 102 100 100 100 101 101 98 102 
306 17 68
101 101 100 102 101 98 100 101 100 98 
307 78 14
102 100 101 102 99 101 99 100 101 99 
308 92 86
98 100 98 100 99 101 102 98 99 101 
309 7 8
98 101 100 100 99 99 98 98 98 99 
310 25 40
102 100 101 102 98 102 99 98 101 99 
311 20 38
102 101 100 100 100 98 99 100 101 101 
312 98 70
99 102 99 100 100 98 99 101 101 99 
313 58 14
98 101 99 99 99 98 101 98 99 100 
314 31 31
100 99 102 100 100 99 100 98 101 98 
315 18 26
99 98 102 99 99 101 99 102 102 100 
316 66 41
98 98 101 99 100 101 99 102 99 98 
317 2 86
102 98 99 102 99 98 102 100 99 98 
318 96 95
99 99 98 98 99 100 98 99 100 101 
319 45 17
101 98 98 98 100 100 98 99 102 99 
320 13 36
100 100 102 98 102 102 99 98 101 102 
321 76 30
99 101 98 99 99 102 100 98 99 98 
322 3 94
102 100 100 101 99 102 99 101 101 100 
323 56 56
102 101 98 100 100 101 99 99 101 101 
324 43 30
102 99 99 98 99 101 98 100 101 102 
325 17 50
99 100 102 102 99 99 99 98 102 100 
326 73 68
100 101 101 98 101 100 99 100 98 98 
327 3 28
98 98 102 101 102 100 102 98 99 98 
328 13 54
99 101 101 99 100 99 98 99 99 98 
329 44 38
100 98 102 100 100 102 99 100 102 101 
330 99 34
100 100 99 102 101 101 102 99 101 102 
331 23 7
100 102 102 99 102 101 101 101 98 100 
332 7 83
99 102 102 98 102 100 99 100 100 102 
333 24 13
102 102 101 100 101 99 98 99 100 98 
334 58 18
101 98 98 98 102 101 100 99 98 101 
335 94 90
99 102 101 98 98 101 100 102 100 98 
336 58 39
101 102 99 99 102 101 98 102 98 98 
337 20 35
99 101 100 99 100 99 100 98 100 101 
338 56 4
99 102 100 99 102 99 99 98 99 100 
339 44 78
100 101 102 102 101 98 101 99 102 101 
340 28 87
102 100 101 101 98 101 101 101 100 99 
341 17 29
102 100 98 98 99 101 98 101 99 102 
342 83 13
99 101 101 98 101 101 101 102 98 99 
343 53 71
99 99 101 98 102 98 99 98 102 99 
344 22 87
98 101 99 101 100 99 100 98 99 99 
345 32 95
102 99 101 99 98 100 99 99 98 99 
346 10 7
101 98 100 98 99 98 99 101 101 102 
347 20 98
98 99 100 99 102 98 100 101 100 100 
348 40 38
98 100 98 98 99 102 102 102 102 99 
349 50 94
99 100 101 102 100 100 99 102 99 98 
350 64 96
99 98 99 101 101 100 100 98 98 100 
351 96 12
100 102 100 99 100 102 99 101 99 98 
352 100 86
102 100 98 98 101 98 101 102 98 102 
353 55 86
99 101 98 101 98 101 102 100 102 102 
354 62 88
101 102 100 99 99 100 100 99 102 102 
355 9 53
102 101 101 99 100 102 100 102 100 102 
356 28 71
102 102 102 102 98 100 101 101 100 98 
357 35 64
102 101 99 102 100 100 101 101 98 102 
358 11 46
101 102 99 101 101 98 101 98 102 102 
359 5 10
100 102 102 102 102 102 102 99 102 101 
360 16 83
100 98 98 100 102 100 102 98 99 98 
361 86 53
99 101 100 100 102 101 102 99 100 101 
362 3 69
102 100 102 102 100 99 101 102 100 101 
363 24 89
99 101 101 102 98 101 99 99 101 98 
364 65 29
101 98 102 100 101 100 99 98 99 100 
365 52 19
102 102 102 101 102 100 99 100 100 98 
366 18 94
98 98 102 99 99 98 102 99 100 98 
367 85 59
102 98 101 100 102 102 100 101 98 99 
368 12 57
99 98 102 101 100 99 101 100 101 101 
369 56 10
98 102 99 98 100 98 101 101 100 99 
370 24 42
100 98 100 102 102 98 98 98 98 102 
371 51 48
100 102 100 99 102 100 100 99 102 101 
372 17 14
98 102 101 102 98 99 101 102 102 98 
373 94 44
100 99 98 101 98 98 100 98 102 99 
374 42 61
99 101 100 98 102 101 98 99 101 101 
375 59 61
100 99 100 99 99 100 102 101 101 102 
376 94 7
99 101 99 101 102 100 101 98 100 100 
377 23 84
99 100 100 99 101 98 101 98 99 100 
378 2 40
98 100 102 101 101 98 99 102 101 100 
379 13 80
99 101 98 102 98 102 102 101 102 101 
380 100 88
101 98 102 99 100 100 100 100 102 100 
381 74 58
100 102 101 100 100 99 99 101 99 101 
382 35 37
101 99 98 100 102 99 99 98 99 100 
383 4 30
102 99 101 101 101 101 100 100 101 98 
384 100 68
99 98 100 102 102 102 99 102 98 101 
385 9 32
102 99 101 101 101 100 100 100 101 100 
386 71 74
99 100 98 102 100 99 101 99 101 98 
387 46 20
99 101 101 101 99 101 98 101 102 98 
388 32 78
100 98 102 98 100 99 98 101 98 98 
389 25 11
101 102 101 100 98 98 99 101 102 100 
390 58 28
98 100 98 98 100 101 100 100 101 102 
391 20 97
100 98 99 98 100 99 98 99 98 101 
392 29 63
98 99 99 102 101 101 102 102 100 102 
393 100 7
101 101 101 99 102 101 102 100 98 99 
394 10 78
102 102 98 99 102 101 99 102 100 100 
395 62 51
100 98 102 99 99 98 100 99 102 101 
396 71 1
101 102 102 101 100 101 100 101 102 101 
397 31 19
101 99 98 98 98 101 99 102 101 100 
398 1 12
101 102 101 102 102 101 102 100 102 99 
399 18 8
102 100 98 102 98 100 102 98 98 99 
400 24 83
102 102 99 102 101 101 99 99 98 102 
401 18 85
102 100 102 101 101 99 100 102 101 98 
402 64 76
100 98 101 101 99 99 98 101 100 102 
403 43 16
100 101 102 100 102 99 102 101 98 101 
404 90 84
102 99 98 98 99 98 100 102 98 98 
405 60 70
101 99 100 98 98 99 99 98 98 100 
406 50 22
101 98 100 102 101 99 102 98 100 102 
407 48 75
98 102 98 100 100 99 99 98 100 98 
408 92 96
100 102 100 100 99 101 98 102 102 100 
409 41 88
101 98 102 101 99 99 102 99 99 102 
410 47 46
100 100 98 102 101 101 99 98 100 101 
411 70 11
102 102 100 101 102 100 100 102 102 102 
412 43 52
98 101 102 101 100 98 101 99 98 99 
413 22 94
102 102 98 100 98 102 100 102 98 102 
414 35 2
102 101 99 101 100 98 99 101 102 99 
415 22 59
101 100 98 101 101 101 99 100 100 101 
416 57 3
102 102 101 98 98 100 101 99 99 99 
417 81 79
100 101 99 101 102 98 101 98 102 98 
418 34 43
101 100 99 101 98 101 100 98 102 99 
419 53 57
101 98 101 99 102 98 98 99 101 101 
420 12 51
98 99 98 102 100 98 101 100 100 98 
421 48 86
101 98 100 100 99 102 101 99 99 101 
422 81 11
101 98 101 102 98 99 102 99 101 99 
423 76 1
99 102 102 99 99 100 101 102 100 98 
424 84 1
99 99 101 100 100 101 98 98 98 98 
425 95 12
100 98 100 100 101 102 102 100 98 101 
426 29 7
98 99 100 102 101 98 99 102 102 100 
427 74 77
98 101 101 99 99 98 102 98 98 101 
428 3 42
102 99 101 98 99 99 101 102 102 101 
429 69 88
101 100 99 102 102 102 100 102 98 99 
430 43 39
99 101 101 101 99 100 102 99 98 102 
431 59 87
98 101 98 99 99 99 98 100 98 101 
432 19 100
98 99 98 98 100 98 98 98 101 101 
433 1 26
100 98 101 100 102 99 98 100 102 101 
434 46 74
102 99 100 102 102 98 98 102 99 98 
435 12 6
98 99 98 99 99 99 99 98 101 102 
436 38 45
100 101 101 101 99 99 99 100 102 101 
437 59 74
99 101 98 102 98 101 98 99 100 100 
438 60 96
98 98 99 101 99 98 98 101 98 98 
439 87 29
99 98 98 100 98 98 99 99 101 101 
440 7 7
101 101 102 100 98 101 101 99 101 99 
441 97 52
99 101 99 100 99 102 98 100 99 101 
442 33 18
101 101 98 102 101 101 98 101 99 102 
443 27 3
102 99 98 102 100 101 98 98 100 101 
444 73 84
100 98 100 102 98 102 101 101 102 101 
445 35 50
102 99 101 98 100 99 102 99 100 99 
446 96 45
98 100 99 100 98 102 100 98 99 99 
447 12 7
99 102 99 100 102 101 100 98 102 100 
448 7 90
101 100 100 100 102 101 101 99 100 102 
449 89 86
98 100 98 99 101 101 102 102 102 99 
450 40 21
99 99 99 100 98 102 99 98 101 102 
451 3 43
102 98 101 101 102 101 101 100 100 98 
452 19 27
101 101 100 102 99 99 98 100 102 101 
453 10 10
100 101 102 98 100 99 98 101 101 98 
454 47 66
99 100 100 101 100 100 102 101 100 102 
455 50 59
98 102 100 98 102 102 99 99 100 101 
456 45 97
99 99 102 98 99 100 100 102 99 102 
457 34 87
101 102 99 99 101 98 102 99 100 102 
458 64 47
101 102 101 98 100 102 99 102 98 100 
459 47 29
99 101 101 101 102 99 102 100 100 98 
460 24 82
100 98 100 102 102 98 99 100 99 99 
461 85 82
98 98 98 100 102 101 98 100 101 101 
462 56 35
99 99 101 102 101 100 100 99 102 99 
463 46 94
101 101 100 102 102 99 98 102 101 100 
464 99 50
98 102 99 98 102 102 102 101 100 101 
465 25 14
100 99 99 99 102 101 99 100 100 98 
466 92 32
101 100 101 101 99 99 100 102 100 98 
467 85 8
99 102 98 102 102 99 100 99 100 98 
468 55 87
101 100 98 98 100 99 102 100 98 102 
469 56 48
98 100 101 98 100 100 102 102 101 99 
470 71 70
100 102 98 99 102 99 102 100 98 102 
471 66 55
98 102 99 101 101 99 100 98 101 98 
472 6 69
102 102 102 101 98 99 100 100 98 98 
473 4 12
101 100 101 102 101 101 101 102 100 100 
474 30 83
101 99 101 102 101 101 102 100 98 101 
475 43 48
99 100 98 99 102 98 100 102 98 100 
476 74 19
101 102 102 100 99 98 98 99 99 101 
477 51 42
101 102 102 98 102 101 101 98 98 98 
478 34 27
100 100 99 102 98 99 98 101 100 102 
479 11 61
98 100 100 101 100 100 98 101 102 99 
480 14 19
102 99 99 100 101 102 98 99 100 99 
481 63 60
98 100 102 100 102 99 101 102 102 100 
482 65 14
99 99 99 98 100 98 99 102 101 100 
483 89 20
101 101 100 100 100 102 99 100 100 98 
484 62 52
102 99 100 101 101 99 99 98 101 98 
485 6 73
98 101 101 98 98 101 102 102 102 99 
486 34 52
99 98 98 98 100 101 99 99 98 101 
487 42 49
99 98 101 99 98 99 102 100 102 102 
488 70 11
101 102 99 100 100 102 98 101 99 98 
489 49 7
101 99 100 98 102 99 102 101 101 100 
490 50 91
98 98 100 98 98 99 100 98 100 98 
491 68 66
99 102 98 101 102 99 99 102 100 98 
492 56 45
99 99 100 99 98 101 99 99 102 98 
493 34 22
100 98 99 99 100 98 99 101 102 102 
494 49 86
98 102 99 102 98 101 98 101 102 102 
495 51 96
101 99 101 102 100 99 98 99 101 99 
496 10 21
101 101 101 100 100 102 100 102 101 101 
497 59 51
100 99 102 101 98 99 98 101 100 101 
498 18 17
99 102 102 102 100 102 102 98 102 98 
499 68 62
102 102 100 102 98 100 98 102 101 99 

