500 10 34495
0 2 4
124 76 113 87 75 113 78 135 94 104 
1 5 5
53 64 52 91 51 99 67 54 118 129 
2 4 9
72 132 70 70 80 123 54 106 149 69 
3 5 5
133 72 111 129 126 125 94 81 92 148 
4 3 4
97 139 97 117 71 122 136 145 104 56 
5 7 8
81 122 143 81 141 89 57 76 111 119 
6 7 1
146 52 123 88 50 96 83 149 137 82 
7 8 1
55 55 106 61 113 74 50 144 98 96 
8 8 10
135 135 116 149 56 74 91 52 76 64 
9 4 9
62 76 127 102 61 146 114 66 51 70 
10 10 5
146 130 61 94 76 138 134 113 75 52 
11 3 4
76 105 88 54 120 81 132 84 59 109 
12 7 1
106 101 86 59 73 118 76 70 98 87 
13 5 7
127 50 139 105 104 54 88 82 109 126 
14 7 2
109 68 66 119 128 52 139 136 55 128 
15 6 10
96 123 51 96 112 115 122 90 68 63 
16 8 5
119 135 107 79 112 143 60 71 62 128 
17 3 3
131 134 130 88 64 77 117 110 51 118 
18 9 4
136 132 105 106 145 52 130 115 90 87 
19 7 5
81 58 125 145 137 120 139 70 104 119 
20 9 9
98 128 130 51 96 88 115 134 122 122 
21 1 8
77 71 134 117 108 80 71 91 141 98 
22 9 9
68 127 148 74 148 58 142 97 136 74 
23 9 4
64 115 119 136 88 60 56 115 81 140 
24 5 2
123 55 85 114 103 73 92 74 51 142 
25 9 10
102 143 96 89 67 97 74 82 62 143 
26 9 3
53 126 69 136 117 53 130 90 58 65 
27 7 5
88 100 88 89 144 88 141 96 81 139 
28 6 10
86 111 83 51 105 53 105 60 130 125 
29 10 10
128 79 141 89 94 97 55 84 99 93 
30 7 4
83 67 139 115 108 77 116 145 138 101 
31 9 6
104 53 56 136 128 105 135 59 86 126 
32 1 1
73 55 64 122 50 142 117 83 59 107 
33 1 9
86 118 65 74 69 65 122 124 68 128 
34 1 10
135 96 60 71 124 112 103 100 69 69 
35 3 2
62 92 54 123 101 57 91 137 125 58 
36 4 6
125 85 71 96 63 131 97 100 129 107 
37 2 5
121 74 54 140 94 128 111 58 70 67 
38 2 4
74 73 60 102 133 124 149 109 111 70 
39 8 8
103 54 127 83 111 51 89 134 75 145 
40 5 2
123 85 79 96 54 61 71 131 136 82 
41 4 2
108 82 82 69 54 139 96 107 143 126 
42 1 7
127 131 140 104 126 114 126 52 101 107 
43 1 9
70 71 139 56 55 124 130 113 108 62 
44 6 3
52 131 69 97 59 112 104 136 93 94 
45 2 3
111 119 76 114 128 76 122 149 149 63 
46 8 6
137 87 118 95 100 105 109 54 87 129 
47 4 9
143 107 135 138 104 128 110 117 149 136 
48 2 8
114 106 78 114 119 136 71 107 73 91 
49 5 6
147 64 131 136 95 135 134 88 92 71 
50 9 9
101 89 65 100 127 149 130 144 105 58 
51 1 5
96 81 83 72 74 90 97 71 104 131 
52 8 2
116 94 91 110 115 69 59 67 60 126 
53 10 1
125 101 84 80 62 146 57 108 129 90 
54 1 4
130 130 75 136 111 134 87 77 78 80 
55 10 7
100 98 65 62 127 84 102 102 88 88 
56 6 1
136 92 58 115 132 139 119 65 119 96 
57 2 1
80 141 59 109 71 98 55 73 99 70 
58 7 7
56 90 80 94 129 115 144 115 57 105 
59 4 3
146 102 107 115 148 60 97 130 103 58 
60 10 8
58 146 100 107 118 88 85 77 129 68 
61 4 1
133 68 77 93 75 60 135 71 64 144 
62 9 5
106 87 95 60 95 86 87 103 83 89 
63 4 4
128 100 82 59 118 106 69 54 76 148 
64 10 2
111 134 122 77 80 112 142 136 149 87 
65 7 5
123 135 99 108 75 114 114 53 117 146 
66 5 8
102 85 141 80 83 92 131 96 76 55 
67 5 9
117 68 145 116 105 93 112 130 79 114 
68 2 7
130 57 111 97 53 75 85 58 110 128 
69 9 6
71 122 94 149 127 68 110 147 86 105 
70 4 4
100 128 125 81 92 68 87 124 75 148 
71 3 2
125 59 139 85 89 129 83 62 53 127 
72 5 2
97 74 128 85 129 143 80 131 121 55 
73 4 6
126 100 90 51 51 64 132 126 125 73 
74 5 5
105 99 77 108 76 93 141 75 117 71 
75 3 9
117 92 129 140 149 142 106 125 145 98 
76 8 7
112 61 74 87 85 138 53 92 87 132 
77 1 6
75 94 142 142 115 54 92 82 96 72 
78 4 9
64 81 123 111 81 52 107 95 116 132 
79 5 4
72 87 145 110 70 97 77 147 141 70 
80 3 8
74 134 91 73 56 66 71 123 97 96 
81 5 9
51 94 73 117 128 59 70 50 97 65 
82 3 10
112 90 118 56 110 60 113 134 145 106 
83 8 4
123 78 128 122 77 115 53 78 111 128 
84 6 10
138 117 89 85 84 102 56 98 94 124 
85 5 5
87 119 138 134 76 146 87 149 126 118 
86 4 6
83 76 133 144 107 80 135 95 99 126 
87 3 4
130 88 82 74 114 88 78 51 58 67 
88 6 5
115 125 135 143 93 110 99 78 137 134 
89 5 5
117 109 91 118 137 123 102 118 113 86 
90 3 8
76 71 131 84 140 68 70 105 143 55 
91 1 9
116 51 118 55 88 144 51 107 55 92 
92 6 4
117 127 111 80 115 103 59 142 124 92 
93 9 5
111 149 121 56 54 74 145 72 75 65 
94 10 4
60 130 70 65 72 96 58 91 125 71 
95 2 4
125 83 87 51 125 65 68 86 64 139 
96 4 2
63 140 143 141 107 123 56 117 55 129 
97 6 1
127 145 71 54 67 143 147 94 128 84 
98 6 4
52 113 92 66 55 87 137 120 77 83 
99 2 7
108 118 54 113 149 141 93 126 88 67 
100 1 6
112 80 149 90 66 95 143 68 110 137 
101 6 6
74 124 86 53 109 99 90 67 119 146 
102 4 9
137 78 94 75 95 127 83 57 57 82 
103 10 4
79 143 92 92 82 79 57 107 105 145 
104 1 6
147 50 134 116 146 119 137 133 100 133 
105 2 6
110 144 105 69 128 104 93 58 149 87 
106 3 3
68 59 139 123 107 51 90 56 52 127 
107 3 9
96 61 84 146 145 97 94 57 91 149 
108 8 10
55 72 129 55 109 131 139 127 93 80 
109 3 3
81 93 108 135 70 132 134 116 144 120 
110 6 2
67 109 98 60 60 77 131 65 99 63 
111 3 1
96 111 139 91 93 142 143 125 85 53 
112 3 6
136 98 123 82 68 138 75 137 149 75 
113 8 10
103 81 75 104 94 147 65 140 61 54 
114 3 5
146 127 131 133 131 144 88 69 92 114 
115 4 4
102 78 50 54 103 100 63 108 83 88 
116 4 8
138 130 69 149 86 53 55 135 131 137 
117 9 5
83 109 83 77 73 86 90 77 66 143 
118 4 10
145 147 78 78 85 143 107 73 75 126 
119 5 2
82 130 148 63 69 117 129 54 128 62 
120 2 4
50 74 82 66 67 66 87 114 63 67 
121 3 1
60 99 74 85 127 100 99 59 132 97 
122 5 4
116 103 107 94 67 91 99 119 115 132 
123 8 5
100 125 148 113 142 92 113 105 141 89 
124 3 1
92 93 80 74 141 106 128 59 60 137 
125 7 10
78 105 99 143 139 136 129 89 111 127 
126 3 7
69 68 63 112 59 57 133 101 101 115 
127 9 5
71 56 53 133 143 59 113 72 67 62 
128 8 7
148 97 96 62 126 50 120 146 120 85 
129 1 1
92 143 133 143 60 61 89 82 67 145 
130 6 4
106 128 87 123 92 54 82 143 53 80 
131 6 1
80 77 78 51 112 88 83 106 82 66 
132 3 5
78 91 76 147 86 144 110 143 74 147 
133 9 8
104 100 110 107 130 67 87 113 146 115 
134 7 9
106 99 64 90 67 118 84 95 60 111 
135 6 9
105 105 141 129 55 112 148 109 62 108 
136 7 6
77 56 58 73 121 126 131 129 75 98 
137 10 5
66 104 90 128 65 137 127 72 92 70 
138 4 10
132 102 108 97 60 77 94 140 83 54 
139 4 7
130 97 86 55 145 105 149 113 59 141 
140 5 7
80 121 148 75 141 102 74 76 106 133 
141 6 9
112 119 58 145 75 72 101 55 119 89 
142 3 7
145 63 81 106 107 75 83 137 146 133 
143 3 1
137 87 68 93 122 145 112 84 66 120 
144 2 2
142 134 96 63 74 58 131 121 71 63 
145 10 9
88 62 116 137 98 80 129 85 117 99 
146 10 2
94 91 127 110 61 60 51 106 145 149 
147 2 2
57 53 144 130 66 123 109 56 136 127 
148 6 7
57 126 71 77 75 50 120 71 91 98 
149 2 6
108 84 111 55 135 84 126 142 87 120 
150 6 6
94 86 114 132 63 59 118 122 136 139 
151 2 4
92 72 135 133 72 68 138 82 55 51 
152 9 1
138 116 85 75 139 110 81 83 146 145 
153 8 2
106 137 135 144 78 87 108 120 109 145 
154 7 4
63 96 115 120 50 53 111 138 72 98 
155 4 2
58 146 146 106 93 113 119 102 52 104 
156 7 3
141 106 55 52 101 61 85 67 59 51 
157 8 10
106 98 147 128 146 113 91 106 61 87 
158 5 8
102 83 109 104 138 107 139 81 116 144 
159 5 8
55 119 84 64 72 124 126 81 72 75 
160 10 2
138 101 129 102 90 94 61 143 79 72 
161 8 10
129 86 51 95 80 85 65 137 106 51 
162 5 10
125 80 60 100 105 121 71 146 124 102 
163 9 6
98 109 58 128 131 57 97 62 146 98 
164 1 9
85 75 68 142 128 122 73 104 104 83 
165 5 10
106 127 107 133 131 107 148 80 118 108 
166 1 2
67 57 64 63 58 126 94 93 103 112 
167 8 2
84 60 135 138 145 91 99 102 120 57 
168 8 3
66 135 132 135 145 92 136 62 51 102 
169 9 10
78 72 55 131 134 142 115 120 105 100 
170 1 1
94 61 104 64 120 91 116 137 128 50 
171 3 4
92 108 88 146 61 118 55 141 140 112 
172 4 7
57 88 98 112 90 60 114 86 71 69 
173 4 5
110 119 81 141 72 105 114 66 63 104 
174 3 7
72 120 70 114 82 143 92 89 133 92 
175 4 6
102 68 114 76 87 117 120 99 138 51 
176 1 1
106 107 77 71 61 141 100 136 111 120 
177 3 5
65 95 135 100 89 89 127 142 107 91 
178 9 7
110 138 145 99 91 86 61 99 95 140 
179 3 7
132 122 144 93 144 147 87 59 144 125 
180 2 4
64 139 127 73 132 145 119 145 85 66 
181 5 9
54 57 127 99 148 102 108 82 74 102 
182 6 10
51 115 130 97 90 94 83 56 135 60 
183 10 8
108 100 112 95 116 108 124 121 68 53 
184 1 7
105 80 50 82 133 77 53 86 142 85 
185 5 5
129 67 92 114 129 121 134 87 123 148 
186 4 1
107 59 61 125 114 133 93 122 64 145 
187 5 10
72 109 87 117 144 123 101 124 92 96 
188 1 3
119 124 61 93 123 96 133 132 105 96 
189 8 3
131 102 94 97 97 50 98 71 109 136 
190 9 4
61 90 129 104 88 120 78 57 94 89 
191 1 8
136 135 101 143 81 110 115 115 62 111 
192 5 2
111 63 83 70 101 123 124 112 115 103 
193 9 4
73 146 61 70 138 111 139 76 97 91 
194 2 1
51 139 97 116 100 62 79 62 75 64 
195 5 9
138 108 140 103 114 109 107 89 57 118 
196 2 8
131 51 75 130 92 147 61 145 136 60 
197 4 9
72 93 50 149 107 135 77 147 145 120 
198 2 2
79 58 101 138 78 112 138 59 65 63 
199 1 10
60 103 55 98 65 120 87 88 63 139 
200 10 4
76 67 70 72 137 73 83 118 133 86 
201 9 2
101 146 123 116 60 65 126 122 70 83 
202 2 6
53 108 75 119 149 65 142 76 134 114 
203 9 2
90 83 141 73 72 101 137 123 98 110 
204 2 9
77 117 80 97 102 53 132 106 63 110 
205 8 4
125 71 89 109 135 89 132 127 74 75 
206 2 7
126 138 121 74 50 113 84 129 132 67 
207 7 6
70 110 93 84 70 70 97 145 91 88 
208 7 9
127 90 106 103 115 59 50 92 99 73 
209 9 2
136 103 130 71 120 56 58 92 68 101 
210 7 2
73 125 88 66 63 95 96 92 135 104 
211 7 4
113 98 95 62 73 113 115 60 118 95 
212 4 1
53 141 83 72 92 111 63 67 87 101 
213 4 3
98 129 147 136 84 95 139 99 95 84 
214 5 9
99 129 80 120 75 63 110 130 54 95 
215 3 9
57 117 65 146 121 50 100 69 82 149 
216 8 9
94 96 117 91 130 83 60 132 63 142 
217 3 1
56 114 120 112 60 75 111 119 94 78 
218 8 6
131 117 137 63 117 94 133 113 141 100 
219 6 4
134 117 107 99 109 111 89 115 76 111 
220 1 9
136 143 59 81 71 76 148 104 143 135 
221 10 3
132 52 78 75 103 83 50 139 50 108 
222 1 2
69 131 79 147 92 59 87 79 52 96 
223 3 6
122 60 80 68 98 99 132 80 102 60 
224 8 8
93 57 148 145 115 138 109 87 119 138 
225 5 4
147 122 142 149 120 54 76 93 117 106 
226 4 6
108 145 147 60 56 54 69 51 61 67 
227 10 10
107 58 116 128 146 102 91 95 126 136 
228 7 8
92 72 140 59 129 53 126 139 100 123 
229 10 9
79 120 60 143 89 61 72 146 69 90 
230 7 8
142 69 62 119 55 58 118 50 80 108 
231 2 2
63 88 100 65 113 51 74 143 121 136 
232 9 1
147 110 108 66 50 86 133 94 106 145 
233 6 4
105 83 63 135 93 77 149 58 115 99 
234 5 1
101 50 75 124 136 113 135 133 73 145 
235 2 6
82 84 122 90 131 139 103 86 73 69 
236 4 9
96 122 129 113 72 105 93 75 105 119 
237 10 2
82 86 126 58 82 77 85 66 63 109 
238 7 5
99 111 132 122 130 57 92 76 130 71 
239 2 5
126 135 81 81 56 80 74 140 69 102 
240 9 2
129 136 69 94 95 125 140 144 86 122 
241 9 10
82 111 97 62 132 139 68 61 124 99 
242 5 3
81 69 72 100 73 123 103 53 109 74 
243 8 7
149 140 53 138 112 71 107 96 84 54 
244 9 10
143 78 130 69 79 124 101 111 95 76 
245 4 10
149 119 74 60 143 73 116 95 63 119 
246 6 9
93 92 124 127 148 135 96 94 63 76 
247 6 4
103 69 106 148 95 121 69 146 142 93 
248 7 9
69 74 133 82 144 70 110 139 112 137 
249 7 3
122 115 106 87 141 122 82 146 93 138 
250 6 9
62 116 134 54 60 140 92 79 116 127 
251 4 3
147 76 51 61 63 118 74 87 83 82 
252 7 7
54 109 123 149 149 70 137 61 88 73 
253 9 9
115 60 79 82 138 145 94 87 71 96 
254 10 7
116 123 125 101 55 51 129 112 110 54 
255 2 3
126 51 125 65 74 93 65 140 56 95 
256 3 7
142 68 133 63 114 82 101 132 107 76 
257 6 6
129 115 79 90 71 92 54 148 93 129 
258 4 1
73 78 60 79 75 134 125 67 104 60 
259 3 2
93 135 103 102 113 89 117 93 106 146 
260 4 8
89 89 125 84 68 90 104 143 119 66 
261 5 7
50 51 66 57 62 100 128 57 86 81 
262 10 10
72 77 92 80 125 127 58 116 118 85 
263 2 8
126 105 82 147 122 57 145 74 58 61 
264 2 3
64 111 129 100 143 89 51 117 68 146 
265 9 4
75 56 62 144 143 63 83 71 70 115 
266 1 5
122 116 119 83 79 102 55 93 64 87 
267 6 10
126 149 76 96 145 74 89 122 132 53 
268 7 9
66 149 99 87 115 70 131 139 88 52 
269 5 10
57 82 65 123 119 110 82 147 61 60 
270 4 7
137 84 81 71 88 147 99 104 99 101 
271 4 7
73 127 57 63 129 132 82 88 116 97 
272 2 6
110 145 82 121 108 125 80 95 59 111 
273 9 10
60 118 56 109 121 99 75 144 76 83 
274 8 9
117 141 98 83 89 62 70 101 57 102 
275 3 6
129 54 112 90 67 131 90 78 51 96 
276 8 3
97 115 68 76 100 127 86 67 118 134 
277 1 10
146 120 60 54 124 135 71 55 91 134 
278 6 10
115 87 137 116 85 76 140 133 141 58 
279 10 2
135 95 60 55 131 62 115 128 84 77 
280 5 1
114 57 115 56 141 61 115 58 50 54 
281 7 7
132 66 69 124 126 130 117 63 75 80 
282 10 7
92 86 86 127 113 120 87 78 128 105 
283 7 2
68 53 132 68 57 110 104 139 79 75 
284 6 6
55 85 69 132 115 88 91 109 76 127 
285 9 10
50 128 119 128 83 57 101 101 60 83 
286 2 10
96 126 109 125 103 76 130 109 63 101 
287 4 1
91 84 140 117 62 128 107 62 58 128 
288 3 2
136 95 94 146 81 116 116 127 144 127 
289 3 8
105 82 108 119 134 102 101 127 136 91 
290 6 1
122 104 64 130 82 106 124 68 52 68 
291 8 6
86 135 112 80 64 64 80 71 148 138 
292 1 5
142 144 62 81 85 107 131 109 61 146 
293 3 6
54 68 116 108 86 135 93 75 120 55 
294 6 7
121 87 107 72 128 50 106 120 144 70 
295 2 2
127 85 91 90 133 135 138 137 53 104 
296 9 2
89 91 66 111 149 74 147 72 111 104 
297 5 10
104 51 112 50 71 65 132 101 100 125 
298 4 6
110 81 75 113 87 73 56 78 66 125 
299 10 6
149 88 88 62 95 132 54 101 85 68 
300 3 8
83 84 110 86 59 53 71 71 137 96 
301 5 7
71 92 55 88 67 96 103 118 87 93 
302 2 3
76 87 83 63 105 87 120 138 121 132 
303 5 3
88 148 103 127 146 139 103 68 82 60 
304 7 10
107 111 120 144 55 101 78 133 90 63 
305 7 6
101 69 85 72 51 62 57 89 60 110 
306 7 7
52 72 126 84 82 82 85 139 144 55 
307 6 10
58 65 84 98 79 80 93 130 99 81 
308 5 2
93 111 92 55 124 61 61 126 83 90 
309 3 6
122 147 57 68 105 144 119 65 60 53 
310 5 2
84 109 121 133 140 127 136 135 141 131 
311 1 6
142 104 143 127 144 105 144 68 54 51 
312 8 10
98 108 125 60 112 141 51 98 52 74 
313 4 4
51 72 128 94 53 71 59 145 125 52 
314 3 10
59 116 137 64 70 126 123 70 85 50 
315 1 10
93 133 99 96 109 82 141 62 104 71 
316 8 10
92 116 54 67 71 78 88 80 145 128 
317 5 8
104 120 137 91 72 119 92 116 54 93 
318 5 4
78 105 125 132 126 134 142 121 53 98 
319 1 5
127 129 56 74 107 53 93 113 123 80 
320 8 8
101 101 115 57 145 79 120 73 86 147 
321 8 6
132 51 86 135 52 126 111 129 57 69 
322 6 5
72 148 130 97 130 139 145 133 90 62 
323 1 8
144 62 112 80 59 70 145 93 123 133 
324 1 6
62 143 56 69 63 111 86 85 61 66 
325 6 4
55 132 76 147 144 66 87 138 130 149 
326 2 1
69 68 135 95 52 68 70 116 61 77 
327 6 7
90 71 114 54 139 149 97 96 131 124 
328 7 6
92 83 66 73 82 89 115 54 107 52 
329 10 2
70 119 127 134 98 65 110 91 138 74 
330 6 9
125 142 126 106 68 122 134 63 55 102 
331 9 1
141 55 144 50 109 93 62 130 114 91 
332 7 6
106 126 56 147 103 53 125 78 97 101 
333 8 7
74 71 81 131 123 121 121 66 126 115 
334 7 6
110 130 117 127 124 85 92 132 62 50 
335 10 8
53 104 147 100 108 84 118 84 57 101 
336 6 3
72 89 98 100 106 67 88 67 147 55 
337 7 2
91 138 104 55 90 135 124 145 90 121 
338 6 1
56 116 134 115 67 101 148 90 140 96 
339 3 8
65 130 66 63 88 112 86 81 52 92 
340 9 3
78 112 87 70 135 84 120 93 102 56 
341 10 1
59 57 112 102 55 54 149 71 87 117 
342 7 6
131 72 56 133 67 96 127 95 58 116 
343 8 6
50 137 139 103 95 148 125 104 107 139 
344 7 3
143 107 133 132 126 71 107 107 94 65 
345 1 4
111 67 108 71 133 77 117 86 64 106 
346 2 2
56 66 115 113 107 74 127 100 131 63 
347 4 9
84 92 65 80 60 58 93 121 127 103 
348 6 4
130 114 99 96 70 92 107 128 108 73 
349 4 8
97 120 67 130 133 52 140 68 147 108 
350 9 8
116 142 80 93 147 77 106 128 141 107 
351 5 4
149 132 91 59 107 84 126 106 107 96 
352 7 1
98 77 60 147 135 61 106 53 53 137 
353 7 1
116 105 80 108 62 105 71 62 87 113 
354 2 5
99 100 100 56 146 88 149 146 67 59 
355 5 5
70 100 107 125 139 106 78 106 61 108 
356 7 6
115 137 137 52 100 111 98 102 61 100 
357 1 8
91 59 53 108 121 99 63 93 102 72 
358 2 4
80 101 51 91 111 117 119 77 105 106 
359 2 8
119 132 59 82 82 70 89 123 131 145 
360 5 5
146 99 98 50 121 69 144 52 72 145 
361 6 4
113 114 60 120 123 94 77 144 76 139 
362 8 1
111 68 86 144 115 70 149 112 119 97 
363 3 3
68 58 96 90 54 144 73 69 60 136 
364 10 4
80 118 128 106 59 55 68 120 73 104 
365 6 10
76 114 53 97 113 67 90 83 76 88 
366 4 1
82 98 51 145 84 92 128 114 60 58 
367 3 1
63 93 92 139 147 109 80 74 125 135 
368 4 9
52 65 121 78 104 146 60 88 95 61 
369 4 10
55 114 146 66 122 70 138 88 65 132 
370 10 4
144 111 139 119 96 62 110 98 78 133 
371 10 5
130 141 74 127 53 108 58 110 124 106 
372 7 7
127 66 134 142 101 65 107 95 126 148 
373 5 3
113 76 73 93 60 54 127 92 145 51 
374 10 1
61 129 61 135 86 89 134 115 58 70 
375 10 10
86 69 106 62 67 72 137 130 99 112 
376 6 2
116 102 103 63 56 74 114 119 53 77 
377 6 2
68 89 106 76 109 116 87 97 135 143 
378 1 5
66 149 137 67 111 112 78 129 117 83 
379 3 6
59 58 144 114 137 99 106 56 90 62 
380 5 3
80 72 149 117 117 61 72 85 60 111 
381 3 4
73 82 52 92 67 97 117 76 57 112 
382 2 6
113 149 51 54 61 87 58 144 109 57 
383 4 10
121 137 64 131 98 69 107 74 53 109 
384 7 2
108 84 97 116 98 140 111 61 139 64 
385 8 4
101 125 149 113 85 62 144 56 50 58 
386 10 9
129 146 74 133 58 141 106 116 127 53 
387 3 6
96 143 138 85 109 58 90 113 133 89 
388 7 1
102 70 78 102 130 118 102 62 66 127 
389 8 5
70 53 141 99 108 125 76 54 71 64 
390 3 1
72 82 93 108 122 71 130 126 91 59 
391 9 5
79 82 136 147 111 83 72 131 138 115 
392 1 7
142 58 53 63 73 145 144 147 129 139 
393 8 2
61 138 77 54 99 57 128 80 142 66 
394 8 4
51 51 137 139 116 119 138 109 128 141 
395 3 4
136 68 100 67 58 60 119 121 100 98 
396 6 10
58 56 131 50 72 58 55 126 60 142 
397 6 9
112 103 89 142 146 114 95 84 132 97 
398 3 3
107 123 63 57 71 91 108 79 97 141 
399 2 10
50 137 147 112 129 113 140 143 118 132 
400 8 6
96 132 101 130 80 53 73 89 126 138 
401 10 1
79 107 129 78 99 111 100 51 98 97 
402 4 10
60 55 75 81 137 112 98 135 147 149 
403 7 10
105 91 68 81 79 67 131 61 77 63 
404 10 9
124 139 131 124 87 146 55 149 51 80 
405 3 2
95 80 76 92 132 94 71 87 135 141 
406 9 8
59 52 128 138 65 119 66 91 61 147 
407 8 1
143 122 149 96 105 84 89 102 114 68 
408 7 7
112 117 133 50 108 54 117 69 56 95 
409 10 4
116 125 64 127 74 83 127 119 107 79 
410 9 5
113 57 66 129 127 112 76 142 131 111 
411 3 3
67 109 61 125 106 121 98 72 148 64 
412 1 6
97 127 146 55 108 114 119 71 74 88 
413 2 2
50 129 143 132 142 87 76 60 146 87 
414 6 3
110 136 125 61 50 77 88 50 106 84 
415 8 6
101 76 138 125 66 139 78 67 70 124 
416 2 4
61 127 73 110 116 110 114 129 96 89 
417 1 10
68 130 149 125 64 106 92 67 84 80 
418 5 2
70 123 70 90 149 121 55 112 50 78 
419 5 9
91 89 147 137 128 89 136 99 69 135 
420 5 7
91 116 53 78 146 98 129 118 123 149 
421 2 5
72 116 88 124 97 63 142 138 102 92 
422 6 3
131 64 81 103 101 57 141 143 75 96 
423 2 5
96 102 92 121 101 105 145 123 124 84 
424 8 2
149 141 59 101 83 86 83 117 52 67 
425 3 5
126 113 149 52 111 70 126 58 74 120 
426 10 6
128 77 50 102 63 149 123 62 92 84 
427 6 7
72 50 145 75 67 117 129 144 132 128 
428 9 4
100 126 53 124 96 85 51 74 64 103 
429 7 8
102 51 141 144 85 56 72 108 56 67 
430 4 5
134 112 120 68 142 120 112 92 96 67 
431 7 3
54 67 119 68 120 147 95 124 149 86 
432 1 7
92 93 146 51 62 129 75 99 143 97 
433 8 6
119 131 77 65 149 145 109 53 114 130 
434 5 7
128 69 110 79 58 83 65 52 78 62 
435 4 1
93 130 139 139 129 59 76 98 140 56 
436 4 2
51 73 147 68 53 121 54 83 92 67 
437 3 1
100 80 103 128 144 58 120 139 139 62 
438 9 9
71 107 67 113 113 82 55 66 105 52 
439 5 2
75 89 146 117 58 109 68 108 91 73 
440 9 6
81 60 74 122 124 105 91 145 62 60 
441 2 8
92 66 93 100 120 80 63 145 71 59 
442 5 10
118 134 89 59 57 77 146 141 139 123 
443 4 5
78 106 61 142 116 72 69 111 140 112 
444 4 1
142 126 57 115 135 124 144 56 108 83 
445 8 7
62 114 59 52 87 74 116 67 131 127 
446 10 10
102 78 62 92 92 125 105 137 101 64 
447 3 8
138 97 93 97 82 112 115 95 76 124 
448 8 6
100 115 82 81 144 91 133 96 71 145 
449 2 5
121 146 101 72 112 53 61 101 52 56 
450 1 6
119 65 130 97 91 129 113 141 94 97 
451 6 1
139 60 87 60 55 128 76 78 76 127 
452 4 9
83 64 141 85 123 91 72 144 58 104 
453 2 2
83 106 95 79 54 70 70 95 132 59 
454 8 8
137 84 118 115 113 121 55 146 87 147 
455 5 1
88 108 54 149 63 148 50 96 104 95 
456 7 1
67 98 105 149 107 65 89 146 51 57 
457 2 5
128 116 63 65 113 99 128 104 57 84 
458 4 1
82 103 69 89 101 97 99 118 145 107 
459 9 3
74 57 50 75 116 111 91 94 129 104 
460 2 6
105 139 51 65 126 104 137 110 109 56 
461 10 1
55 51 129 50 60 149 54 84 108 54 
462 10 5
67 50 70 99 57 81 94 112 123 95 
463 8 2
101 115 111 60 73 111 123 79 112 54 
464 10 3
53 136 56 63 92 67 87 62 67 59 
465 2 7
142 107 89 115 104 66 116 55 83 130 
466 8 8
91 90 136 105 146 117 129 149 55 87 
467 5 9
104 103 110 73 112 123 50 105 80 141 
468 3 7
109 141 143 143 121 110 52 114 103 138 
469 10 10
57 148 51 63 137 115 111 143 69 123 
470 7 2
148 118 138 130 109 111 66 69 54 59 
471 5 6
71 116 89 124 56 60 74 63 110 127 
472 7 8
92 89 90 111 114 58 145 112 127 85 
473 3 9
98 60 57 102 69 121 129 91 139 68 
474 8 6
130 93 59 90 70 137 89 113 129 129 
475 7 4
90 73 108 67 109 102 55 109 65 115 
476 3 7
138 141 77 128 112 97 123 92 140 132 
477 6 2
72 124 76 51 56 52 146 96 128 56 
478 6 10
109 122 98 124 87 110 110 76 54 90 
479 5 9
89 79 110 79 62 97 142 136 72 68 
480 8 1
123 133 128 101 140 143 142 51 67 90 
481 8 8
103 89 83 107 81 139 125 120 120 137 
482 1 3
85 142 70 59 113 57 91 86 93 69 
483 10 6
114 81 88 83 73 115 90 126 54 75 
484 6 9
116 62 108 87 50 60 121 137 105 142 
485 9 9
149 91 56 144 110 95 129 126 78 67 
486 10 2
84 52 130 141 77 115 129 144 128 87 
487 2 1
98 104 119 53 96 67 123 148 108 129 
488 3 1
126 74 148 54 91 109 57 78 111 137 
489 10 2
55 148 85 133 137 68 115 85 122 84 
490 1 2
101 113 119 111 92 111 81 120 135 131 
491 7 10
90 84 57 52 123 128 145 128 126 80 
492 4 4
50 128 101 74 62 91 97 65 107 66 
493 7 2
80 109 72 65 90 98 96 131 84 55 
494 6 9
133 80 88 109 62 102 125 114 132 76 
495 1 6
69 138 112 126 106 89 78 136 100 52 
496 3 2
100 50 74 135 56 61 95 139 143 133 
497 2 6
137 126 71 120 104 111 67 75 51 129 
498 5 9
120 84 94 71 86 148 114 136 149 90 
499 4 8
101 70 96 94 54 149 51 93 77 72 

