500 10 9950
0 2 4
99 101 98 102 100 98 103 100 99 99 
1 5 5
98 99 97 96 96 104 102 99 103 104 
2 4 9
97 97 95 95 95 98 99 101 104 104 
3 5 5
98 97 96 104 101 100 99 96 97 103 
4 3 4
102 104 102 102 96 97 101 100 99 101 
5 7 8
96 97 98 96 96 104 102 101 96 104 
6 7 1
101 97 98 103 95 101 98 104 102 97 
7 8 1
100 100 101 96 98 99 95 99 103 101 
8 8 10
100 100 101 104 101 99 96 97 101 99 
9 4 9
97 101 102 97 96 101 99 101 96 95 
10 10 5
101 95 96 99 101 103 99 98 100 97 
11 3 4
101 100 103 99 95 96 97 99 104 104 
12 7 1
101 96 101 104 98 103 101 95 103 102 
13 5 7
102 95 104 100 99 99 103 97 104 101 
14 7 2
104 103 101 104 103 97 104 101 100 103 
15 6 10
101 98 96 101 97 100 97 95 103 98 
16 8 5
104 100 102 104 97 98 95 96 97 103 
17 3 3
96 99 95 103 99 102 102 95 96 103 
18 9 4
101 97 100 101 100 97 95 100 95 102 
19 7 5
96 103 100 100 102 95 104 95 99 104 
20 9 9
103 103 95 96 101 103 100 99 97 97 
21 1 8
102 96 99 102 103 95 96 96 96 103 
22 9 9
103 102 103 99 103 103 97 102 101 99 
23 9 4
99 100 104 101 103 95 101 100 96 95 
24 5 2
98 100 100 99 98 98 97 99 96 97 
25 9 10
97 98 101 104 102 102 99 97 97 98 
26 9 3
98 101 104 101 102 98 95 95 103 100 
27 7 5
103 95 103 104 99 103 96 101 96 104 
28 6 10
101 96 98 96 100 98 100 95 95 100 
29 10 10
103 104 96 104 99 102 100 99 104 98 
30 7 4
98 102 104 100 103 102 101 100 103 96 
31 9 6
99 98 101 101 103 100 100 104 101 101 
32 1 1
98 100 99 97 95 97 102 98 104 102 
33 1 9
101 103 100 99 104 100 97 99 103 103 
34 1 10
100 101 95 96 99 97 98 95 104 104 
35 3 2
97 97 99 98 96 102 96 102 100 103 
36 4 6
100 100 96 101 98 96 102 95 104 102 
37 2 5
96 99 99 95 99 103 96 103 95 102 
38 2 4
99 98 95 97 98 99 104 104 96 95 
39 8 8
98 99 102 98 96 96 104 99 100 100 
40 5 2
98 100 104 101 99 96 96 96 101 97 
41 4 2
103 97 97 104 99 104 101 102 98 101 
42 1 7
102 96 95 99 101 99 101 97 96 102 
43 1 9
95 96 104 101 100 99 95 98 103 97 
44 6 3
97 96 104 102 104 97 99 101 98 99 
45 2 3
96 104 101 99 103 101 97 104 104 98 
46 8 6
102 102 103 100 95 100 104 99 102 104 
47 4 9
98 102 100 103 99 103 95 102 104 101 
48 2 8
99 101 103 99 104 101 96 102 98 96 
49 5 6
102 99 96 101 100 100 99 103 97 96 
50 9 9
96 104 100 95 102 104 95 99 100 103 
51 1 5
101 96 98 97 99 95 102 96 99 96 
52 8 2
101 99 96 95 100 104 104 102 95 101 
53 10 1
100 96 99 95 97 101 102 103 104 95 
54 1 4
95 95 100 101 96 99 102 102 103 95 
55 10 7
95 103 100 97 102 99 97 97 103 103 
56 6 1
101 97 103 100 97 104 104 100 104 101 
57 2 1
95 96 104 104 96 103 100 98 104 95 
58 7 7
101 95 95 99 104 100 99 100 102 100 
59 4 3
101 97 102 100 103 95 102 95 98 103 
60 10 8
103 101 95 102 103 103 100 102 104 103 
61 4 1
98 103 102 98 100 95 100 96 99 99 
62 9 5
101 102 100 95 100 101 102 98 98 104 
63 4 4
103 95 97 104 103 101 104 99 101 103 
64 10 2
96 99 97 102 95 97 97 101 104 102 
65 7 5
98 100 104 103 100 99 99 98 102 101 
66 5 8
97 100 96 95 98 97 96 101 101 100 
67 5 9
102 103 100 101 100 98 97 95 104 99 
68 2 7
95 102 96 102 98 100 100 103 95 103 
69 9 6
96 97 99 104 102 103 95 102 101 100 
70 4 4
95 103 100 96 97 103 102 99 100 103 
71 3 2
100 104 104 100 104 104 98 97 98 102 
72 5 2
102 99 103 100 104 98 95 96 96 100 
73 4 6
101 95 95 96 96 99 97 101 100 98 
74 5 5
100 104 102 103 101 98 96 100 102 96 
75 3 9
102 97 104 95 104 97 101 100 100 103 
76 8 7
97 96 99 102 100 103 98 97 102 97 
77 1 6
100 99 97 97 100 99 97 97 101 97 
78 4 9
99 96 98 96 96 97 102 100 101 97 
79 5 4
97 102 100 95 95 102 102 102 96 95 
80 3 8
99 99 96 98 101 101 96 98 102 101 
81 5 9
96 99 98 102 103 104 95 95 102 100 
82 3 10
97 95 103 101 95 95 98 99 100 101 
83 8 4
98 103 103 97 102 100 98 103 96 103 
84 6 10
103 102 104 100 99 97 101 103 99 99 
85 5 5
102 104 103 99 101 101 102 104 101 103 
86 4 6
98 101 98 99 102 95 100 100 104 101 
87 3 4
95 103 97 99 99 103 103 96 103 102 
88 6 5
100 100 100 98 98 95 104 103 102 99 
89 5 5
102 104 96 103 102 98 97 103 98 101 
90 3 8
101 96 96 99 95 103 95 100 98 100 
91 1 9
101 96 103 100 103 99 96 102 100 97 
92 6 4
102 102 96 95 100 98 104 97 99 97 
93 9 5
96 104 96 101 99 99 100 97 100 100 
94 10 4
95 95 95 100 97 101 103 96 100 96 
95 2 4
100 98 102 96 100 100 103 101 99 104 
96 4 2
98 95 98 96 102 98 101 102 100 104 
97 6 1
102 100 96 99 102 98 102 99 103 99 
98 6 4
97 98 97 101 100 102 102 95 102 98 
99 2 7
103 103 99 98 104 96 98 101 103 102 
100 1 6
97 95 104 95 101 100 98 103 95 102 
101 6 6
99 99 101 98 104 104 95 102 104 101 
102 4 9
102 103 99 100 100 102 98 102 102 97 
103 10 4
104 98 97 97 97 104 102 102 100 100 
104 1 6
102 95 99 101 101 104 102 98 95 98 
105 2 6
95 99 100 104 103 99 98 103 104 102 
106 3 3
103 104 104 98 102 96 95 101 97 102 
107 3 9
101 96 99 101 100 102 99 102 96 104 
108 8 10
100 97 104 100 104 96 104 102 98 95 
109 3 3
96 98 103 100 95 97 99 101 99 95 
110 6 2
102 104 103 95 95 102 96 100 104 98 
111 3 1
101 96 104 96 98 97 98 100 100 98 
112 3 6
101 103 98 97 103 103 100 102 104 100 
113 8 10
98 96 100 99 99 102 100 95 96 99 
114 3 5
101 102 96 98 96 99 103 104 97 99 
115 4 4
97 103 95 99 98 95 98 103 98 103 
116 4 8
103 95 104 104 101 98 100 100 96 102 
117 9 5
98 104 98 102 98 101 95 102 101 98 
118 4 10
100 102 103 103 100 98 102 98 100 101 
119 5 2
97 95 103 98 104 102 104 99 103 97 
120 2 4
95 99 97 101 102 101 102 99 98 102 
121 3 1
95 104 99 100 102 95 104 104 97 102 
122 5 4
101 98 102 99 102 96 104 104 100 97 
123 8 5
95 100 103 98 97 97 98 100 96 104 
124 3 1
97 98 95 99 96 101 103 104 95 102 
125 7 10
103 100 104 98 104 101 104 104 96 102 
126 3 7
104 103 98 97 104 102 98 96 96 100 
127 9 5
96 101 98 98 98 104 98 97 102 97 
128 8 7
103 102 101 97 101 95 95 101 95 100 
129 1 1
97 98 98 98 95 96 104 97 102 100 
130 6 4
101 103 102 98 97 99 97 98 98 95 
131 6 1
95 102 103 96 97 103 98 101 97 101 
132 3 5
103 96 101 102 101 99 95 98 99 102 
133 9 8
99 95 95 102 95 102 102 98 101 100 
134 7 9
101 104 99 95 102 103 99 100 95 96 
135 6 9
100 100 96 104 100 97 103 104 97 103 
136 7 6
102 101 103 98 96 101 96 104 100 103 
137 10 5
101 99 95 103 100 102 102 97 97 95 
138 4 10
97 97 103 102 95 102 99 95 98 99 
139 4 7
95 102 101 100 100 100 104 98 104 96 
140 5 7
95 96 103 100 96 97 99 101 101 98 
141 6 9
97 104 103 100 100 97 96 100 104 104 
142 3 7
100 98 96 101 102 100 98 102 101 98 
143 3 1
102 102 103 98 97 100 97 99 101 95 
144 2 2
97 99 101 98 99 103 96 96 96 98 
145 10 9
103 97 101 102 103 95 104 100 102 104 
146 10 2
99 96 102 95 96 95 96 101 100 104 
147 2 2
102 98 99 95 101 98 104 101 101 102 
148 6 7
102 101 96 102 100 95 95 96 96 103 
149 2 6
103 99 96 100 100 99 101 97 102 95 
150 6 6
99 101 99 97 98 104 103 97 101 104 
151 2 4
97 97 100 98 97 103 103 97 100 96 
152 9 1
103 101 100 100 104 95 96 98 101 100 
153 8 2
101 102 100 99 103 102 103 95 104 100 
154 7 4
98 101 100 95 95 98 96 103 97 103 
155 4 2
103 101 101 101 98 98 104 97 97 99 
156 7 3
96 101 100 97 96 96 100 102 104 96 
157 8 10
101 103 102 103 101 98 96 101 96 102 
158 5 8
97 98 104 99 103 102 104 96 101 99 
159 5 8
100 104 99 99 97 99 101 96 97 100 
160 10 2
103 96 104 97 95 99 96 98 104 97 
161 8 10
104 101 96 100 95 100 100 102 101 96 
162 5 10
100 95 95 95 100 96 96 101 99 97 
163 9 6
103 104 103 103 96 102 102 97 101 103 
164 1 9
100 100 103 97 103 97 98 99 99 98 
165 5 10
101 102 102 98 96 102 103 95 103 103 
166 1 2
102 102 99 98 103 101 99 98 98 97 
167 8 2
99 95 100 103 100 96 104 97 95 102 
168 8 3
101 100 97 100 100 97 101 97 96 97 
169 9 10
103 97 100 96 99 97 100 95 100 95 
170 1 1
99 96 99 99 95 96 101 102 103 95 
171 3 4
97 103 103 101 96 103 100 96 95 97 
172 4 7
102 103 103 97 95 95 99 101 96 104 
173 4 5
95 104 96 96 97 100 99 101 98 99 
174 3 7
97 95 95 99 97 98 97 104 98 97 
175 4 6
97 103 99 101 102 102 95 104 103 96 
176 1 1
101 102 102 96 96 96 95 101 96 95 
177 3 5
100 100 100 95 104 104 102 97 102 96 
178 9 7
95 103 100 104 96 101 96 104 100 95 
179 3 7
97 97 99 98 99 102 102 104 99 100 
180 2 4
99 104 102 98 97 100 104 100 100 101 
181 5 9
99 102 102 104 103 97 103 97 99 97 
182 6 10
96 100 95 102 95 99 98 101 100 95 
183 10 8
103 95 97 100 101 103 99 96 103 98 
184 1 7
100 95 95 97 98 102 98 101 97 100 
185 5 5
104 102 97 99 104 96 99 102 98 103 
186 4 1
102 104 96 100 99 98 98 97 99 100 
187 5 10
97 104 102 102 99 98 96 99 97 101 
188 1 3
104 99 96 98 98 101 98 97 100 101 
189 8 3
96 97 99 102 102 95 103 96 104 101 
190 9 4
96 95 104 99 103 95 103 102 99 104 
191 1 8
101 100 96 98 96 95 100 100 97 96 
192 5 2
96 98 98 95 96 98 99 97 100 98 
193 9 4
98 101 96 95 103 96 104 101 102 96 
194 2 1
96 104 102 101 95 97 104 97 100 99 
195 5 9
103 103 95 98 99 104 102 104 102 103 
196 2 8
96 96 100 95 97 102 96 100 101 95 
197 4 9
97 98 95 104 102 100 102 102 100 95 
198 2 2
104 103 96 103 103 97 103 104 100 98 
199 1 10
95 98 100 103 100 95 102 103 98 104 
200 10 4
101 102 95 97 102 98 98 103 98 101 
201 9 2
96 101 98 101 95 100 101 97 95 98 
202 2 6
98 103 100 104 104 100 97 101 99 99 
203 9 2
95 98 96 98 97 96 102 98 103 95 
204 2 9
102 102 95 102 97 98 97 101 98 95 
205 8 4
100 96 104 104 100 104 97 102 99 100 
206 2 7
101 103 96 99 95 98 99 104 97 102 
207 7 6
95 95 98 99 95 95 102 100 96 103 
208 7 9
102 95 101 98 100 104 95 97 104 98 
209 9 2
101 98 95 96 95 101 103 97 103 96 
210 7 2
98 100 103 101 98 100 101 97 100 99 
211 7 4
98 103 100 97 98 98 100 95 103 100 
212 4 1
98 96 98 97 97 96 98 102 102 96 
213 4 3
103 104 102 101 99 100 104 104 100 99 
214 5 9
104 104 95 95 100 98 95 95 99 100 
215 3 9
102 102 100 101 96 95 95 104 97 104 
216 8 9
99 101 102 96 95 98 95 97 98 97 
217 3 1
101 99 95 97 95 100 96 104 99 103 
218 8 6
96 102 102 98 102 99 98 98 96 95 
219 6 4
99 102 102 104 104 96 104 100 101 96 
220 1 9
101 98 104 96 96 101 103 99 98 100 
221 10 3
97 97 103 100 98 98 95 104 95 103 
222 1 2
104 96 104 102 97 104 102 104 97 101 
223 3 6
97 95 95 103 103 104 97 95 97 95 
224 8 8
98 102 103 100 100 103 104 102 104 103 
225 5 4
102 97 97 104 95 99 101 98 102 101 
226 4 6
103 100 102 95 101 99 104 96 96 102 
227 10 10
102 103 101 103 101 97 96 100 101 101 
228 7 8
97 97 95 104 104 98 101 104 95 98 
229 10 9
104 95 95 98 104 96 97 101 104 95 
230 7 8
97 104 97 104 100 103 103 95 95 103 
231 2 2
98 103 95 100 98 96 99 98 96 101 
232 9 1
102 95 103 101 95 101 98 99 101 100 
233 6 4
100 98 98 100 98 102 104 103 100 104 
234 5 1
96 95 100 99 101 98 100 98 98 100 
235 2 6
97 99 97 95 96 104 98 101 98 104 
236 4 9
101 97 104 98 97 100 98 100 100 104 
237 10 2
97 101 101 103 97 102 100 101 98 104 
238 7 5
104 96 97 97 95 102 97 101 95 96 
239 2 5
101 100 96 96 101 95 99 95 104 97 
240 9 2
104 101 104 99 100 100 95 99 101 97 
241 9 10
97 96 102 97 97 104 103 96 99 104 
242 5 3
96 104 97 95 98 98 98 98 104 99 
243 8 7
104 95 98 103 97 96 102 101 99 99 
244 9 10
98 103 95 104 104 99 96 96 100 101 
245 4 10
104 104 99 95 98 98 101 100 98 104 
246 6 9
98 97 99 102 103 100 101 99 98 101 
247 6 4
98 104 101 103 100 96 104 101 97 98 
248 7 9
104 99 98 97 99 95 95 104 97 102 
249 7 3
97 100 101 102 96 97 97 101 98 103 
250 6 9
97 101 99 99 95 95 97 104 101 102 
251 4 3
102 101 96 96 98 103 99 102 98 97 
252 7 7
99 104 98 104 104 95 102 96 103 98 
253 9 9
100 95 104 97 103 100 99 102 96 101 
254 10 7
101 98 100 96 100 96 104 97 95 99 
255 2 3
101 96 100 100 99 98 100 95 101 100 
256 3 7
97 103 98 98 99 97 96 97 102 101 
257 6 6
104 100 104 95 96 97 99 103 98 104 
258 4 1
98 103 95 104 100 99 100 102 99 95 
259 3 2
98 100 98 97 98 104 102 98 101 101 
260 4 8
104 104 100 99 103 95 99 98 104 101 
261 5 7
95 96 101 102 97 95 103 102 101 96 
262 10 10
97 102 97 95 100 102 103 101 103 100 
263 2 8
101 100 97 102 97 102 100 99 103 96 
264 2 3
99 96 104 95 98 104 96 102 103 101 
265 9 4
100 101 97 99 98 98 98 96 95 100 
266 1 5
97 101 104 98 104 97 100 98 99 102 
267 6 10
101 104 101 101 100 99 104 97 97 98 
268 7 9
101 104 104 102 100 95 96 104 103 97 
269 5 10
102 97 100 98 104 95 97 102 96 95 
270 4 7
102 99 96 96 103 102 104 99 104 96 
271 4 7
98 102 102 98 104 97 97 103 101 102 
272 2 6
95 100 97 96 103 100 95 100 104 96 
273 9 10
95 103 101 104 96 104 100 99 101 98 
274 8 9
102 96 103 98 104 97 95 96 102 97 
275 3 6
104 99 97 95 102 96 95 103 96 101 
276 8 3
102 100 103 101 95 102 101 102 103 99 
277 1 10
101 95 95 99 99 100 96 100 96 99 
278 6 10
100 102 102 101 100 101 95 98 96 103 
279 10 2
100 100 95 100 96 97 100 103 99 102 
280 5 1
99 102 100 101 96 96 100 103 95 99 
281 7 7
97 101 104 99 101 95 102 98 100 95 
282 10 7
97 101 101 102 98 95 102 103 103 100 
283 7 2
103 98 97 103 102 95 99 104 104 100 
284 6 6
100 100 104 97 100 103 96 104 101 102 
285 9 10
95 103 104 103 98 102 96 96 95 98 
286 2 10
101 101 104 100 98 101 95 104 98 96 
287 4 1
96 99 95 102 97 103 102 97 103 103 
288 3 2
101 100 99 101 96 101 101 102 99 102 
289 3 8
100 97 103 104 99 97 96 102 101 96 
290 6 1
97 99 99 95 97 101 99 103 97 103 
291 8 6
101 100 97 95 99 99 95 96 103 103 
292 1 5
97 99 97 96 100 102 96 104 96 101 
293 3 6
99 103 101 103 101 100 98 100 95 100 
294 6 7
96 102 102 97 103 95 101 95 99 95 
295 2 2
102 100 96 95 98 100 103 102 98 99 
296 9 2
104 96 101 96 104 99 102 97 96 99 
297 5 10
99 96 97 95 96 100 97 96 95 100 
298 4 6
95 96 100 98 102 98 101 103 101 100 
299 10 6
104 103 103 97 100 97 99 96 100 103 
300 3 8
98 99 95 101 104 98 96 96 102 101 
301 5 7
96 97 100 103 102 101 98 103 102 98 
302 2 3
101 102 98 98 100 102 95 103 96 97 
303 5 3
103 103 98 102 101 104 98 103 97 95 
304 7 10
102 96 95 99 100 96 103 98 95 98 
305 7 6
96 104 100 97 96 97 102 104 95 95 
306 7 7
97 97 101 99 97 97 100 104 99 100 
307 6 10
103 100 99 103 104 95 98 95 104 96 
308 5 2
98 96 97 100 99 96 96 101 98 95 
309 3 6
97 102 102 103 100 99 104 100 95 98 
310 5 2
99 104 96 98 95 102 101 100 96 96 
311 1 6
97 99 98 102 99 100 99 103 99 96 
312 8 10
103 103 100 95 97 96 96 103 97 99 
313 4 4
96 97 103 99 98 96 104 100 100 97 
314 3 10
104 101 102 99 95 101 98 95 100 95 
315 1 10
98 98 104 101 104 97 96 97 99 96 
316 8 10
97 101 99 102 96 103 103 95 100 103 
317 5 8
99 95 102 96 97 104 97 101 99 98 
318 5 4
103 100 100 97 101 99 97 96 98 103 
319 1 5
102 104 101 99 102 98 98 98 98 95 
320 8 8
96 96 100 102 100 104 95 98 101 102 
321 8 6
97 96 101 100 97 101 96 104 102 104 
322 6 5
97 103 95 102 95 104 100 98 95 97 
323 1 8
99 97 97 95 104 95 100 98 98 98 
324 1 6
97 98 101 104 98 96 101 100 96 101 
325 6 4
100 97 101 102 99 101 102 103 95 104 
326 2 1
104 103 100 100 97 103 95 101 96 102 
327 6 7
95 96 99 99 104 104 102 101 96 99 
328 7 6
97 98 101 98 97 104 100 99 102 97 
329 10 2
95 104 102 99 103 100 95 96 103 99 
330 6 9
100 97 101 101 103 97 99 98 100 97 
331 9 1
96 100 99 95 104 98 97 95 99 96 
332 7 6
101 101 101 102 98 98 100 103 102 96 
333 8 7
99 96 96 96 98 96 96 101 101 100 
334 7 6
95 95 102 102 99 100 97 97 97 95 
335 10 8
98 99 102 95 103 99 103 99 102 96 
336 6 3
97 104 103 95 101 102 103 102 102 100 
337 7 2
96 103 99 100 95 100 99 100 95 96 
338 6 1
101 101 99 100 102 96 103 95 95 101 
339 3 8
100 95 101 98 103 97 101 96 97 97 
340 9 3
103 97 102 95 100 99 95 98 97 101 
341 10 1
104 102 97 97 100 99 104 96 102 102 
342 7 6
96 97 101 98 102 101 102 100 103 101 
343 8 6
95 102 104 98 100 103 100 99 102 104 
344 7 3
98 102 98 97 101 96 102 102 99 100 
345 1 4
96 102 103 96 98 102 102 101 99 101 
346 2 2
101 101 100 98 102 99 102 95 96 98 
347 4 9
99 97 100 95 95 103 98 96 102 98 
348 6 4
95 99 104 101 95 97 102 103 103 98 
349 4 8
102 95 102 95 98 97 95 103 102 103 
350 9 8
101 97 95 98 102 102 101 103 96 102 
351 5 4
104 97 96 104 102 99 101 101 102 101 
352 7 1
103 102 95 102 100 96 101 98 98 102 
353 7 1
101 100 95 103 97 100 96 97 102 98 
354 2 5
104 95 95 101 101 103 104 101 102 104 
355 5 5
95 95 102 100 104 101 103 101 96 103 
356 7 6
100 102 102 97 95 96 103 97 96 95 
357 1 8
96 104 98 103 96 104 98 98 97 97 
358 2 4
95 96 96 96 96 102 104 102 100 101 
359 2 8
104 97 104 97 97 95 104 98 96 100 
360 5 5
101 104 103 95 96 104 99 97 97 100 
361 6 4
98 99 95 95 98 99 102 99 101 104 
362 8 1
96 103 101 99 100 95 104 97 104 102 
363 3 3
103 103 101 95 99 99 98 104 95 101 
364 10 4
95 103 103 101 104 100 103 95 98 99 
365 6 10
101 99 98 102 98 102 95 98 101 103 
366 4 1
97 103 96 100 99 97 103 99 95 103 
367 3 1
98 98 97 104 102 104 95 99 100 100 
368 4 9
97 100 96 103 99 101 95 103 100 96 
369 4 10
100 99 101 101 97 95 103 103 100 97 
370 10 4
99 96 104 104 101 97 95 103 103 98 
371 10 5
95 96 99 102 98 103 103 95 99 101 
372 7 7
102 101 99 97 96 100 102 100 101 103 
373 5 3
98 101 98 98 95 99 102 97 100 96 
374 10 1
96 104 96 100 101 104 99 100 103 95 
375 10 10
101 104 101 97 102 97 102 95 104 97 
376 6 2
101 97 98 98 101 99 99 104 98 102 
377 6 2
103 104 101 101 104 101 102 102 100 98 
378 1 5
101 104 102 102 96 97 103 104 102 98 
379 3 6
104 103 99 99 102 104 101 101 95 97 
380 5 3
95 97 104 102 102 96 97 100 95 96 
381 3 4
98 97 97 97 102 102 102 101 102 97 
382 2 6
98 104 96 99 96 102 103 99 104 102 
383 4 10
96 102 99 96 103 104 102 99 98 104 
384 7 2
103 99 102 101 103 95 96 96 104 99 
385 8 4
96 100 104 98 100 97 99 101 95 103 
386 10 9
104 101 99 98 103 96 101 101 102 98 
387 3 6
101 98 103 100 104 103 95 98 98 104 
388 7 1
97 95 103 97 95 103 97 97 101 102 
389 8 5
95 98 96 104 103 100 101 99 96 99 
390 3 1
97 97 98 103 97 96 95 101 96 104 
391 9 5
104 97 101 102 96 98 97 96 103 100 
392 1 7
97 103 98 98 98 100 99 102 104 104 
393 8 2
96 103 102 99 104 102 103 95 97 101 
394 8 4
96 96 102 104 101 104 103 104 103 96 
395 3 4
101 103 95 102 103 95 104 96 95 103 
396 6 10
103 101 96 95 97 103 100 101 95 97 
397 6 9
97 98 104 97 101 99 100 99 97 102 
398 3 3
102 98 98 102 96 96 103 104 102 96 
399 2 10
95 102 102 97 104 98 95 98 103 97 
400 8 6
101 97 96 95 95 98 98 104 101 103 
401 10 1
104 102 104 103 104 96 95 96 103 102 
402 4 10
95 100 100 96 102 97 103 100 102 104 
403 7 10
100 96 103 96 104 102 96 96 102 98 
404 10 9
99 104 96 99 102 101 100 104 96 95 
405 3 2
100 95 101 97 97 99 96 102 100 96 
406 9 8
104 97 103 103 100 104 101 96 96 102 
407 8 1
98 97 104 101 100 99 104 97 99 103 
408 7 7
97 102 98 95 103 99 102 104 101 100 
409 10 4
101 100 99 102 99 98 102 104 102 104 
410 9 5
98 102 101 104 102 97 101 97 96 96 
411 3 3
102 104 96 100 101 96 103 97 103 99 
412 1 6
102 102 101 100 103 99 104 96 99 103 
413 2 2
95 104 98 97 97 102 101 95 101 102 
414 6 3
95 101 100 96 95 102 103 95 101 99 
415 8 6
96 101 103 100 101 104 103 102 95 99 
416 2 4
96 102 98 95 101 95 99 104 101 104 
417 1 10
103 95 104 100 99 101 97 102 99 95 
418 5 2
95 98 95 95 104 96 100 97 95 103 
419 5 9
96 104 102 102 103 104 101 104 104 100 
420 5 7
96 101 98 103 101 103 104 103 98 104 
421 2 5
97 101 103 99 102 98 97 103 97 97 
422 6 3
96 99 96 98 96 102 96 98 100 101 
423 2 5
101 97 97 96 96 100 100 98 99 99 
424 8 2
104 96 104 96 98 101 98 102 97 102 
425 3 5
101 98 104 97 96 95 101 103 99 95 
426 10 6
103 102 95 97 98 104 98 97 97 99 
427 6 7
97 95 100 100 102 102 104 99 97 103 
428 9 4
95 101 98 99 101 100 96 99 99 98 
429 7 8
97 96 96 99 100 101 97 103 101 102 
430 4 5
99 97 95 103 97 95 97 97 101 102 
431 7 3
99 102 104 103 95 102 100 99 104 101 
432 1 7
97 98 101 96 97 104 100 104 98 102 
433 8 6
104 96 102 100 104 100 104 98 99 95 
434 5 7
103 104 95 104 103 98 100 97 103 97 
435 4 1
98 95 104 104 104 104 101 103 95 101 
436 4 2
96 98 102 103 98 96 99 98 97 102 
437 3 1
95 95 98 103 99 103 95 104 104 97 
438 9 9
96 102 102 98 98 97 100 101 100 97 
439 5 2
100 104 101 102 103 104 103 103 96 98 
440 9 6
96 95 99 97 99 100 96 100 97 95 
441 2 8
97 101 98 95 95 95 98 100 96 104 
442 5 10
103 99 104 104 102 102 101 96 104 98 
443 4 5
103 101 96 97 101 97 104 96 95 97 
444 4 1
97 101 102 100 100 99 99 101 103 98 
445 8 7
97 99 104 97 102 99 101 102 96 102 
446 10 10
97 103 97 97 97 100 100 102 96 99 
447 3 8
103 102 98 102 97 97 100 100 101 99 
448 8 6
95 100 97 96 99 96 98 101 96 100 
449 2 5
96 101 96 97 97 98 96 96 97 101 
450 1 6
104 100 95 102 96 104 98 96 99 102 
451 6 1
104 95 102 95 100 103 101 103 101 102 
452 4 9
98 99 96 100 98 96 97 99 103 99 
453 2 2
98 101 100 104 99 95 95 100 97 104 
454 8 8
102 99 103 100 98 96 100 101 102 102 
455 5 1
103 103 99 104 98 103 95 101 99 100 
456 7 1
102 103 100 104 102 100 104 101 96 102 
457 2 5
103 101 98 100 98 104 103 99 102 99 
458 4 1
97 98 104 104 96 102 104 103 100 102 
459 9 3
99 102 95 100 101 96 96 99 104 99 
460 2 6
100 104 96 100 101 99 102 95 104 101 
461 10 1
100 96 104 95 95 104 99 99 103 99 
462 10 5
102 95 95 104 102 96 99 97 98 100 
463 8 2
96 100 96 95 98 96 98 104 97 99 
464 10 3
98 101 101 98 97 102 102 97 102 104 
465 2 7
97 102 104 100 99 101 101 100 98 95 
466 8 8
96 95 101 100 101 102 104 104 100 102 
467 5 9
99 98 95 98 97 98 95 100 95 96 
468 3 7
104 96 98 98 96 95 97 99 98 103 
469 10 10
102 103 96 98 102 100 96 98 104 98 
470 7 2
103 103 103 95 104 96 101 104 99 104 
471 5 6
96 101 104 99 101 95 99 98 95 102 
472 7 8
97 104 95 96 99 103 100 97 102 100 
473 3 9
103 95 102 97 104 96 104 96 104 103 
474 8 6
95 98 104 95 95 102 104 98 104 104 
475 7 4
95 98 103 102 104 97 100 104 100 100 
476 3 7
103 96 102 103 97 102 98 97 95 97 
477 6 2
97 99 101 96 101 97 101 101 103 101 
478 6 10
104 97 103 99 102 95 95 101 99 95 
479 5 9
104 104 95 104 97 102 97 101 97 103 
480 8 1
98 98 103 96 95 98 97 96 102 95 
481 8 8
98 104 98 102 96 104 100 95 95 102 
482 1 3
100 97 95 104 98 102 96 101 98 104 
483 10 6
99 96 103 98 98 100 95 101 99 100 
484 6 9
101 97 103 102 95 95 96 102 100 97 
485 9 9
104 96 101 99 95 100 104 101 103 102 
486 10 2
99 97 95 96 102 100 104 99 103 102 
487 2 1
103 99 104 98 101 102 98 103 103 104 
488 3 1
101 99 103 99 96 104 102 103 96 102 
489 10 2
100 103 100 98 102 103 100 100 97 99 
490 1 2
96 98 104 96 97 96 96 95 100 96 
491 7 10
95 99 102 97 98 103 100 103 101 95 
492 4 4
95 103 96 99 97 96 102 100 102 101 
493 7 2
95 104 97 100 95 103 101 96 99 100 
494 6 9
98 95 103 104 97 97 100 99 97 101 
495 1 6
104 103 97 101 101 104 103 101 95 97 
496 3 2
95 95 99 100 101 96 100 104 98 98 
497 2 6
102 101 96 95 99 96 102 100 96 104 
498 5 9
95 99 99 96 101 103 99 101 104 95 
499 4 8
96 95 101 99 99 104 96 98 102 97 

