50 10 3462
0 84 87
127 65 143 85 136 142 99 71 112 77 
1 91 60
113 76 90 76 122 86 61 118 117 79 
2 83 31
112 73 117 85 79 52 72 108 119 117 
3 94 57
61 92 79 123 71 69 134 87 148 74 
4 16 71
63 76 141 130 106 123 112 120 146 131 
5 6 26
134 77 86 55 96 79 63 107 74 145 
6 83 46
64 117 84 114 93 100 137 58 126 128 
7 89 85
53 101 104 149 82 110 126 118 89 62 
8 27 87
144 89 145 120 84 128 117 51 147 52 
9 18 93
102 106 51 130 136 91 115 139 94 69 
10 41 30
81 67 147 121 131 125 59 77 117 106 
11 98 54
136 115 56 133 69 74 78 121 82 79 
12 4 20
120 118 58 65 90 99 146 73 68 95 
13 47 52
71 105 129 138 114 78 91 100 143 50 
14 35 65
74 64 137 106 93 141 77 115 109 86 
15 33 52
87 78 125 57 124 71 108 145 79 87 
16 36 94
68 78 93 61 78 79 126 54 93 113 
17 14 39
56 90 54 68 78 138 119 67 67 146 
18 25 44
120 133 140 149 122 75 94 140 55 89 
19 55 87
119 132 92 114 147 57 105 54 98 61 
20 23 29
149 93 96 118 90 72 61 60 55 51 
21 62 31
128 55 70 86 94 76 72 115 58 66 
22 83 59
74 87 112 74 50 86 102 149 129 100 
23 69 72
123 81 131 80 83 144 110 113 149 131 
24 100 97
109 123 63 118 140 145 76 116 134 90 
25 91 85
126 92 86 57 95 106 129 68 137 62 
26 49 73
109 59 86 60 92 137 56 51 63 122 
27 22 56
69 149 71 54 89 61 90 117 55 78 
28 28 51
134 108 70 74 72 119 146 131 80 134 
29 93 73
122 100 75 135 72 149 90 92 148 63 
30 99 91
74 140 59 131 69 86 82 105 144 54 
31 80 70
123 126 100 105 110 92 129 134 143 55 
32 22 68
54 63 111 104 76 109 94 52 52 56 
33 85 22
92 118 78 139 122 58 108 148 86 58 
34 54 49
53 83 83 98 140 104 117 96 118 79 
35 1 47
138 147 99 140 53 83 113 147 103 142 
36 87 26
102 146 125 138 107 79 86 110 64 71 
37 61 5
78 77 100 98 106 52 144 147 149 93 
38 40 3
78 53 50 131 97 88 109 101 85 84 
39 40 93
65 77 54 79 99 114 135 79 93 85 
40 78 1
88 121 99 139 117 138 142 145 93 94 
41 30 91
132 90 91 119 76 82 111 92 110 67 
42 24 62
131 59 140 75 146 117 127 84 140 76 
43 25 58
64 118 55 108 62 136 50 96 76 144 
44 17 53
128 79 96 140 97 120 101 130 81 143 
45 58 28
62 136 64 105 62 140 62 129 60 119 
46 90 75
105 91 70 83 137 138 88 116 120 134 
47 57 18
56 110 99 87 55 109 67 68 95 133 
48 74 59
123 87 139 133 57 128 107 64 121 79 
49 1 60
68 88 75 138 124 83 107 131 143 108 

