50 10 3487
0 47 86
93 115 100 115 97 101 76 89 83 99 
1 94 40
77 116 89 100 76 120 90 117 113 83 
2 74 48
110 112 93 123 79 89 111 99 81 86 
3 16 79
115 93 119 123 117 112 113 122 106 77 
4 23 83
124 114 99 112 123 122 111 110 111 79 
5 36 42
96 96 92 102 108 107 83 98 75 77 
6 24 96
115 86 117 96 90 91 78 91 81 102 
7 5 7
101 115 116 88 122 101 81 93 123 98 
8 46 84
81 80 81 83 83 104 78 123 118 122 
9 22 61
91 99 102 97 78 108 105 106 98 96 
10 95 73
124 77 115 122 101 113 105 109 118 113 
11 45 52
95 123 76 90 120 97 102 88 123 79 
12 36 4
114 90 110 88 113 106 112 113 109 103 
13 88 63
93 95 123 86 85 117 90 107 115 93 
14 48 89
118 102 76 118 108 114 122 98 81 109 
15 89 48
90 100 110 76 78 99 88 96 119 88 
16 36 8
81 75 114 123 95 114 113 88 91 117 
17 58 100
106 81 97 114 115 85 111 80 111 98 
18 60 92
75 99 88 119 113 75 76 119 77 118 
19 45 23
107 108 113 123 100 120 122 83 76 97 
20 50 42
107 113 123 95 86 82 87 86 107 102 
21 59 71
102 86 91 104 79 85 78 113 120 116 
22 87 23
113 111 105 114 83 107 107 117 95 106 
23 14 84
115 102 122 99 79 82 119 108 93 87 
24 15 26
100 92 88 95 86 77 118 124 115 100 
25 92 1
82 98 117 104 81 82 88 124 109 87 
26 74 91
94 95 100 114 107 114 89 82 84 105 
27 31 21
109 100 96 99 77 87 99 87 113 93 
28 42 95
101 81 120 87 93 94 80 112 114 105 
29 80 22
97 118 106 108 100 88 78 84 113 101 
30 36 91
114 84 79 104 103 121 98 81 79 96 
31 19 24
115 100 87 104 83 116 77 105 112 110 
32 64 13
123 93 99 113 119 84 106 110 96 110 
33 15 100
106 115 80 111 86 100 86 78 76 98 
34 85 62
92 111 116 79 97 81 93 97 99 119 
35 12 21
81 119 83 102 104 99 103 88 89 110 
36 52 78
87 87 107 90 112 91 101 81 78 92 
37 63 28
98 108 76 124 102 89 97 110 83 105 
38 13 89
79 117 76 96 102 79 75 115 93 108 
39 6 56
124 107 89 79 76 101 106 102 84 110 
40 27 90
124 123 99 83 103 114 121 110 106 124 
41 57 62
78 83 78 96 116 85 103 118 117 117 
42 48 97
96 106 98 105 91 76 96 90 75 121 
43 26 81
112 98 92 93 97 100 106 102 109 109 
44 51 28
120 106 95 114 98 95 112 121 78 85 
45 80 70
89 75 111 89 121 89 121 108 112 91 
46 5 11
116 110 114 102 97 115 80 92 96 102 
47 59 47
124 121 118 77 83 97 96 97 97 85 
48 89 22
99 112 81 86 78 87 98 121 75 88 
49 75 73
80 106 116 101 83 76 99 85 122 94 

