50 10 2493
0 84 87
102 100 98 100 101 97 104 96 97 102 
1 91 60
98 101 95 101 97 101 96 103 102 104 
2 83 31
97 98 102 100 104 97 97 103 104 102 
3 94 57
96 97 104 98 96 104 99 102 103 99 
4 16 71
98 101 96 95 101 98 97 95 101 96 
5 6 26
99 102 101 100 101 104 98 102 99 100 
6 83 46
99 102 99 99 98 95 102 103 101 103 
7 89 85
98 96 99 104 97 95 101 103 104 97 
8 27 87
99 104 100 95 99 103 102 96 102 97 
9 18 93
97 101 96 95 101 96 100 104 99 104 
10 41 30
96 102 102 96 96 100 104 102 102 101 
11 98 54
101 100 101 98 104 99 103 96 97 104 
12 4 20
95 103 103 100 95 104 101 98 103 100 
13 47 52
96 100 104 103 99 103 96 95 98 95 
14 35 65
99 99 102 101 98 96 102 100 104 101 
15 33 52
102 103 100 102 99 96 103 100 104 102 
16 36 94
103 103 98 96 103 104 101 99 98 98 
17 14 39
101 95 99 103 103 103 104 102 102 101 
18 25 44
95 98 95 104 97 100 99 95 100 104 
19 55 87
104 97 97 99 102 102 100 99 103 96 
20 23 29
104 98 101 103 95 97 96 95 100 96 
21 62 31
103 100 95 101 99 101 97 100 103 101 
22 83 59
99 102 97 99 95 101 97 104 104 95 
23 69 72
98 96 96 95 98 99 95 98 104 96 
24 100 97
104 98 98 103 95 100 101 101 99 95 
25 91 85
101 97 101 102 100 101 104 103 102 97 
26 49 73
104 104 101 95 97 102 101 96 98 97 
27 22 56
104 104 96 99 104 96 95 102 100 103 
28 28 51
99 103 95 99 97 104 101 96 95 99 
29 93 73
97 95 100 100 97 104 95 97 103 98 
30 99 91
99 95 104 96 104 101 97 100 99 99 
31 80 70
98 101 95 100 95 97 104 99 98 100 
32 22 68
99 98 96 99 101 104 99 97 97 101 
33 85 22
97 103 103 104 97 103 103 103 101 103 
34 54 49
98 98 98 103 95 99 102 101 103 104 
35 1 47
103 102 104 95 98 98 98 102 98 97 
36 87 26
97 101 100 103 102 104 101 95 99 96 
37 61 5
103 102 95 103 101 97 99 102 104 98 
38 40 3
103 98 95 96 102 103 104 96 100 99 
39 40 93
100 102 99 104 104 99 100 104 98 100 
40 78 1
103 96 104 104 102 103 97 100 98 99 
41 30 91
97 95 96 104 101 97 96 97 95 102 
42 24 62
96 104 95 100 101 102 102 99 95 101 
43 25 58
99 103 100 103 97 101 95 101 101 99 
44 17 53
103 104 101 95 102 95 96 95 96 98 
45 58 28
97 101 99 100 97 95 97 104 95 104 
46 90 75
100 96 95 98 102 103 103 101 95 99 
47 57 18
101 95 104 102 100 104 102 103 100 98 
48 74 59
98 102 104 98 102 103 102 99 96 104 
49 1 60
103 103 100 103 99 98 102 96 98 103 

