50 10 4484
0 7 6
93 115 100 115 97 101 76 89 83 99 
1 4 10
77 116 89 100 76 120 90 117 113 83 
2 4 8
110 112 93 123 79 89 111 99 81 86 
3 6 9
115 93 119 123 117 112 113 122 106 77 
4 3 3
124 114 99 112 123 122 111 110 111 79 
5 6 2
96 96 92 102 108 107 83 98 75 77 
6 4 6
115 86 117 96 90 91 78 91 81 102 
7 5 7
101 115 116 88 122 101 81 93 123 98 
8 6 4
81 80 81 83 83 104 78 123 118 122 
9 2 1
91 99 102 97 78 108 105 106 98 96 
10 5 3
124 77 115 122 101 113 105 109 118 113 
11 5 2
95 123 76 90 120 97 102 88 123 79 
12 6 4
114 90 110 88 113 106 112 113 109 103 
13 8 3
93 95 123 86 85 117 90 107 115 93 
14 8 9
118 102 76 118 108 114 122 98 81 109 
15 9 8
90 100 110 76 78 99 88 96 119 88 
16 6 8
81 75 114 123 95 114 113 88 91 117 
17 8 10
106 81 97 114 115 85 111 80 111 98 
18 10 2
75 99 88 119 113 75 76 119 77 118 
19 5 3
107 108 113 123 100 120 122 83 76 97 
20 10 2
107 113 123 95 86 82 87 86 107 102 
21 9 1
102 86 91 104 79 85 78 113 120 116 
22 7 3
113 111 105 114 83 107 107 117 95 106 
23 4 4
115 102 122 99 79 82 119 108 93 87 
24 5 6
100 92 88 95 86 77 118 124 115 100 
25 2 1
82 98 117 104 81 82 88 124 109 87 
26 4 1
94 95 100 114 107 114 89 82 84 105 
27 1 1
109 100 96 99 77 87 99 87 113 93 
28 2 5
101 81 120 87 93 94 80 112 114 105 
29 10 2
97 118 106 108 100 88 78 84 113 101 
30 6 1
114 84 79 104 103 121 98 81 79 96 
31 9 4
115 100 87 104 83 116 77 105 112 110 
32 4 3
123 93 99 113 119 84 106 110 96 110 
33 5 10
106 115 80 111 86 100 86 78 76 98 
34 5 2
92 111 116 79 97 81 93 97 99 119 
35 2 1
81 119 83 102 104 99 103 88 89 110 
36 2 8
87 87 107 90 112 91 101 81 78 92 
37 3 8
98 108 76 124 102 89 97 110 83 105 
38 3 9
79 117 76 96 102 79 75 115 93 108 
39 6 6
124 107 89 79 76 101 106 102 84 110 
40 7 10
124 123 99 83 103 114 121 110 106 124 
41 7 2
78 83 78 96 116 85 103 118 117 117 
42 8 7
96 106 98 105 91 76 96 90 75 121 
43 6 1
112 98 92 93 97 100 106 102 109 109 
44 1 8
120 106 95 114 98 95 112 121 78 85 
45 10 10
89 75 111 89 121 89 121 108 112 91 
46 5 1
116 110 114 102 97 115 80 92 96 102 
47 9 7
124 121 118 77 83 97 96 97 97 85 
48 9 2
99 112 81 86 78 87 98 121 75 88 
49 5 3
80 106 116 101 83 76 99 85 122 94 

