500 10 9944
0 47 86
98 90 95 90 102 106 91 94 108 94 
1 94 40
92 91 94 105 91 105 105 92 108 108 
2 74 48
95 107 98 108 104 104 106 104 96 91 
3 16 79
100 98 104 98 102 97 98 97 91 102 
4 23 83
109 99 94 107 98 107 106 95 96 94 
5 36 42
101 101 97 107 103 92 98 93 100 92 
6 24 96
100 101 92 101 105 106 103 96 96 107 
7 5 7
96 90 101 103 107 96 96 98 108 103 
8 46 84
106 95 96 108 98 99 103 108 103 97 
9 22 61
106 104 97 92 93 93 90 91 93 101 
10 95 73
99 102 90 97 96 108 100 104 93 98 
11 45 52
100 108 91 105 95 92 97 103 98 104 
12 36 4
99 105 95 103 108 101 107 98 94 108 
13 88 63
98 100 98 101 100 102 105 102 100 98 
14 48 89
93 97 91 93 103 99 97 93 106 94 
15 89 48
105 95 105 101 93 104 103 101 94 103 
16 36 8
96 100 109 98 100 109 98 103 96 92 
17 58 100
101 106 92 109 90 100 96 105 106 103 
18 60 92
90 94 93 94 108 100 101 94 102 93 
19 45 23
92 103 98 98 105 95 97 108 91 92 
20 50 42
102 98 98 90 91 97 102 91 102 97 
21 59 71
107 91 96 99 94 100 93 108 105 101 
22 87 23
98 96 90 99 98 92 92 102 100 101 
23 14 84
100 107 107 104 94 97 94 103 98 92 
24 15 26
95 107 93 90 91 92 93 99 90 105 
25 92 1
107 103 102 109 106 107 93 109 104 102 
26 74 91
109 100 105 109 102 99 94 107 109 90 
27 31 21
104 95 91 104 102 102 104 92 108 108 
28 42 95
106 106 95 92 98 109 95 97 99 90 
29 80 22
92 93 101 103 105 103 103 99 108 96 
30 36 91
109 99 94 99 98 96 93 106 104 91 
31 19 24
90 105 92 99 98 91 92 100 107 95 
32 64 13
108 98 104 98 104 99 101 95 101 105 
33 15 100
91 100 105 106 101 95 101 93 91 103 
34 85 62
97 96 101 94 102 96 98 92 104 104 
35 12 21
106 104 108 97 99 94 108 93 104 95 
36 52 78
92 92 102 105 97 106 106 96 93 97 
37 63 28
103 93 91 109 107 94 102 95 108 100 
38 13 89
104 92 101 91 97 104 100 100 98 93 
39 6 56
109 92 104 104 91 106 91 97 109 105 
40 27 90
109 108 104 108 98 109 96 105 91 99 
41 57 62
93 108 93 101 91 90 108 103 92 102 
42 48 97
91 91 93 90 106 91 91 105 90 106 
43 26 81
97 93 97 98 102 105 91 97 104 94 
44 51 28
95 91 90 109 103 90 97 96 103 100 
45 80 70
94 90 106 94 106 104 106 93 107 106 
46 5 11
101 95 99 107 92 90 95 97 91 107 
47 59 47
99 96 103 92 98 102 101 102 102 90 
48 89 22
104 107 106 101 103 102 103 106 100 93 
49 75 73
105 101 101 106 98 91 104 100 97 109 
50 13 9
101 106 90 106 106 99 99 92 96 107 
51 86 12
100 101 97 102 104 91 106 91 102 97 
52 10 74
90 93 93 90 93 105 98 96 93 98 
53 15 80
99 93 103 105 103 109 96 105 100 96 
54 28 77
97 93 99 102 92 108 107 104 91 102 
55 55 5
109 92 93 93 101 107 92 102 103 98 
56 49 27
109 96 91 91 102 90 107 102 105 96 
57 85 78
106 103 101 107 95 108 104 94 90 107 
58 68 64
96 92 106 109 100 106 107 91 104 100 
59 3 48
92 101 101 107 99 97 96 95 90 108 
60 3 26
106 98 91 98 107 99 102 94 93 98 
61 56 6
106 95 96 100 97 98 99 100 109 90 
62 88 21
97 104 95 97 94 109 94 102 90 108 
63 1 38
97 102 103 92 102 91 97 90 96 95 
64 52 74
103 90 105 94 91 93 106 90 107 91 
65 81 2
102 106 103 102 104 95 100 103 100 105 
66 56 35
106 104 105 104 109 96 90 94 108 105 
67 41 20
108 106 102 97 107 102 90 100 98 95 
68 95 44
101 94 106 103 102 94 97 98 108 92 
69 16 79
90 105 92 109 92 93 100 103 109 92 
70 53 10
104 103 101 105 100 95 100 91 92 108 
71 15 55
92 104 92 91 106 99 101 107 106 103 
72 37 20
98 96 94 90 99 106 99 105 99 90 
73 43 61
107 94 103 109 93 90 103 107 104 98 
74 71 91
107 91 109 104 97 105 95 97 104 99 
75 8 96
95 106 92 105 98 95 97 96 91 90 
76 6 85
90 101 104 96 109 94 107 106 108 106 
77 83 18
94 97 94 100 106 102 95 92 98 109 
78 70 50
106 106 105 108 98 102 104 91 93 98 
79 48 83
95 106 101 93 95 103 90 91 103 106 
80 32 10
98 98 93 99 97 94 108 94 102 95 
81 95 42
99 98 104 103 107 103 97 92 100 100 
82 98 88
106 99 98 99 95 101 100 104 101 104 
83 76 39
108 95 104 101 100 98 94 101 107 108 
84 5 27
93 94 90 103 104 99 102 100 108 90 
85 52 36
93 92 91 104 98 106 103 108 91 109 
86 42 4
98 107 105 107 97 101 93 101 105 105 
87 45 63
94 107 94 92 99 106 99 95 100 101 
88 60 39
97 94 98 91 94 100 106 94 97 101 
89 22 76
105 106 96 92 101 92 94 105 101 99 
90 10 54
107 108 108 97 91 99 107 99 104 95 
91 43 11
97 108 96 105 92 109 92 99 105 90 
92 52 99
104 106 95 108 107 96 93 96 106 91 
93 6 79
92 92 109 98 109 91 108 97 101 106 
94 95 26
105 98 104 92 98 96 102 104 104 107 
95 33 84
105 105 99 102 98 104 100 93 98 91 
96 92 68
104 92 104 107 108 98 93 104 106 99 
97 89 17
97 91 101 103 100 105 106 96 93 107 
98 79 84
101 90 96 109 91 100 109 105 102 103 
99 73 31
104 97 106 100 99 95 109 106 108 92 
100 31 29
107 108 104 102 106 94 98 109 94 96 
101 32 98
106 100 94 98 93 99 101 107 106 109 
102 41 18
106 109 104 104 103 106 93 100 104 99 
103 76 43
104 93 92 100 91 103 98 108 93 94 
104 99 19
103 91 98 92 91 98 109 107 109 103 
105 65 93
91 109 104 106 98 91 100 92 106 102 
106 34 19
107 103 106 90 107 104 101 101 106 109 
107 94 50
97 94 108 108 108 92 100 101 91 106 
108 20 31
108 100 94 104 92 99 102 102 104 98 
109 85 93
105 105 105 93 104 90 94 103 94 92 
110 72 55
107 103 96 108 100 95 90 90 105 107 
111 55 31
96 97 92 103 97 96 95 104 92 102 
112 70 49
102 103 104 106 98 95 93 95 101 99 
113 84 94
104 106 103 92 95 97 102 93 96 104 
114 37 87
102 91 102 96 95 92 105 107 97 99 
115 67 36
96 99 90 99 100 106 92 94 102 105 
116 7 98
105 100 90 91 106 99 109 99 100 102 
117 8 69
104 104 95 103 105 93 99 92 94 99 
118 64 95
95 96 101 99 103 99 108 98 90 101 
119 43 97
90 91 107 92 103 95 100 109 109 98 
120 14 48
101 104 91 98 105 94 92 91 100 103 
121 23 65
93 103 94 93 94 96 101 106 98 91 
122 39 34
96 91 95 107 99 100 94 102 94 95 
123 41 72
100 105 94 102 98 97 98 93 102 103 
124 19 17
109 100 94 109 101 92 95 99 105 92 
125 27 37
102 93 99 98 98 91 109 100 106 94 
126 16 58
93 93 90 105 106 109 93 98 91 97 
127 8 45
91 94 95 107 96 93 103 100 96 104 
128 39 28
98 100 99 94 96 94 103 99 98 104 
129 37 97
95 109 94 108 96 94 104 109 98 109 
130 57 68
92 92 107 91 106 98 98 106 108 107 
131 42 65
104 96 95 92 90 103 108 107 102 93 
132 8 11
109 91 99 109 90 108 96 105 90 94 
133 17 9
102 94 95 92 103 108 108 97 94 105 
134 42 58
98 90 104 90 105 104 92 104 105 101 
135 14 49
91 102 93 91 106 109 92 90 105 97 
136 35 89
107 94 98 103 109 99 100 109 91 107 
137 100 77
101 103 92 108 106 98 96 108 90 99 
138 100 9
90 103 90 105 90 104 106 99 100 94 
139 44 90
95 103 98 97 92 109 93 103 94 108 
140 53 81
96 100 108 108 90 100 96 90 93 108 
141 89 57
94 94 95 104 98 90 105 103 96 105 
142 41 69
104 106 104 100 104 108 100 102 98 91 
143 11 41
101 98 103 96 96 91 92 100 95 90 
144 17 66
102 101 108 108 96 101 109 102 109 103 
145 43 66
93 94 107 101 95 109 102 98 109 95 
146 56 26
96 99 97 93 99 105 98 104 96 108 
147 33 45
99 101 106 90 106 100 95 109 96 104 
148 44 93
95 97 102 94 102 97 91 100 107 90 
149 86 39
105 103 102 91 101 107 107 103 90 95 
150 66 90
105 101 98 104 107 101 108 93 108 100 
151 100 83
108 91 94 97 91 99 107 107 92 100 
152 31 67
109 98 101 109 103 106 90 99 109 99 
153 96 98
102 103 102 93 93 101 107 103 102 92 
154 21 95
93 108 93 108 90 103 94 101 91 97 
155 3 56
93 93 106 93 102 101 102 106 94 94 
156 20 88
97 99 91 90 101 103 96 104 101 99 
157 25 24
104 98 104 106 97 107 101 101 90 109 
158 47 45
100 100 90 96 96 102 95 103 91 108 
159 86 5
102 93 100 105 94 105 109 109 105 95 
160 96 44
104 108 96 104 107 102 100 109 104 93 
161 86 61
97 100 95 98 99 93 94 91 96 104 
162 89 92
99 109 92 107 95 99 90 109 97 96 
163 47 37
100 98 105 94 101 102 106 108 92 91 
164 59 64
106 92 106 93 99 95 96 100 94 98 
165 48 82
107 97 103 106 95 101 102 105 109 109 
166 72 12
101 97 91 95 91 90 91 99 104 107 
167 93 44
104 108 104 101 108 91 102 97 91 107 
168 24 87
98 97 92 98 96 95 101 99 95 94 
169 88 19
94 98 97 101 95 90 104 102 100 90 
170 64 42
92 97 98 93 95 94 91 103 101 105 
171 34 51
91 106 101 96 91 108 94 107 108 93 
172 89 97
105 105 98 108 105 101 109 99 108 109 
173 5 84
93 96 99 97 91 104 107 92 93 90 
174 21 97
101 106 95 99 90 96 95 97 91 103 
175 26 29
94 106 108 93 106 104 108 101 90 97 
176 39 63
104 97 106 107 98 99 95 109 95 100 
177 9 18
106 96 95 99 109 92 108 94 109 98 
178 20 56
92 107 108 93 107 107 107 93 106 95 
179 53 45
96 107 105 102 109 106 91 106 92 108 
180 26 2
91 105 107 90 93 98 97 96 96 95 
181 22 96
104 100 100 101 97 92 97 104 101 93 
182 59 71
101 109 96 103 108 94 96 101 109 106 
183 4 84
94 100 91 92 97 104 99 92 106 109 
184 34 24
91 90 107 94 105 97 105 96 109 103 
185 12 10
107 108 90 107 96 93 102 100 95 103 
186 14 53
97 104 104 105 104 109 108 97 102 98 
187 53 8
105 109 104 104 102 95 93 100 105 105 
188 20 62
108 101 94 105 106 107 98 105 93 104 
189 51 78
104 98 107 96 98 99 103 106 90 109 
190 51 73
107 96 92 102 103 103 96 94 94 100 
191 80 21
109 109 105 92 104 95 102 90 96 99 
192 87 15
100 101 100 100 93 103 92 90 101 107 
193 85 65
100 100 98 105 102 90 97 101 109 93 
194 67 14
90 108 103 96 109 101 103 99 105 93 
195 20 79
98 103 100 109 100 104 94 103 107 94 
196 81 2
94 97 103 94 92 101 99 105 99 93 
197 14 89
96 96 99 91 92 98 109 100 103 99 
198 91 85
106 96 99 95 92 99 96 97 98 101 
199 24 72
92 102 96 93 97 109 93 104 108 102 
200 16 1
102 97 100 96 98 102 92 94 108 101 
201 82 22
102 98 90 90 109 93 101 104 97 99 
202 18 48
91 91 91 109 103 98 109 108 97 99 
203 5 37
92 96 102 102 99 104 95 91 92 95 
204 2 74
98 95 97 98 104 95 105 105 108 98 
205 87 24
106 95 91 94 97 95 102 91 93 94 
206 14 25
108 109 95 102 94 109 96 95 94 103 
207 66 71
100 90 108 98 98 94 102 106 92 95 
208 13 10
101 94 100 96 91 105 101 101 104 98 
209 85 32
97 92 98 93 97 103 96 100 103 94 
210 59 34
90 92 91 92 90 104 101 93 100 103 
211 30 12
99 102 93 105 91 109 96 90 103 96 
212 5 81
109 100 100 94 96 91 99 96 105 101 
213 22 28
95 102 100 105 108 90 109 109 94 104 
214 35 66
95 103 96 108 109 92 100 101 94 103 
215 16 51
96 95 98 103 98 99 91 103 104 101 
216 1 33
93 101 101 98 95 107 95 92 100 93 
217 81 63
95 93 103 91 106 98 101 104 95 90 
218 8 14
99 98 108 93 102 101 97 105 92 100 
219 56 21
98 91 92 108 94 105 90 92 108 103 
220 24 7
104 97 90 101 109 109 107 90 98 97 
221 17 13
100 93 109 95 104 105 95 104 98 109 
222 13 65
104 95 96 94 100 92 100 106 91 92 
223 21 1
92 107 90 92 106 106 104 97 102 103 
224 13 39
90 99 102 90 98 106 95 105 91 93 
225 40 65
95 92 90 108 106 90 108 108 99 101 
226 41 7
97 96 95 101 102 107 99 94 96 103 
227 66 87
100 100 91 101 103 103 105 101 97 98 
228 50 64
98 90 92 100 101 104 106 108 91 91 
229 63 46
100 101 99 98 107 104 104 97 94 98 
230 99 31
91 96 91 90 96 92 93 96 92 107 
231 77 54
94 94 94 95 107 96 100 97 99 109 
232 96 7
96 100 103 100 108 94 90 101 92 103 
233 72 81
98 96 96 100 106 93 106 90 109 102 
234 26 78
108 97 94 109 108 102 108 94 92 93 
235 48 73
109 109 105 103 95 108 103 103 94 90 
236 36 81
105 93 90 104 105 107 101 95 106 98 
237 46 28
90 105 101 104 100 100 108 100 100 103 
238 24 16
101 99 90 97 99 105 90 106 101 102 
239 83 87
100 96 102 108 104 99 95 96 94 99 
240 21 95
109 100 106 91 93 102 98 96 91 98 
241 26 3
106 95 108 97 108 102 103 90 108 107 
242 51 13
96 106 100 92 107 100 107 98 102 95 
243 71 48
107 108 103 108 109 109 102 97 106 100 
244 15 15
93 109 96 91 107 107 96 105 95 106 
245 19 83
109 97 100 101 102 102 109 100 101 94 
246 61 3
105 103 99 102 105 105 108 100 104 107 
247 45 4
104 92 109 101 108 107 103 99 106 105 
248 14 29
98 102 100 101 98 93 103 106 98 104 
249 29 84
99 108 96 105 97 92 109 103 94 108 
250 85 55
97 99 94 105 95 107 93 103 91 96 
251 77 2
91 91 107 99 105 107 94 106 98 100 
252 12 16
102 100 99 106 90 95 93 109 105 97 
253 15 41
106 100 95 107 98 91 108 99 104 98 
254 39 50
95 92 107 103 95 98 91 99 101 100 
255 59 12
105 91 93 92 98 99 92 94 109 109 
256 14 88
90 93 106 104 101 104 105 99 99 102 
257 23 35
103 93 93 94 95 91 97 103 104 100 
258 16 23
90 100 108 101 99 101 109 100 97 97 
259 37 99
104 94 97 93 98 92 99 91 95 94 
260 86 84
108 103 106 102 105 93 97 97 103 95 
261 60 64
99 100 95 106 107 91 96 101 107 104 
262 7 67
98 105 97 95 102 95 98 92 100 106 
263 95 46
90 103 95 103 109 94 106 98 104 91 
264 17 92
105 92 105 94 106 91 100 106 99 100 
265 63 94
97 100 105 107 109 91 104 109 105 109 
266 93 7
105 91 96 99 104 92 103 91 94 98 
267 27 54
91 106 99 92 108 101 105 95 104 92 
268 95 94
94 91 94 101 90 98 107 98 99 93 
269 90 77
107 92 107 91 92 105 96 106 94 106 
270 19 63
109 104 90 95 98 104 100 102 97 104 
271 16 21
93 102 98 94 97 107 90 94 102 100 
272 39 55
95 94 92 99 102 91 94 94 97 94 
273 50 16
100 90 90 100 104 105 100 99 90 108 
274 15 68
97 96 94 109 98 92 96 96 108 98 
275 16 72
99 101 105 98 97 106 106 100 106 106 
276 1 64
101 100 102 101 90 108 101 97 95 105 
277 40 86
99 95 101 109 103 109 92 105 100 99 
278 44 99
96 101 90 104 97 102 107 101 92 92 
279 95 35
90 95 103 107 102 102 93 103 107 104 
280 6 24
103 97 100 94 107 95 104 93 107 96 
281 58 45
108 97 97 102 99 92 96 91 109 101 
282 40 65
94 104 99 103 98 104 98 92 92 108 
283 19 60
94 94 104 91 100 93 107 98 92 95 
284 13 84
109 108 95 108 91 106 104 95 100 94 
285 32 79
100 109 102 102 100 92 93 104 96 99 
286 8 89
95 94 98 97 91 90 101 90 100 98 
287 72 73
106 107 99 96 91 102 106 102 94 91 
288 57 55
93 102 90 92 91 97 92 108 93 101 
289 47 66
93 99 107 96 99 98 100 95 96 109 
290 12 60
94 109 93 98 90 102 104 106 94 104 
291 79 58
91 90 106 106 93 104 91 109 105 101 
292 46 65
109 105 99 107 96 102 99 100 101 94 
293 11 13
98 94 98 94 108 108 92 101 100 100 
294 61 95
106 91 95 101 102 100 105 94 107 94 
295 94 96
106 104 108 109 101 98 93 109 95 93 
296 45 76
91 108 109 102 90 109 108 106 102 105 
297 88 6
95 104 91 104 108 96 99 96 103 97 
298 58 25
98 91 105 103 94 109 98 96 99 97 
299 71 90
96 90 95 109 105 94 106 102 108 99 
300 27 29
97 97 96 102 105 94 106 93 95 94 
301 29 30
93 106 97 95 106 107 104 104 99 102 
302 94 65
106 91 98 105 92 104 105 100 104 92 
303 3 70
96 101 94 101 105 102 102 100 90 90 
304 76 37
107 92 101 109 104 106 93 100 100 94 
305 98 73
108 103 104 102 97 107 103 103 90 99 
306 17 68
103 98 107 104 98 95 92 108 97 95 
307 78 14
104 102 93 94 106 103 106 97 108 101 
308 92 86
90 107 100 102 96 108 109 90 96 98 
309 7 8
95 98 107 102 96 96 95 90 100 91 
310 25 40
104 102 108 94 105 99 91 105 108 101 
311 20 38
99 108 107 97 97 105 96 102 93 93 
312 98 70
91 104 91 102 97 95 101 103 108 91 
313 58 14
100 108 91 91 91 90 108 100 101 97 
314 31 31
92 106 104 107 102 101 97 95 108 90 
315 18 26
96 90 109 106 91 98 91 94 109 92 
316 66 41
105 105 93 96 92 103 106 94 91 100 
317 2 86
104 90 101 94 91 90 99 97 91 90 
318 96 95
91 106 100 90 101 97 90 96 92 93 
319 45 17
98 90 90 100 92 92 105 106 104 96 
320 13 36
97 92 104 90 104 99 96 105 108 99 
321 76 30
106 98 105 101 101 109 97 90 101 90 
322 3 94
104 107 92 98 106 104 106 93 98 92 
323 56 56
94 103 100 92 92 108 101 101 108 108 
324 43 30
99 91 91 90 91 93 95 97 103 109 
325 17 50
96 102 94 104 96 101 91 100 94 102 
326 73 68
92 93 108 90 103 102 91 92 95 105 
327 3 28
100 90 104 93 109 92 94 95 96 90 
328 13 54
101 103 93 106 107 106 105 101 101 95 
329 44 38
107 95 109 92 102 104 91 92 104 98 
330 99 34
92 92 101 99 93 93 104 96 98 99 
331 23 7
107 99 99 91 104 103 108 93 100 107 
332 7 83
101 109 94 95 109 92 101 92 107 104 
333 24 13
99 99 108 107 108 91 105 106 92 95 
334 58 18
108 105 90 90 94 108 92 106 100 108 
335 94 90
91 94 93 100 100 108 92 109 97 90 
336 58 39
103 94 96 106 99 93 95 109 100 95 
337 20 35
106 103 92 96 102 106 97 95 102 93 
338 56 4
91 99 92 91 99 101 101 105 106 107 
339 44 78
102 98 99 104 103 90 98 91 104 93 
340 28 87
109 97 93 93 100 108 108 93 97 91 
341 17 29
94 97 105 90 106 108 100 98 96 109 
342 83 13
101 93 103 95 108 103 93 99 90 96 
343 53 71
106 101 103 105 94 100 106 90 99 101 
344 22 87
100 93 96 98 92 91 102 95 106 96 
345 32 95
109 96 93 101 95 97 91 91 100 96 
346 10 7
98 95 97 100 106 90 106 108 93 104 
347 20 98
105 101 92 101 99 95 107 98 102 102 
348 40 38
90 102 100 100 101 109 99 109 94 106 
349 50 94
106 107 93 109 102 92 106 109 96 100 
350 64 96
106 90 106 98 103 97 107 95 90 97 
351 96 12
97 94 92 101 102 94 106 98 91 90 
352 100 86
104 97 95 90 108 90 98 104 90 94 
353 55 86
101 93 100 93 100 108 104 107 104 99 
354 62 88
103 99 97 96 91 97 102 106 104 99 
355 9 53
99 98 108 91 102 94 97 94 97 99 
356 28 71
109 104 109 104 105 102 103 98 92 90 
357 35 64
109 108 101 104 97 102 108 98 90 99 
358 11 46
103 99 91 103 108 90 93 100 104 104 
359 5 10
97 99 99 99 99 94 94 91 104 98 
360 16 83
102 95 100 102 104 102 99 90 91 100 
361 86 53
101 98 92 107 104 108 109 91 97 98 
362 3 69
94 97 99 109 97 106 103 109 92 93 
363 24 89
106 103 98 99 105 103 91 96 103 105 
364 65 29
103 105 99 102 93 102 91 90 101 92 
365 52 19
109 94 99 103 109 102 91 97 107 100 
366 18 94
105 100 109 91 96 105 99 101 92 100 
367 85 59
104 95 108 107 109 99 97 108 95 106 
368 12 57
91 95 94 108 97 91 93 92 93 93 
369 56 10
100 94 91 95 97 95 93 103 92 91 
370 24 42
92 100 102 109 109 105 105 90 90 109 
371 51 48
102 104 92 106 99 107 107 101 104 108 
372 17 14
105 109 108 99 90 91 93 104 94 105 
373 94 44
92 91 105 93 90 95 92 95 109 106 
374 42 61
96 108 102 90 99 98 95 106 98 93 
375 59 61
107 91 97 91 106 102 94 108 103 109 
376 94 7
106 98 101 98 94 102 98 100 92 102 
377 23 84
91 97 102 91 93 100 103 90 101 102 
378 2 40
95 107 99 108 98 105 106 94 93 97 
379 13 80
101 103 100 104 95 94 99 108 94 103 
380 100 88
93 95 109 96 107 102 107 92 99 97 
381 74 58
92 99 103 107 107 96 106 98 101 108 
382 35 37
93 106 105 97 99 96 96 95 101 107 
383 4 30
99 91 93 108 98 98 97 92 108 90 
384 100 68
96 105 97 99 104 104 96 99 100 103 
385 9 32
109 96 98 93 93 102 102 102 103 97 
386 71 74
106 107 105 104 107 96 103 106 103 90 
387 46 20
96 93 98 98 106 98 90 98 104 90 
388 32 78
102 105 99 95 92 101 100 108 90 95 
389 25 11
93 99 108 107 100 105 106 98 109 107 
390 58 28
95 107 105 90 107 108 107 92 103 109 
391 20 97
92 100 96 105 97 101 95 101 90 93 
392 29 63
100 106 101 99 103 98 99 109 107 94 
393 100 7
93 98 98 106 109 98 94 92 100 101 
394 10 78
104 104 90 96 99 98 91 109 107 102 
395 62 51
102 100 99 91 96 90 97 91 99 98 
396 71 1
98 104 104 108 107 93 97 93 99 98 
397 31 19
98 101 100 95 105 93 106 109 103 107 
398 1 12
108 109 103 109 109 93 109 97 99 96 
399 18 8
99 107 100 109 95 102 99 95 105 101 
400 24 83
104 109 91 109 98 103 101 96 95 94 
401 18 85
109 107 94 98 93 91 97 94 108 100 
402 64 76
92 95 103 108 106 106 90 93 97 104 
403 43 16
97 103 104 102 99 101 99 98 90 103 
404 90 84
104 106 90 95 96 105 102 99 90 95 
405 60 70
103 101 102 90 95 96 106 95 90 92 
406 50 22
103 100 92 104 93 101 99 100 97 99 
407 48 75
95 109 105 107 107 96 96 100 107 100 
408 92 96
107 109 102 107 91 103 100 104 94 102 
409 41 88
93 100 99 93 101 106 99 106 106 94 
410 47 46
92 102 105 109 93 108 96 90 107 108 
411 70 11
94 109 107 98 94 107 97 109 109 99 
412 43 52
95 93 109 103 97 95 108 91 100 96 
413 22 94
94 109 95 92 100 104 102 104 95 99 
414 35 2
109 103 91 108 92 105 91 98 109 91 
415 22 59
108 102 90 98 108 103 91 92 102 108 
416 57 3
94 99 98 100 100 92 93 91 106 106 
417 81 79
102 103 96 93 104 90 103 95 94 95 
418 34 43
108 97 106 93 95 103 107 100 104 96 
419 53 57
98 105 108 106 94 100 105 106 93 103 
420 12 51
95 106 105 99 92 90 93 102 97 90 
421 48 86
103 95 97 97 101 109 93 101 96 103 
422 81 11
93 105 108 109 90 91 99 96 108 106 
423 76 1
106 109 94 106 101 102 103 94 107 90 
424 84 1
101 96 93 107 102 93 90 105 100 100 
425 95 12
102 105 107 92 93 94 104 102 105 108 
426 29 7
100 91 92 109 103 95 101 94 94 97 
427 74 77
100 103 93 91 106 100 94 90 95 103 
428 3 42
99 106 103 95 96 91 93 99 104 108 
429 69 88
93 102 101 109 109 94 97 99 100 101 
430 43 39
91 108 108 108 101 102 109 91 90 94 
431 59 87
95 103 105 101 101 106 100 97 90 103 
432 19 100
100 96 90 90 107 105 100 100 103 98 
433 1 26
102 90 108 102 94 106 100 92 99 108 
434 46 74
104 106 102 104 99 100 95 109 106 95 
435 12 6
90 91 105 96 91 106 101 95 98 99 
436 38 45
107 98 108 108 96 106 101 102 94 93 
437 59 74
96 93 95 104 90 98 90 91 92 97 
438 60 96
105 100 91 93 101 100 90 98 100 100 
439 87 29
96 100 90 92 95 100 106 101 103 103 
440 7 7
103 108 109 97 95 108 93 91 98 106 
441 97 52
96 98 101 107 101 99 95 107 101 108 
442 33 18
98 98 90 104 103 108 90 108 106 109 
443 27 3
99 91 105 99 107 93 90 105 102 93 
444 73 84
102 100 102 94 90 94 103 98 94 103 
445 35 50
94 96 98 90 107 96 104 96 97 91 
446 96 45
95 97 101 107 100 94 102 105 96 106 
447 12 7
91 94 96 107 99 103 97 95 109 97 
448 7 90
103 102 97 102 104 93 98 101 92 109 
449 89 86
105 102 90 91 98 93 109 99 109 96 
450 40 21
101 96 96 92 95 94 101 100 98 109 
451 3 43
104 100 103 98 99 103 103 107 107 95 
452 19 27
98 108 97 109 106 96 90 97 94 108 
453 10 10
92 103 109 100 102 91 95 108 93 100 
454 47 66
106 102 92 103 107 102 109 108 92 109 
455 50 59
95 99 107 100 109 109 101 91 102 93 
456 45 97
106 91 104 90 101 102 107 109 106 109 
457 34 87
93 94 106 96 93 95 94 91 97 104 
458 64 47
103 104 98 95 107 94 91 104 95 97 
459 47 29
101 93 98 98 104 91 104 107 107 100 
460 24 82
97 90 92 104 104 95 91 97 101 91 
461 85 82
95 95 105 92 94 103 100 97 98 108 
462 56 35
101 91 93 99 93 97 92 101 109 106 
463 46 94
103 108 102 94 109 106 95 94 103 102 
464 99 50
95 99 106 95 109 94 109 93 107 93 
465 25 14
92 96 106 91 104 103 96 97 102 100 
466 92 32
108 107 98 93 91 96 102 109 97 90 
467 85 8
106 94 100 104 109 96 97 91 102 105 
468 55 87
98 102 95 90 92 106 94 102 95 94 
469 56 48
100 97 108 100 97 92 99 94 108 101 
470 71 70
107 99 100 91 94 106 109 102 90 94 
471 66 55
90 99 96 108 103 91 107 105 98 105 
472 6 69
99 104 94 98 95 96 107 92 105 90 
473 4 12
98 92 93 99 108 98 93 109 107 92 
474 30 83
93 96 108 94 103 93 94 92 100 98 
475 43 48
96 102 100 91 94 95 102 94 90 97 
476 74 19
98 99 99 107 101 100 90 96 106 108 
477 51 42
103 104 94 105 104 108 93 90 100 95 
478 34 27
92 107 101 104 95 106 95 103 107 104 
479 11 61
95 92 97 103 102 107 105 108 94 101 
480 14 19
99 106 101 102 103 94 100 106 92 91 
481 63 60
100 97 94 97 104 96 98 109 99 97 
482 65 14
106 101 101 90 92 95 101 94 103 92 
483 89 20
108 108 97 102 102 99 101 92 107 105 
484 62 52
104 91 92 93 98 96 106 95 108 90 
485 6 73
95 98 98 100 100 98 99 99 109 106 
486 34 52
96 95 95 105 102 108 96 96 90 98 
487 42 49
96 100 103 106 100 101 99 97 109 99 
488 70 11
108 109 101 107 97 94 90 103 91 95 
489 49 7
93 96 102 105 104 96 94 103 98 107 
490 50 91
90 100 107 90 90 96 92 100 107 95 
491 68 66
91 109 100 93 94 101 91 109 107 95 
492 56 45
101 101 107 101 90 108 91 91 99 100 
493 34 22
107 105 101 96 102 100 101 103 99 104 
494 49 86
95 99 106 104 105 93 100 108 104 109 
495 51 96
108 101 98 109 92 91 90 101 98 101 
496 10 21
103 103 103 92 97 104 97 94 93 93 
497 59 51
97 91 99 103 90 101 90 108 92 98 
498 18 17
91 99 109 99 102 99 99 95 104 105 
499 68 62
99 104 107 94 100 97 105 99 98 106 

