50 10 3490
0 4 7
102 100 98 100 101 97 104 96 97 102 
1 1 10
98 101 95 101 97 101 96 103 102 104 
2 3 1
97 98 102 100 104 97 97 103 104 102 
3 4 7
96 97 104 98 96 104 99 102 103 99 
4 6 1
98 101 96 95 101 98 97 95 101 96 
5 6 6
99 102 101 100 101 104 98 102 99 100 
6 3 6
99 102 99 99 98 95 102 103 101 103 
7 9 5
98 96 99 104 97 95 101 103 104 97 
8 7 7
99 104 100 95 99 103 102 96 102 97 
9 8 3
97 101 96 95 101 96 100 104 99 104 
10 1 10
96 102 102 96 96 100 104 102 102 101 
11 8 4
101 100 101 98 104 99 103 96 97 104 
12 4 10
95 103 103 100 95 104 101 98 103 100 
13 7 2
96 100 104 103 99 103 96 95 98 95 
14 5 5
99 99 102 101 98 96 102 100 104 101 
15 3 2
102 103 100 102 99 96 103 100 104 102 
16 6 4
103 103 98 96 103 104 101 99 98 98 
17 4 9
101 95 99 103 103 103 104 102 102 101 
18 5 4
95 98 95 104 97 100 99 95 100 104 
19 5 7
104 97 97 99 102 102 100 99 103 96 
20 3 9
104 98 101 103 95 97 96 95 100 96 
21 2 1
103 100 95 101 99 101 97 100 103 101 
22 3 9
99 102 97 99 95 101 97 104 104 95 
23 9 2
98 96 96 95 98 99 95 98 104 96 
24 10 7
104 98 98 103 95 100 101 101 99 95 
25 1 5
101 97 101 102 100 101 104 103 102 97 
26 9 3
104 104 101 95 97 102 101 96 98 97 
27 2 6
104 104 96 99 104 96 95 102 100 103 
28 8 1
99 103 95 99 97 104 101 96 95 99 
29 3 3
97 95 100 100 97 104 95 97 103 98 
30 9 1
99 95 104 96 104 101 97 100 99 99 
31 10 10
98 101 95 100 95 97 104 99 98 100 
32 2 8
99 98 96 99 101 104 99 97 97 101 
33 5 2
97 103 103 104 97 103 103 103 101 103 
34 4 9
98 98 98 103 95 99 102 101 103 104 
35 1 7
103 102 104 95 98 98 98 102 98 97 
36 7 6
97 101 100 103 102 104 101 95 99 96 
37 1 5
103 102 95 103 101 97 99 102 104 98 
38 10 3
103 98 95 96 102 103 104 96 100 99 
39 10 3
100 102 99 104 104 99 100 104 98 100 
40 8 1
103 96 104 104 102 103 97 100 98 99 
41 10 1
97 95 96 104 101 97 96 97 95 102 
42 4 2
96 104 95 100 101 102 102 99 95 101 
43 5 8
99 103 100 103 97 101 95 101 101 99 
44 7 3
103 104 101 95 102 95 96 95 96 98 
45 8 8
97 101 99 100 97 95 97 104 95 104 
46 10 5
100 96 95 98 102 103 103 101 95 99 
47 7 8
101 95 104 102 100 104 102 103 100 98 
48 4 9
98 102 104 98 102 103 102 99 96 104 
49 1 10
103 103 100 103 99 98 102 96 98 103 

