500 10 34839
0 84 87
102 100 98 100 101 97 104 96 97 102 
1 91 60
98 101 95 101 97 101 96 103 102 104 
2 83 31
97 98 102 100 104 97 97 103 104 102 
3 94 57
96 97 104 98 96 104 99 102 103 99 
4 16 71
98 101 96 95 101 98 97 95 101 96 
5 6 26
99 102 101 100 101 104 98 102 99 100 
6 83 46
99 102 99 99 98 95 102 103 101 103 
7 89 85
98 96 99 104 97 95 101 103 104 97 
8 27 87
99 104 100 95 99 103 102 96 102 97 
9 18 93
97 101 96 95 101 96 100 104 99 104 
10 41 30
96 102 102 96 96 100 104 102 102 101 
11 98 54
101 100 101 98 104 99 103 96 97 104 
12 4 20
95 103 103 100 95 104 101 98 103 100 
13 47 52
96 100 104 103 99 103 96 95 98 95 
14 35 65
99 99 102 101 98 96 102 100 104 101 
15 33 52
102 103 100 102 99 96 103 100 104 102 
16 36 94
103 103 98 96 103 104 101 99 98 98 
17 14 39
101 95 99 103 103 103 104 102 102 101 
18 25 44
95 98 95 104 97 100 99 95 100 104 
19 55 87
104 97 97 99 102 102 100 99 103 96 
20 23 29
104 98 101 103 95 97 96 95 100 96 
21 62 31
103 100 95 101 99 101 97 100 103 101 
22 83 59
99 102 97 99 95 101 97 104 104 95 
23 69 72
98 96 96 95 98 99 95 98 104 96 
24 100 97
104 98 98 103 95 100 101 101 99 95 
25 91 85
101 97 101 102 100 101 104 103 102 97 
26 49 73
104 104 101 95 97 102 101 96 98 97 
27 22 56
104 104 96 99 104 96 95 102 100 103 
28 28 51
99 103 95 99 97 104 101 96 95 99 
29 93 73
97 95 100 100 97 104 95 97 103 98 
30 99 91
99 95 104 96 104 101 97 100 99 99 
31 80 70
98 101 95 100 95 97 104 99 98 100 
32 22 68
99 98 96 99 101 104 99 97 97 101 
33 85 22
97 103 103 104 97 103 103 103 101 103 
34 54 49
98 98 98 103 95 99 102 101 103 104 
35 1 47
103 102 104 95 98 98 98 102 98 97 
36 87 26
97 101 100 103 102 104 101 95 99 96 
37 61 5
103 102 95 103 101 97 99 102 104 98 
38 40 3
103 98 95 96 102 103 104 96 100 99 
39 40 93
100 102 99 104 104 99 100 104 98 100 
40 78 1
103 96 104 104 102 103 97 100 98 99 
41 30 91
97 95 96 104 101 97 96 97 95 102 
42 24 62
96 104 95 100 101 102 102 99 95 101 
43 25 58
99 103 100 103 97 101 95 101 101 99 
44 17 53
103 104 101 95 102 95 96 95 96 98 
45 58 28
97 101 99 100 97 95 97 104 95 104 
46 90 75
100 96 95 98 102 103 103 101 95 99 
47 57 18
101 95 104 102 100 104 102 103 100 98 
48 74 59
98 102 104 98 102 103 102 99 96 104 
49 1 60
103 103 100 103 99 98 102 96 98 103 
50 71 100
102 104 104 98 97 99 98 102 96 97 
51 83 91
97 96 102 100 96 102 99 96 102 96 
52 32 22
102 95 99 95 103 100 96 101 101 97 
53 32 40
101 99 103 95 103 96 95 97 97 104 
54 78 86
101 99 101 98 102 104 102 99 104 96 
55 28 51
101 95 103 100 98 104 99 96 100 99 
56 92 76
100 99 104 103 98 103 100 97 97 97 
57 18 31
98 99 101 98 101 98 98 99 99 98 
58 80 78
97 100 103 104 95 97 99 102 101 100 
59 38 92
98 98 98 103 100 96 95 103 102 101 
60 64 56
95 103 95 99 96 96 98 100 104 98 
61 5 52
100 95 103 98 100 101 100 104 104 95 
62 68 27
98 102 101 96 100 95 101 100 95 103 
63 12 43
97 101 104 96 95 99 97 102 99 95 
64 84 73
103 95 98 102 95 95 98 99 104 97 
65 48 25
97 100 97 99 99 98 103 101 95 103 
66 60 63
97 98 96 103 98 99 97 97 99 100 
67 22 58
100 102 96 101 104 103 96 98 98 98 
68 8 60
103 101 102 95 99 103 99 103 96 101 
69 99 16
97 96 104 104 101 95 101 99 104 104 
70 1 79
104 98 96 99 103 104 101 102 102 98 
71 88 32
97 97 96 100 95 104 95 99 95 96 
72 14 58
99 96 96 98 95 98 97 96 102 100 
73 97 26
99 97 97 96 102 97 99 96 101 100 
74 58 9
100 104 97 102 98 101 99 102 104 102 
75 33 83
96 101 98 95 97 96 100 101 100 95 
76 91 84
99 101 101 95 97 100 103 104 100 95 
77 37 61
103 98 102 103 97 96 95 100 103 100 
78 16 71
102 98 103 97 98 95 102 102 102 101 
79 70 72
96 104 95 103 104 103 103 95 98 102 
80 91 77
104 97 96 102 102 104 102 101 97 102 
81 42 36
103 103 99 100 101 100 101 103 99 103 
82 9 94
103 102 100 97 99 100 95 100 102 98 
83 13 28
97 96 98 99 104 99 96 104 100 102 
84 55 62
97 97 96 101 97 95 97 97 104 102 
85 55 74
100 101 96 99 95 98 96 97 102 102 
86 60 29
96 95 102 101 95 96 95 97 100 96 
87 70 18
96 98 96 97 95 101 103 102 99 104 
88 33 55
99 100 104 96 97 103 104 101 95 101 
89 45 61
104 99 100 99 101 101 98 104 104 100 
90 53 22
98 95 104 104 96 98 99 100 103 100 
91 78 14
98 103 104 100 100 98 103 101 95 98 
92 24 87
96 103 102 95 100 96 96 95 98 95 
93 1 55
100 99 97 99 104 104 104 99 104 103 
94 52 77
98 104 98 98 99 101 96 100 101 96 
95 68 13
97 104 97 103 96 97 99 102 103 101 
96 84 78
102 97 98 102 97 100 98 102 101 103 
97 42 54
101 99 95 98 100 103 100 95 104 104 
98 99 61
97 99 104 95 96 97 95 95 101 98 
99 90 41
103 98 103 102 98 96 95 95 100 95 
100 14 92
103 95 96 102 104 96 95 98 100 104 
101 25 89
99 101 104 97 104 95 98 95 98 98 
102 88 80
99 104 104 96 104 99 97 95 101 100 
103 50 16
101 96 96 99 98 102 97 102 98 98 
104 20 43
99 99 99 104 104 98 103 98 97 104 
105 6 5
98 104 99 104 100 100 102 98 104 95 
106 88 3
102 97 104 95 100 95 99 96 102 104 
107 4 17
97 96 97 100 98 104 96 103 103 102 
108 1 46
97 102 104 96 104 101 98 101 103 99 
109 37 7
102 97 102 99 96 95 95 101 99 99 
110 24 38
98 99 102 97 96 102 104 100 101 103 
111 70 46
100 97 96 100 104 104 96 101 97 96 
112 41 26
98 97 96 104 102 101 103 97 95 101 
113 25 34
98 101 104 95 99 103 100 96 97 104 
114 38 64
103 95 104 97 98 96 103 102 99 96 
115 47 84
103 100 100 95 96 97 101 99 103 100 
116 57 53
100 97 101 104 96 98 98 96 100 97 
117 17 40
99 99 101 95 102 99 98 102 104 95 
118 51 93
97 101 104 95 98 100 100 103 102 96 
119 38 71
101 95 99 96 98 95 97 104 101 95 
120 40 64
100 99 98 101 99 98 96 104 96 95 
121 40 5
100 101 97 100 104 96 102 102 99 96 
122 62 20
96 98 103 102 99 104 98 96 98 103 
123 88 40
98 103 103 99 95 95 103 101 103 97 
124 64 99
100 95 100 104 97 101 103 100 97 103 
125 54 67
102 103 102 97 101 101 97 104 102 95 
126 54 98
97 98 100 96 102 103 104 99 96 101 
127 35 4
100 99 103 102 98 98 100 95 96 99 
128 86 98
95 102 103 104 104 98 104 99 101 99 
129 86 76
100 101 95 101 97 101 104 104 97 104 
130 67 16
100 98 103 101 102 98 101 95 97 101 
131 30 64
95 103 102 101 100 97 99 95 95 101 
132 19 66
99 104 99 101 103 98 97 98 101 97 
133 33 35
102 95 99 104 101 100 99 101 99 97 
134 66 52
101 96 98 102 102 96 97 96 95 103 
135 80 21
96 98 99 103 100 103 97 97 95 101 
136 64 67
96 95 100 102 99 97 95 95 98 98 
137 40 81
99 98 98 99 97 99 100 98 103 96 
138 52 74
96 100 103 96 98 98 104 102 100 99 
139 65 70
101 102 97 96 95 96 98 102 102 101 
140 94 40
96 95 99 96 96 103 101 99 98 99 
141 68 98
95 102 99 100 98 95 102 97 104 104 
142 24 91
97 102 104 104 100 97 95 103 98 100 
143 40 67
100 101 98 95 97 95 102 99 102 98 
144 41 22
101 102 100 102 103 103 104 95 102 103 
145 21 64
96 95 98 101 102 98 97 97 96 100 
146 54 64
103 97 103 100 103 95 103 101 104 98 
147 4 88
99 98 102 96 98 104 101 99 97 95 
148 13 10
100 102 99 101 99 104 96 97 98 96 
149 39 72
98 103 104 97 99 100 96 95 95 96 
150 24 4
95 95 95 97 97 97 99 102 104 103 
151 26 95
102 103 101 95 95 101 99 98 102 100 
152 49 22
95 104 98 95 97 101 99 98 103 101 
153 28 11
103 96 104 103 96 101 99 103 100 95 
154 2 66
104 102 95 101 97 103 104 100 95 97 
155 58 33
103 96 102 102 104 102 104 103 103 104 
156 19 71
100 97 95 97 99 98 102 98 95 95 
157 22 86
103 95 95 95 99 102 100 98 96 99 
158 43 31
96 98 95 95 99 103 97 97 95 97 
159 35 86
103 99 95 103 99 97 100 99 97 102 
160 26 58
100 97 97 103 101 101 95 95 104 96 
161 13 57
104 99 103 97 103 97 102 103 101 102 
162 98 21
104 99 100 99 97 97 98 104 101 100 
163 18 85
98 104 99 99 95 101 95 97 97 103 
164 65 24
96 96 96 104 95 95 95 97 100 102 
165 17 90
96 104 103 102 101 100 96 96 99 103 
166 66 78
101 101 104 96 99 98 101 102 101 104 
167 98 17
95 104 95 102 101 101 103 102 102 101 
168 37 36
98 102 101 104 102 97 101 99 95 102 
169 96 75
95 96 97 103 95 96 100 97 95 102 
170 62 77
99 104 100 98 100 96 96 95 95 102 
171 1 89
96 101 99 96 99 104 103 101 97 97 
172 26 83
98 97 102 98 104 95 96 100 95 101 
173 100 48
104 97 103 104 104 103 104 98 101 98 
174 67 91
99 99 104 101 101 99 96 104 103 95 
175 85 40
95 100 100 95 96 101 95 97 103 103 
176 65 80
103 98 99 99 104 96 102 100 102 101 
177 43 35
97 100 100 95 100 97 104 102 102 101 
178 59 2
97 95 98 97 103 102 99 101 98 103 
179 31 55
104 102 104 102 100 96 98 102 103 95 
180 30 36
97 96 98 97 102 98 98 97 98 103 
181 97 52
101 95 104 96 104 96 100 95 104 99 
182 70 37
103 97 99 101 100 98 99 102 99 102 
183 52 25
95 99 103 98 98 99 101 96 100 100 
184 95 67
101 104 101 102 100 101 99 98 95 95 
185 83 56
98 103 100 95 100 101 101 102 98 99 
186 91 9
95 103 96 100 98 100 96 96 99 95 
187 52 92
103 100 102 103 100 96 101 95 104 96 
188 43 35
104 95 96 99 99 98 97 100 96 98 
189 43 57
95 101 104 101 103 95 103 101 102 100 
190 95 25
101 95 100 100 98 104 96 100 95 99 
191 20 97
102 99 98 95 104 101 101 95 99 100 
192 59 53
103 101 103 100 98 99 95 96 102 102 
193 59 1
103 104 102 103 98 104 102 97 100 95 
194 3 5
103 95 101 97 101 100 101 101 98 99 
195 52 38
96 98 95 103 97 104 95 96 95 103 
196 82 57
102 103 103 97 96 98 103 104 98 100 
197 15 62
97 97 102 102 104 96 99 95 99 102 
198 79 38
101 103 95 103 101 96 99 100 97 100 
199 40 34
103 103 99 98 100 95 100 104 98 99 
200 47 13
100 98 97 95 95 95 104 103 95 104 
201 57 38
97 96 99 99 103 99 104 103 99 99 
202 82 20
101 103 95 104 98 101 98 103 104 100 
203 71 2
102 96 104 103 97 101 102 100 104 98 
204 80 90
102 104 102 98 100 95 99 96 104 99 
205 12 15
98 101 99 97 97 102 101 96 103 100 
206 42 32
98 95 101 99 99 102 100 98 103 97 
207 38 54
100 98 102 99 103 95 95 96 101 99 
208 36 39
98 96 97 97 104 100 100 99 101 98 
209 72 3
95 101 100 96 104 99 99 101 103 96 
210 71 39
96 97 104 103 103 101 103 97 95 97 
211 85 60
103 96 100 101 99 101 103 101 98 100 
212 48 55
97 99 95 97 102 97 95 96 101 96 
213 100 5
104 104 101 104 99 97 95 97 98 101 
214 69 20
97 103 101 102 98 100 98 100 104 100 
215 70 78
104 104 95 100 97 96 95 97 95 101 
216 14 57
104 99 103 99 95 103 99 99 103 97 
217 5 73
102 102 104 104 98 104 103 99 95 103 
218 51 56
104 95 104 96 103 97 103 102 101 103 
219 55 9
104 103 98 102 95 102 96 104 101 98 
220 41 72
99 103 101 101 101 101 96 102 103 97 
221 60 27
100 104 99 98 102 103 97 103 103 102 
222 77 31
99 104 96 97 97 97 99 101 95 97 
223 94 50
103 101 103 101 104 102 97 101 103 103 
224 50 59
103 96 101 103 95 99 103 99 99 97 
225 40 57
99 100 100 99 102 95 100 102 101 99 
226 84 56
98 102 98 97 103 98 95 103 101 101 
227 50 38
96 104 98 102 96 97 98 100 102 95 
228 63 87
95 102 98 102 96 103 99 102 101 103 
229 60 67
98 104 101 104 102 100 101 95 100 97 
230 18 17
101 98 97 99 98 101 95 99 98 101 
231 64 18
99 104 99 97 104 98 103 97 99 100 
232 5 14
97 97 99 102 99 96 101 96 101 103 
233 28 51
99 104 101 104 100 96 101 95 97 97 
234 33 53
102 98 101 96 95 95 102 97 98 96 
235 41 58
99 103 95 96 103 102 98 99 102 96 
236 64 75
99 97 99 101 99 104 103 99 97 100 
237 78 3
102 99 99 95 100 101 95 95 99 95 
238 24 43
95 103 101 104 104 97 98 100 99 103 
239 52 61
102 97 99 104 104 97 98 101 101 102 
240 68 35
101 104 101 95 104 104 100 96 102 98 
241 71 59
100 99 98 104 99 101 97 98 103 101 
242 33 28
95 102 101 102 99 98 96 97 99 102 
243 76 56
103 95 102 102 98 102 102 104 98 97 
244 51 58
103 97 95 102 96 99 101 96 96 97 
245 99 69
102 96 95 96 95 102 104 95 102 101 
246 80 14
98 101 99 104 103 99 101 104 104 102 
247 59 61
96 99 98 100 104 99 98 103 100 100 
248 83 89
98 96 103 97 102 95 100 97 101 96 
249 72 18
103 103 101 102 102 99 104 95 95 97 
250 28 52
101 97 95 99 103 97 97 98 98 97 
251 48 53
99 100 99 96 101 103 95 99 103 103 
252 84 46
97 99 102 99 102 100 101 100 102 101 
253 50 98
95 98 97 98 103 95 100 97 100 96 
254 36 92
96 100 103 104 98 98 101 102 103 101 
255 3 66
96 95 95 95 103 97 103 103 102 95 
256 62 96
95 103 95 102 96 100 96 98 98 104 
257 45 59
97 98 101 95 104 95 102 95 97 95 
258 41 81
99 95 103 96 96 104 104 98 104 104 
259 62 13
101 99 102 104 98 97 103 102 100 101 
260 51 55
101 104 101 103 104 101 103 100 104 103 
261 88 1
102 103 100 103 102 103 95 100 97 103 
262 6 18
97 100 102 104 96 102 98 104 101 104 
263 90 19
102 102 98 101 100 97 103 99 95 101 
264 5 20
101 101 100 104 101 97 103 103 102 100 
265 98 31
97 97 104 96 98 103 96 98 102 101 
266 92 45
104 97 95 96 103 101 98 99 97 95 
267 76 80
99 99 104 96 104 104 98 99 96 97 
268 36 38
97 101 95 96 99 96 100 98 100 102 
269 48 44
98 97 95 102 99 102 101 103 96 103 
270 90 94
102 97 102 95 101 99 102 95 97 104 
271 42 47
98 103 97 103 100 104 97 95 98 99 
272 68 68
96 101 100 100 99 101 103 96 95 100 
273 92 89
104 96 103 96 95 104 102 98 104 96 
274 53 17
97 101 101 100 95 100 99 98 96 104 
275 39 78
102 101 103 102 98 97 100 99 98 100 
276 8 36
101 100 104 100 103 98 98 96 104 104 
277 77 92
102 96 99 95 97 100 103 95 96 101 
278 70 78
95 100 96 98 97 104 104 104 101 95 
279 97 95
98 95 100 99 96 99 100 103 100 96 
280 70 70
101 102 104 95 100 104 102 101 101 103 
281 82 59
104 97 104 100 99 101 97 102 101 102 
282 62 78
96 103 101 103 95 102 103 101 101 104 
283 97 22
103 100 104 101 101 96 102 100 100 101 
284 54 31
97 100 104 103 97 98 103 101 96 101 
285 27 2
98 99 95 104 101 103 97 101 99 97 
286 64 21
100 95 102 97 103 95 97 98 100 99 
287 84 51
102 96 103 103 102 99 97 97 96 97 
288 52 48
97 101 98 101 95 103 103 102 95 103 
289 30 70
103 99 97 101 103 102 103 100 104 103 
290 64 37
99 102 96 100 104 99 99 97 95 95 
291 91 71
103 96 102 96 104 104 95 104 98 99 
292 18 54
96 102 103 97 100 98 96 97 96 97 
293 40 63
101 99 101 104 101 104 104 99 95 104 
294 56 2
95 102 97 98 98 97 103 102 96 101 
295 12 20
96 97 96 99 101 95 102 98 101 100 
296 63 53
99 98 104 101 99 101 102 99 101 97 
297 30 100
101 102 103 102 100 97 101 102 99 102 
298 62 72
103 95 101 101 101 95 104 95 100 103 
299 98 41
99 101 101 95 95 101 97 101 100 97 
300 15 52
99 97 95 96 95 98 99 95 99 95 
301 87 73
97 102 97 102 100 96 104 95 95 101 
302 43 11
97 99 104 104 104 100 95 98 102 95 
303 25 10
99 103 104 95 95 103 97 97 100 101 
304 83 52
103 96 98 95 102 102 97 96 99 96 
305 22 4
101 98 103 101 101 98 100 97 98 102 
306 33 27
100 101 103 95 97 97 98 97 99 103 
307 33 64
103 100 102 97 103 103 102 102 98 100 
308 24 60
95 103 96 101 100 100 97 97 96 97 
309 6 97
100 103 103 104 104 98 99 102 95 96 
310 2 71
96 103 102 100 98 95 101 101 96 103 
311 3 39
100 99 98 104 101 103 100 96 103 100 
312 23 80
95 102 101 95 95 102 98 97 102 95 
313 8 52
98 98 102 101 98 104 101 104 100 104 
314 19 92
102 100 98 103 95 102 102 98 99 101 
315 56 66
100 103 104 98 104 101 101 99 96 100 
316 51 98
101 101 103 96 101 103 97 100 98 102 
317 94 86
100 96 103 96 102 101 103 97 99 102 
318 48 54
98 98 102 102 103 104 101 99 101 99 
319 6 25
97 95 104 102 102 100 99 99 101 100 
320 67 16
96 99 104 100 97 102 96 102 95 95 
321 57 32
95 97 100 103 101 98 97 95 98 96 
322 50 33
101 101 102 99 96 98 96 99 104 96 
323 2 52
95 97 96 97 100 102 98 100 95 96 
324 6 69
101 102 96 104 95 97 98 104 103 95 
325 34 92
100 102 102 102 95 104 103 95 98 96 
326 35 29
104 95 100 96 98 95 96 104 104 97 
327 71 81
102 98 104 102 101 99 104 98 98 103 
328 41 94
102 96 100 96 97 97 96 98 97 102 
329 45 16
104 101 99 104 95 99 96 102 104 95 
330 76 76
101 101 96 95 99 96 100 97 99 98 
331 36 58
100 101 97 102 100 102 99 100 98 103 
332 87 54
99 102 96 98 104 103 96 102 99 97 
333 50 29
100 100 97 97 95 102 96 100 101 98 
334 93 42
95 103 103 100 101 99 104 97 98 97 
335 78 73
97 103 97 101 97 96 101 95 103 104 
336 23 49
103 100 100 99 103 104 103 104 102 101 
337 65 16
98 100 102 101 104 100 96 96 100 100 
338 70 11
101 101 97 102 102 101 102 100 96 98 
339 73 50
97 95 95 95 103 102 100 96 99 100 
340 41 85
95 98 102 102 103 102 102 99 98 96 
341 84 91
102 96 102 103 101 96 95 103 98 95 
342 81 23
104 101 100 99 98 102 95 100 95 102 
343 83 59
99 97 100 102 98 103 104 96 96 104 
344 90 58
95 104 101 101 97 103 103 96 101 100 
345 58 70
98 102 99 100 100 102 99 104 96 104 
346 60 5
104 95 100 96 96 102 103 97 103 101 
347 29 61
100 103 99 96 100 96 96 95 104 100 
348 27 27
99 97 100 100 96 101 95 95 104 102 
349 24 1
101 97 99 100 95 97 102 100 97 98 
350 80 61
102 95 95 101 102 103 99 99 95 96 
351 90 32
103 96 99 104 96 102 104 102 96 99 
352 55 3
103 99 104 98 104 103 98 101 95 100 
353 55 11
99 103 99 99 95 98 103 95 102 99 
354 60 79
98 103 102 100 99 99 104 98 103 103 
355 29 38
104 96 101 104 103 95 104 97 104 98 
356 100 30
104 102 104 101 98 95 101 101 103 98 
357 34 96
102 97 95 102 98 103 102 97 96 98 
358 4 10
100 98 97 99 103 98 100 104 97 101 
359 88 46
101 98 96 102 104 100 97 103 104 97 
360 39 13
95 100 99 96 95 95 97 100 98 101 
361 73 24
104 102 100 96 99 97 103 97 103 97 
362 100 90
104 96 104 103 100 102 98 100 99 104 
363 39 35
104 98 97 99 104 99 103 104 98 98 
364 23 40
102 98 97 100 100 98 101 99 102 101 
365 35 53
98 102 95 95 102 95 101 101 98 103 
366 92 4
99 96 99 103 101 103 102 100 96 104 
367 34 69
98 104 99 97 100 104 99 96 103 99 
368 72 8
102 104 99 95 103 102 100 99 95 104 
369 83 59
95 95 98 96 96 101 97 101 101 101 
370 59 54
102 100 99 101 96 102 98 103 104 104 
371 20 20
103 101 98 103 103 101 101 103 103 97 
372 62 42
103 98 103 101 95 103 95 102 98 101 
373 46 66
101 104 98 100 95 99 99 104 98 102 
374 28 32
100 101 104 98 103 95 102 103 101 100 
375 86 59
98 100 102 104 96 98 99 102 99 104 
376 95 25
101 103 100 104 103 100 97 98 96 96 
377 40 52
98 101 104 96 98 99 104 103 96 102 
378 60 54
95 98 97 101 100 104 97 98 102 103 
379 95 78
98 101 98 101 104 97 102 97 95 103 
380 75 16
98 100 100 99 97 100 104 99 95 99 
381 11 16
98 100 95 97 98 99 95 101 97 98 
382 13 12
102 96 99 104 104 95 101 99 100 96 
383 22 21
101 97 101 102 101 104 99 96 99 100 
384 57 38
96 101 100 99 96 104 102 95 95 96 
385 92 92
98 102 101 96 103 102 98 102 96 104 
386 65 11
103 95 96 99 102 102 98 104 100 103 
387 26 89
102 97 103 104 101 104 96 96 103 104 
388 5 98
103 102 99 104 104 95 104 104 95 98 
389 95 19
97 102 104 95 101 101 103 100 95 104 
390 18 7
95 103 95 104 104 99 103 102 97 99 
391 29 82
99 103 95 101 98 101 101 100 99 102 
392 28 3
100 101 104 101 102 101 99 102 99 99 
393 77 74
104 101 97 98 95 96 101 101 96 103 
394 6 65
100 96 96 96 96 104 98 101 102 97 
395 5 15
96 104 96 100 100 95 96 101 101 100 
396 90 38
101 102 98 104 101 103 100 98 97 102 
397 87 16
103 96 98 100 98 103 104 101 104 97 
398 23 95
97 100 96 104 97 97 101 96 95 96 
399 41 69
97 101 98 101 100 104 98 98 95 101 
400 19 16
101 104 97 100 96 101 95 99 98 96 
401 56 46
98 98 101 100 99 104 98 103 100 103 
402 57 11
102 104 100 102 101 98 98 97 99 102 
403 39 16
98 95 104 101 98 99 96 103 104 95 
404 75 25
104 104 99 99 103 96 101 100 95 96 
405 56 59
101 95 96 95 102 96 102 95 98 104 
406 19 7
100 96 99 100 96 95 104 95 95 100 
407 27 1
101 99 100 102 102 97 102 98 97 103 
408 66 30
96 98 96 99 97 104 95 104 96 102 
409 95 23
102 100 100 102 96 98 102 102 103 100 
410 27 56
102 99 96 97 99 101 96 103 96 100 
411 43 46
99 100 100 102 97 104 97 104 100 102 
412 60 87
95 103 100 95 100 99 101 100 95 102 
413 18 65
100 95 97 104 100 102 99 97 97 96 
414 50 27
96 96 102 103 95 101 101 98 102 96 
415 14 93
102 96 104 102 95 101 97 101 102 101 
416 28 5
98 96 101 102 100 103 98 103 96 96 
417 27 5
104 97 102 101 100 97 96 100 99 95 
418 43 85
102 99 97 101 98 104 95 101 98 104 
419 87 99
102 104 101 103 95 99 97 95 103 96 
420 79 6
99 104 95 95 97 98 101 104 104 96 
421 58 3
95 104 96 100 103 102 98 100 103 96 
422 87 32
100 95 98 98 97 96 104 103 98 104 
423 91 6
97 101 101 99 102 98 101 95 99 104 
424 86 74
103 96 95 102 97 103 103 103 104 96 
425 94 54
99 99 96 104 99 98 99 103 104 97 
426 3 10
102 96 104 97 97 101 100 96 102 102 
427 31 33
101 103 97 100 96 100 95 102 95 96 
428 28 7
101 98 101 100 101 104 101 100 97 102 
429 28 75
101 99 102 98 97 102 102 95 102 104 
430 16 71
102 100 103 104 103 102 100 99 97 96 
431 82 41
97 95 101 101 102 100 96 100 95 103 
432 10 85
103 103 99 100 103 96 101 102 103 101 
433 37 89
100 98 99 102 101 102 103 104 102 99 
434 68 68
96 103 97 96 104 98 102 102 97 98 
435 5 23
99 95 96 99 103 102 97 98 97 101 
436 42 39
99 96 104 96 102 102 95 103 102 98 
437 3 29
103 104 100 95 100 97 99 104 99 100 
438 47 44
99 103 103 101 100 96 102 96 97 103 
439 25 42
100 100 95 100 95 97 98 103 98 96 
440 32 99
98 102 95 104 98 101 97 102 99 96 
441 47 92
99 98 99 102 98 104 103 96 101 95 
442 87 77
97 96 101 103 99 104 101 104 102 101 
443 80 53
99 96 96 104 99 102 97 104 97 102 
444 9 57
103 103 102 99 104 100 97 98 101 95 
445 74 12
95 95 95 104 103 104 96 98 98 99 
446 5 40
99 103 95 101 102 103 99 100 104 98 
447 70 59
95 96 98 104 99 102 97 101 104 99 
448 6 20
99 103 99 104 97 95 95 101 104 96 
449 96 77
104 96 97 95 102 98 95 102 102 99 
450 79 52
98 95 102 97 100 97 98 96 97 103 
451 81 37
103 95 98 102 96 95 101 98 98 95 
452 26 41
98 101 95 95 97 103 98 100 104 95 
453 40 17
99 97 102 101 95 102 100 96 104 95 
454 51 74
95 101 103 100 101 98 101 97 96 103 
455 65 24
103 103 103 104 103 104 100 100 99 97 
456 84 55
96 103 102 98 103 103 101 95 99 101 
457 27 24
96 99 100 98 97 104 101 95 102 102 
458 63 29
101 102 98 95 95 103 102 96 102 99 
459 75 96
99 97 103 104 95 99 99 97 103 104 
460 58 73
95 98 99 95 97 101 95 96 99 100 
461 24 67
98 97 102 95 102 99 103 96 103 101 
462 93 50
97 101 98 97 102 95 99 95 100 103 
463 61 51
102 95 96 98 102 99 104 95 102 103 
464 94 37
99 98 104 98 96 99 99 98 97 104 
465 46 21
96 96 95 103 96 97 103 103 99 104 
466 2 72
101 97 98 100 96 101 98 100 104 99 
467 1 73
103 99 100 96 98 97 98 101 98 100 
468 96 58
102 98 100 96 100 104 99 98 96 102 
469 29 25
101 98 95 102 102 95 95 101 102 102 
470 30 73
97 99 104 102 104 99 99 103 102 97 
471 62 33
96 100 100 99 99 100 104 95 103 104 
472 59 69
96 95 99 103 102 100 96 104 104 97 
473 68 51
101 96 103 98 100 104 103 101 99 100 
474 24 41
98 97 96 98 98 104 96 101 104 102 
475 86 19
97 103 103 98 95 102 98 103 95 98 
476 4 47
97 96 99 103 104 102 104 97 104 97 
477 38 15
96 104 96 97 101 103 97 96 103 97 
478 45 91
104 95 103 97 100 98 95 103 100 99 
479 79 77
97 104 95 98 96 102 95 99 101 98 
480 79 54
96 96 101 96 98 97 96 100 99 96 
481 48 71
99 102 95 96 98 103 104 100 103 104 
482 2 80
102 98 101 100 101 99 95 102 100 101 
483 51 90
104 98 101 98 101 98 98 97 97 98 
484 25 26
99 98 98 99 100 101 100 99 104 96 
485 40 66
101 95 99 96 103 99 97 104 104 103 
486 74 36
98 103 102 100 99 98 98 95 102 103 
487 85 65
99 104 103 100 96 102 97 102 104 101 
488 61 99
97 98 104 96 96 97 103 100 98 100 
489 73 90
104 102 104 103 100 100 97 96 99 97 
490 47 28
104 103 101 96 101 102 96 95 95 95 
491 94 64
100 96 95 95 104 100 104 103 97 95 
492 19 91
100 95 96 96 97 103 96 98 103 102 
493 87 28
99 102 102 101 95 96 97 100 99 97 
494 6 4
104 101 98 97 103 96 97 100 98 100 
495 29 38
98 104 96 99 102 102 96 98 102 95 
496 61 68
98 97 99 95 101 96 98 101 102 102 
497 1 26
95 99 97 99 104 95 96 100 95 99 
498 22 100
99 99 97 96 99 97 95 95 101 99 
499 81 86
100 100 98 99 97 98 96 100 102 98 

