50 10 993
0 7 6
103 95 100 95 97 101 96 99 103 99 
1 4 10
97 96 99 100 96 100 100 97 103 103 
2 4 8
100 102 103 103 99 99 101 99 101 96 
3 6 9
95 103 99 103 97 102 103 102 96 97 
4 3 3
104 104 99 102 103 102 101 100 101 99 
5 6 2
96 96 102 102 98 97 103 98 95 97 
6 4 6
95 96 97 96 100 101 98 101 101 102 
7 5 7
101 95 96 98 102 101 101 103 103 98 
8 6 4
101 100 101 103 103 104 98 103 98 102 
9 2 1
101 99 102 97 98 98 95 96 98 96 
10 5 3
104 97 95 102 101 103 95 99 98 103 
11 5 2
95 103 96 100 100 97 102 98 103 99 
12 6 4
104 100 100 98 103 96 102 103 99 103 
13 8 3
103 95 103 96 95 97 100 97 95 103 
14 8 9
98 102 96 98 98 104 102 98 101 99 
15 9 8
100 100 100 96 98 99 98 96 99 98 
16 6 8
101 95 104 103 95 104 103 98 101 97 
17 8 10
96 101 97 104 95 95 101 100 101 98 
18 10 2
95 99 98 99 103 95 96 99 97 98 
19 5 3
97 98 103 103 100 100 102 103 96 97 
20 10 2
97 103 103 95 96 102 97 96 97 102 
21 9 1
102 96 101 104 99 95 98 103 100 96 
22 7 3
103 101 95 104 103 97 97 97 95 96 
23 4 4
95 102 102 99 99 102 99 98 103 97 
24 5 6
100 102 98 95 96 97 98 104 95 100 
25 2 1
102 98 97 104 101 102 98 104 99 97 
26 4 1
104 95 100 104 97 104 99 102 104 95 
27 1 1
99 100 96 99 97 97 99 97 103 103 
28 2 5
101 101 100 97 103 104 100 102 104 95 
29 10 2
97 98 96 98 100 98 98 104 103 101 
30 6 1
104 104 99 104 103 101 98 101 99 96 
31 9 4
95 100 97 104 103 96 97 95 102 100 
32 4 3
103 103 99 103 99 104 96 100 96 100 
33 5 10
96 95 100 101 96 100 96 98 96 98 
34 5 2
102 101 96 99 97 101 103 97 99 99 
35 2 1
101 99 103 102 104 99 103 98 99 100 
36 2 8
97 97 97 100 102 101 101 101 98 102 
37 3 8
98 98 96 104 102 99 97 100 103 95 
38 3 9
99 97 96 96 102 99 95 95 103 98 
39 6 6
104 97 99 99 96 101 96 102 104 100 
40 7 10
104 103 99 103 103 104 101 100 96 104 
41 7 2
98 103 98 96 96 95 103 98 97 97 
42 8 7
96 96 98 95 101 96 96 100 95 101 
43 6 1
102 98 102 103 97 100 96 102 99 99 
44 1 8
100 96 95 104 98 95 102 101 98 95 
45 10 10
99 95 101 99 101 99 101 98 102 101 
46 5 1
96 100 104 102 97 95 100 102 96 102 
47 9 7
104 101 98 97 103 97 96 97 97 95 
48 9 2
99 102 101 96 98 97 98 101 95 98 
49 5 3
100 96 96 101 103 96 99 95 102 104 

