500 10 24866
0 7 6
103 95 100 95 97 101 96 99 103 99 
1 4 10
97 96 99 100 96 100 100 97 103 103 
2 4 8
100 102 103 103 99 99 101 99 101 96 
3 6 9
95 103 99 103 97 102 103 102 96 97 
4 3 3
104 104 99 102 103 102 101 100 101 99 
5 6 2
96 96 102 102 98 97 103 98 95 97 
6 4 6
95 96 97 96 100 101 98 101 101 102 
7 5 7
101 95 96 98 102 101 101 103 103 98 
8 6 4
101 100 101 103 103 104 98 103 98 102 
9 2 1
101 99 102 97 98 98 95 96 98 96 
10 5 3
104 97 95 102 101 103 95 99 98 103 
11 5 2
95 103 96 100 100 97 102 98 103 99 
12 6 4
104 100 100 98 103 96 102 103 99 103 
13 8 3
103 95 103 96 95 97 100 97 95 103 
14 8 9
98 102 96 98 98 104 102 98 101 99 
15 9 8
100 100 100 96 98 99 98 96 99 98 
16 6 8
101 95 104 103 95 104 103 98 101 97 
17 8 10
96 101 97 104 95 95 101 100 101 98 
18 10 2
95 99 98 99 103 95 96 99 97 98 
19 5 3
97 98 103 103 100 100 102 103 96 97 
20 10 2
97 103 103 95 96 102 97 96 97 102 
21 9 1
102 96 101 104 99 95 98 103 100 96 
22 7 3
103 101 95 104 103 97 97 97 95 96 
23 4 4
95 102 102 99 99 102 99 98 103 97 
24 5 6
100 102 98 95 96 97 98 104 95 100 
25 2 1
102 98 97 104 101 102 98 104 99 97 
26 4 1
104 95 100 104 97 104 99 102 104 95 
27 1 1
99 100 96 99 97 97 99 97 103 103 
28 2 5
101 101 100 97 103 104 100 102 104 95 
29 10 2
97 98 96 98 100 98 98 104 103 101 
30 6 1
104 104 99 104 103 101 98 101 99 96 
31 9 4
95 100 97 104 103 96 97 95 102 100 
32 4 3
103 103 99 103 99 104 96 100 96 100 
33 5 10
96 95 100 101 96 100 96 98 96 98 
34 5 2
102 101 96 99 97 101 103 97 99 99 
35 2 1
101 99 103 102 104 99 103 98 99 100 
36 2 8
97 97 97 100 102 101 101 101 98 102 
37 3 8
98 98 96 104 102 99 97 100 103 95 
38 3 9
99 97 96 96 102 99 95 95 103 98 
39 6 6
104 97 99 99 96 101 96 102 104 100 
40 7 10
104 103 99 103 103 104 101 100 96 104 
41 7 2
98 103 98 96 96 95 103 98 97 97 
42 8 7
96 96 98 95 101 96 96 100 95 101 
43 6 1
102 98 102 103 97 100 96 102 99 99 
44 1 8
100 96 95 104 98 95 102 101 98 95 
45 10 10
99 95 101 99 101 99 101 98 102 101 
46 5 1
96 100 104 102 97 95 100 102 96 102 
47 9 7
104 101 98 97 103 97 96 97 97 95 
48 9 2
99 102 101 96 98 97 98 101 95 98 
49 5 3
100 96 96 101 103 96 99 95 102 104 
50 3 9
96 101 95 101 101 104 104 97 101 102 
51 6 2
95 96 102 97 99 96 101 96 97 102 
52 10 4
95 98 98 95 98 100 103 101 98 103 
53 5 10
104 98 98 100 98 104 101 100 95 101 
54 8 7
102 98 104 97 97 103 102 99 96 97 
55 5 5
104 97 98 98 96 102 97 97 98 103 
56 9 7
104 101 96 96 97 95 102 97 100 101 
57 5 8
101 98 96 102 100 103 99 99 95 102 
58 8 4
101 97 101 104 95 101 102 96 99 95 
59 3 8
97 96 96 102 104 102 101 100 95 103 
60 3 6
101 103 96 103 102 104 97 99 98 103 
61 6 6
101 100 101 95 102 103 104 95 104 95 
62 8 1
102 99 100 102 99 104 99 97 95 103 
63 1 8
102 97 98 97 97 96 102 95 101 100 
64 2 4
98 95 100 99 96 98 101 95 102 96 
65 1 2
97 101 98 97 99 100 95 98 95 100 
66 6 5
101 99 100 99 104 101 95 99 103 100 
67 1 10
103 101 97 102 102 97 95 95 103 100 
68 5 4
96 99 101 98 97 99 102 103 103 97 
69 6 9
95 100 97 104 97 98 95 98 104 97 
70 3 10
99 98 96 100 95 100 95 96 97 103 
71 5 5
97 99 97 96 101 104 96 102 101 98 
72 7 10
103 101 99 95 104 101 104 100 104 95 
73 3 1
102 99 98 104 98 95 98 102 99 103 
74 1 1
102 96 104 99 102 100 100 102 99 104 
75 8 6
100 101 97 100 103 100 102 101 96 95 
76 6 5
95 96 99 101 104 99 102 101 103 101 
77 3 8
99 102 99 95 101 97 100 97 103 104 
78 10 10
101 101 100 103 103 97 99 96 98 103 
79 8 3
100 101 96 98 100 98 95 96 98 101 
80 2 10
103 103 98 104 102 99 103 99 97 100 
81 5 2
104 103 99 98 102 98 102 97 95 95 
82 8 8
101 104 103 104 100 96 95 99 96 99 
83 6 9
103 100 99 96 95 103 99 96 102 103 
84 5 7
98 99 95 98 99 104 97 95 103 95 
85 2 6
98 97 96 99 103 101 98 103 96 104 
86 2 4
103 102 100 102 102 96 98 96 100 100 
87 5 3
99 102 99 97 104 101 104 100 95 96 
88 10 9
102 99 103 96 99 95 101 99 102 96 
89 2 6
100 101 101 97 96 97 99 100 96 104 
90 10 4
102 103 103 102 96 104 102 104 99 100 
91 3 1
102 103 101 100 97 104 97 104 100 95 
92 2 9
99 101 100 103 102 101 98 101 101 96 
93 6 9
97 97 104 103 104 96 103 102 96 101 
94 5 6
100 103 99 97 103 101 97 99 99 102 
95 3 4
100 100 104 97 103 99 95 98 103 96 
96 2 8
99 97 99 102 103 103 98 99 101 104 
97 9 7
102 96 96 98 95 100 101 101 98 102 
98 9 4
96 95 101 104 96 95 104 100 97 98 
99 3 1
99 102 101 95 104 100 104 101 103 97 
100 1 9
102 103 99 97 101 99 103 104 99 101 
101 2 8
101 95 99 103 98 104 96 102 101 104 
102 1 8
101 104 99 99 98 101 98 95 99 104 
103 6 3
99 98 97 95 96 98 103 103 98 99 
104 9 9
98 96 103 97 96 103 104 102 104 98 
105 5 3
96 104 99 101 103 96 95 97 101 97 
106 4 9
102 98 101 95 102 99 96 96 101 104 
107 4 10
102 99 103 103 103 97 95 96 96 101 
108 10 1
103 95 99 99 97 104 97 97 99 103 
109 5 3
100 100 100 98 99 95 99 98 99 97 
110 2 5
102 98 101 103 95 100 95 95 100 102 
111 5 1
101 102 97 98 102 101 100 99 97 97 
112 10 9
97 98 99 101 103 100 98 100 96 104 
113 4 4
99 101 98 97 100 102 97 98 101 99 
114 7 7
97 96 97 101 100 97 100 102 102 104 
115 7 6
101 104 95 104 95 101 97 99 97 100 
116 7 8
100 95 95 96 101 104 104 104 95 97 
117 8 9
99 99 100 98 100 98 104 97 99 104 
118 4 5
100 101 96 104 98 104 103 103 95 96 
119 3 7
95 96 102 97 98 100 95 104 104 103 
120 4 8
96 99 96 103 100 99 97 96 95 98 
121 3 5
98 98 99 98 99 101 96 101 103 96 
122 9 4
101 96 100 102 104 95 99 97 99 100 
123 1 2
95 100 99 97 103 102 103 98 97 98 
124 9 7
104 95 99 104 96 97 100 104 100 97 
125 7 7
97 98 104 103 103 96 104 95 101 99 
126 6 8
98 98 95 100 101 104 98 103 96 102 
127 8 5
96 99 100 102 101 98 98 95 101 99 
128 9 8
103 95 104 99 101 99 98 104 103 99 
129 7 7
100 104 99 103 101 99 99 104 103 104 
130 7 8
97 97 102 96 101 103 103 101 103 102 
131 2 5
99 101 100 97 95 98 103 102 97 98 
132 8 1
104 96 104 104 95 103 101 100 95 99 
133 7 9
97 99 100 97 98 103 103 102 99 100 
134 2 8
103 95 99 95 100 99 97 99 100 96 
135 4 9
96 97 98 96 101 104 97 95 100 102 
136 5 9
102 99 103 98 104 104 95 104 96 102 
137 10 7
96 98 97 103 101 103 101 103 95 104 
138 10 9
95 98 95 100 95 99 101 104 95 99 
139 4 10
100 98 103 102 97 104 98 98 99 103 
140 3 1
101 95 103 103 95 95 101 95 98 103 
141 9 7
99 99 100 99 103 95 100 98 101 100 
142 1 9
99 101 99 95 99 103 95 97 103 96 
143 1 1
96 103 98 101 101 96 97 95 100 95 
144 7 6
97 96 103 103 101 96 104 97 104 98 
145 3 6
98 99 102 96 100 104 97 103 104 100 
146 6 6
101 104 102 98 104 100 103 99 101 103 
147 3 5
104 96 101 95 101 95 100 104 101 99 
148 4 3
100 102 97 99 97 102 96 95 102 95 
149 6 9
100 98 97 96 96 102 102 98 95 100 
150 6 10
100 96 103 99 102 96 103 98 103 95 
151 10 3
103 96 99 102 96 104 102 102 97 95 
152 1 7
104 103 96 104 98 101 95 104 104 104 
153 6 8
97 98 97 98 98 96 102 98 97 97 
154 1 5
98 103 98 103 95 98 99 96 96 102 
155 3 6
98 98 101 98 97 96 97 101 99 99 
156 10 8
102 104 96 95 96 98 101 99 96 104 
157 5 4
99 103 99 101 102 102 96 96 95 104 
158 7 5
95 95 95 101 101 97 100 98 96 103 
159 6 5
97 98 95 100 99 100 104 104 100 100 
160 6 4
99 103 101 99 102 97 95 104 99 98 
161 6 1
102 95 100 103 104 98 99 96 101 99 
162 9 2
104 104 97 102 100 104 95 104 102 101 
163 7 7
95 103 100 99 96 97 101 103 97 96 
164 9 4
101 97 101 98 104 100 101 95 99 103 
165 8 2
102 102 98 101 100 96 97 100 104 104 
166 2 2
96 102 96 100 96 95 96 104 99 102 
167 3 4
99 103 99 96 103 96 97 102 96 102 
168 4 7
103 102 97 103 101 100 96 104 100 99 
169 8 9
99 103 102 96 100 95 99 97 95 95 
170 4 2
97 102 103 98 100 99 96 98 96 100 
171 4 1
96 101 96 101 96 103 99 102 103 98 
172 9 7
100 100 103 103 100 96 104 104 103 104 
173 5 4
98 101 104 102 96 99 102 97 98 95 
174 1 7
96 101 100 104 95 101 100 102 96 98 
175 6 9
99 101 103 98 101 99 103 96 95 102 
176 9 3
99 102 101 102 103 104 100 104 100 95 
177 9 8
101 101 100 104 104 97 103 99 104 103 
178 10 6
97 102 103 98 102 102 102 98 101 100 
179 3 5
101 102 100 97 104 101 96 101 97 103 
180 6 2
96 100 102 95 98 103 102 101 101 100 
181 2 6
99 95 95 96 102 97 102 99 96 98 
182 9 1
96 104 101 98 103 99 101 96 104 101 
183 4 4
99 95 96 97 102 99 104 97 101 104 
184 4 4
96 95 102 99 100 102 100 101 104 98 
185 2 10
102 103 95 102 101 98 97 95 100 98 
186 4 3
102 99 99 100 99 104 103 102 97 103 
187 3 8
100 104 99 99 97 100 98 95 100 100 
188 10 2
103 96 99 100 101 102 103 100 98 99 
189 1 8
99 103 102 101 103 104 98 101 95 104 
190 1 3
102 101 97 97 98 98 101 99 99 95 
191 10 1
104 104 100 97 99 100 97 95 101 104 
192 7 5
95 96 95 95 98 98 97 95 96 102 
193 5 5
95 95 103 100 97 95 102 96 104 98 
194 7 4
95 103 98 101 104 96 98 104 100 98 
195 10 9
103 98 95 104 95 99 99 98 102 99 
196 1 2
99 102 98 99 97 96 104 100 104 98 
197 4 9
101 101 104 96 97 103 104 95 98 104 
198 1 5
101 101 104 100 97 104 101 102 103 96 
199 4 2
97 97 101 98 102 104 98 99 103 97 
200 6 1
97 102 95 101 103 97 97 99 103 96 
201 2 2
97 103 95 95 104 98 96 99 102 104 
202 8 8
96 96 96 104 98 103 104 103 102 104 
203 5 7
97 101 97 97 104 99 100 96 97 100 
204 2 4
103 100 102 103 99 100 100 100 103 103 
205 7 4
101 100 96 99 102 100 97 96 98 99 
206 4 5
103 104 100 97 99 104 101 100 99 98 
207 6 1
95 95 103 103 103 99 97 101 97 100 
208 3 10
96 99 95 101 96 100 96 96 99 103 
209 5 2
102 97 103 98 102 98 101 95 98 99 
210 9 4
95 97 96 97 95 99 96 98 95 98 
211 10 2
104 97 98 100 96 104 101 95 98 101 
212 5 1
104 95 95 99 101 96 104 101 100 96 
213 2 8
100 97 95 100 103 95 104 104 99 99 
214 5 6
100 98 101 103 104 97 95 96 99 98 
215 6 1
101 100 103 98 103 104 96 98 99 96 
216 1 3
98 96 96 103 100 102 100 97 95 98 
217 1 3
100 98 98 96 101 103 96 99 100 95 
218 8 4
104 103 103 98 97 96 102 100 97 95 
219 6 1
103 96 97 103 99 100 95 97 103 98 
220 4 7
99 102 95 96 104 104 102 95 103 102 
221 7 3
95 98 104 100 99 100 100 99 103 104 
222 3 5
99 100 101 99 95 97 95 101 96 97 
223 1 1
97 102 95 97 101 101 99 102 97 98 
224 3 9
95 104 97 95 103 101 100 100 96 98 
225 10 5
100 97 95 103 101 95 103 103 104 96 
226 1 7
102 101 100 96 97 102 104 99 101 98 
227 6 7
95 95 96 96 98 98 100 96 102 103 
228 10 4
103 95 97 95 96 99 101 103 96 96 
229 3 6
95 96 104 103 102 99 99 102 99 103 
230 9 1
96 101 96 95 101 97 98 101 97 102 
231 7 4
99 99 99 100 102 101 95 102 104 104 
232 6 7
101 95 98 95 103 99 95 96 97 98 
233 2 1
103 101 101 95 101 98 101 95 104 97 
234 6 8
103 102 99 104 103 97 103 99 97 98 
235 8 3
104 104 100 98 100 103 98 98 99 95 
236 6 1
100 98 95 99 100 102 96 100 101 103 
237 6 8
95 100 96 99 95 95 103 95 95 98 
238 4 6
96 104 95 102 104 100 95 101 96 97 
239 3 7
95 101 97 103 99 104 100 101 99 104 
240 1 5
104 95 101 96 98 97 103 101 96 103 
241 6 3
101 100 103 102 103 97 98 95 103 102 
242 1 3
101 101 95 97 102 95 102 103 97 100 
243 1 8
102 103 98 103 104 104 97 102 101 95 
244 5 5
98 104 101 96 102 102 101 100 100 101 
245 9 3
104 102 95 96 97 97 104 95 96 99 
246 1 3
100 98 104 97 100 100 103 95 99 102 
247 5 4
99 97 104 96 103 102 98 104 101 100 
248 4 9
103 97 95 96 103 98 98 101 103 99 
249 9 4
104 103 101 100 102 97 104 98 99 103 
250 5 5
102 104 99 100 100 102 98 98 96 101 
251 7 2
96 96 102 104 100 102 99 101 103 95 
252 2 6
97 95 104 101 95 100 98 104 100 102 
253 5 1
101 95 100 102 103 96 103 104 99 103 
254 9 10
100 97 102 98 100 103 96 104 96 95 
255 9 2
100 96 98 97 103 104 97 99 104 104 
256 4 8
95 98 101 99 96 99 100 104 104 97 
257 3 5
98 98 98 99 100 96 102 98 99 95 
258 6 3
95 95 103 96 104 96 104 95 102 102 
259 7 9
99 99 102 98 103 97 104 96 100 99 
260 6 4
103 98 101 97 100 98 102 102 98 100 
261 10 4
104 95 100 101 102 96 101 96 102 99 
262 7 7
103 100 102 100 97 100 103 97 95 101 
263 5 6
95 98 100 98 104 99 101 103 99 96 
264 7 2
100 97 100 99 101 96 95 101 104 95 
265 3 4
102 95 100 102 104 96 99 104 100 104 
266 3 7
100 96 101 104 99 97 98 96 99 103 
267 7 4
96 101 104 97 103 96 100 100 99 97 
268 5 4
99 96 99 96 95 103 102 103 104 98 
269 10 7
102 97 102 96 97 100 101 101 99 101 
270 9 3
104 99 95 100 103 99 95 97 102 99 
271 6 1
98 97 103 99 102 102 95 99 97 95 
272 9 5
100 99 97 104 97 96 99 99 102 99 
273 10 6
95 95 95 95 99 100 95 104 95 103 
274 5 8
102 101 99 104 103 97 101 101 103 103 
275 6 2
104 96 100 103 102 101 101 95 101 101 
276 1 4
96 95 97 96 95 103 96 102 100 100 
277 10 6
104 100 96 104 98 104 97 100 95 104 
278 4 9
101 96 95 99 102 97 102 96 97 97 
279 5 5
95 100 98 102 97 97 98 98 102 99 
280 6 4
98 102 95 99 102 100 99 98 102 101 
281 8 5
103 102 102 97 104 97 101 96 104 96 
282 10 5
99 99 104 98 103 99 103 97 97 103 
283 9 10
99 99 99 96 95 98 102 103 97 100 
284 3 4
104 103 100 103 96 101 99 100 95 99 
285 2 9
95 104 97 97 95 97 98 99 101 104 
286 8 9
100 99 103 102 96 95 96 95 95 103 
287 2 3
101 102 104 101 96 97 101 97 99 96 
288 7 5
98 97 95 97 96 102 97 103 98 96 
289 7 6
98 104 102 101 104 103 95 100 101 104 
290 2 10
99 104 98 103 95 97 99 101 99 99 
291 9 8
96 95 101 101 98 99 96 104 100 96 
292 6 5
104 100 104 102 101 97 104 95 96 99 
293 1 3
103 99 103 99 103 103 97 96 95 95 
294 1 5
101 96 100 96 97 95 100 99 102 99 
295 4 6
101 99 103 104 96 103 98 104 100 98 
296 5 6
96 103 104 97 95 104 103 101 97 100 
297 8 6
100 99 96 99 103 101 104 101 98 102 
298 8 5
103 96 100 98 99 104 103 101 104 102 
299 1 10
101 95 100 104 100 99 101 97 103 104 
300 7 9
102 102 101 97 100 99 101 98 100 99 
301 9 10
98 101 102 100 101 102 99 99 104 97 
302 4 5
101 96 103 100 97 99 100 95 99 97 
303 3 10
101 96 99 96 100 97 97 95 95 95 
304 6 7
102 97 96 104 99 101 98 95 95 99 
305 8 3
103 98 99 97 102 102 98 98 95 104 
306 7 8
98 103 102 99 103 100 97 103 102 100 
307 8 4
99 97 98 99 101 98 101 102 103 96 
308 2 6
95 102 95 97 101 103 104 95 101 103 
309 7 8
100 103 102 97 101 101 100 95 95 96 
310 5 10
99 97 103 99 100 104 96 100 103 96 
311 10 8
104 103 102 102 102 100 101 97 98 98 
312 8 10
96 99 96 97 102 100 96 98 103 96 
313 8 4
95 103 96 96 96 95 103 95 96 102 
314 1 1
97 101 99 102 97 96 102 100 103 95 
315 8 6
101 95 104 101 96 103 96 99 104 97 
316 6 1
100 100 98 101 97 98 101 99 96 95 
317 2 6
99 95 96 99 96 95 104 102 96 95 
318 6 5
96 101 95 95 96 102 95 101 97 98 
319 5 7
103 95 95 95 97 97 100 101 99 101 
320 3 6
102 97 99 95 99 104 101 100 103 104 
321 6 10
101 103 100 96 96 104 102 95 96 95 
322 3 4
99 102 97 103 101 99 101 98 103 97 
323 6 6
99 98 95 97 97 103 96 96 103 103 
324 3 10
104 96 96 95 96 98 100 102 98 104 
325 7 10
101 97 99 99 101 96 96 95 99 97 
326 3 8
97 98 103 95 98 97 96 97 100 100 
327 3 8
95 95 99 98 104 97 99 100 101 95 
328 3 4
96 98 98 101 102 101 100 96 96 100 
329 4 8
102 100 104 97 97 99 96 97 99 103 
330 9 4
97 97 96 104 98 98 99 101 103 104 
331 3 7
102 104 104 96 99 98 103 98 95 102 
332 7 3
96 104 99 100 104 97 96 97 102 99 
333 4 3
104 104 103 102 103 96 100 101 97 100 
334 8 8
103 100 95 95 99 103 97 101 95 103 
335 4 10
96 99 98 95 95 103 97 104 102 95 
336 8 9
98 99 101 101 104 98 100 104 95 100 
337 10 5
101 98 97 101 97 101 102 100 97 98 
338 6 4
96 104 97 96 104 96 96 100 101 102 
339 4 8
97 103 104 99 98 95 103 96 99 98 
340 8 7
104 102 98 98 95 103 103 98 102 96 
341 7 9
99 102 100 95 101 103 95 103 101 104 
342 3 3
96 98 98 100 103 98 98 104 95 101 
343 3 1
101 96 98 100 99 95 101 95 104 96 
344 2 7
95 98 101 103 97 96 97 100 101 101 
345 2 5
104 101 98 96 100 102 96 96 95 101 
346 10 7
103 100 102 95 101 95 101 103 98 99 
347 10 8
100 96 97 96 104 100 102 103 97 97 
348 10 8
95 97 95 95 96 104 104 104 99 101 
349 10 4
101 102 98 104 97 97 101 104 101 95 
350 4 6
101 95 101 103 98 102 102 100 95 102 
351 6 2
102 99 97 96 97 99 101 103 96 95 
352 10 6
99 102 100 95 103 95 103 99 95 99 
353 5 6
96 98 95 98 95 103 99 102 99 104 
354 2 8
98 104 102 101 96 102 97 101 99 104 
355 9 3
104 103 103 96 97 99 102 99 102 104 
356 8 1
104 99 104 99 100 97 98 103 97 95 
357 5 4
104 103 96 99 102 97 103 103 95 104 
358 1 6
98 104 96 98 103 95 98 95 99 99 
359 5 10
102 104 104 104 104 99 99 96 99 103 
360 6 3
97 100 95 97 99 97 104 95 96 95 
361 6 3
96 103 97 102 99 103 104 96 102 103 
362 3 9
99 102 104 104 102 101 98 104 97 98 
363 4 9
101 98 103 104 100 98 96 101 98 100 
364 5 9
98 100 104 97 98 97 96 95 96 97 
365 2 9
104 99 104 98 104 97 96 102 102 95 
366 8 4
100 95 104 96 101 100 104 96 97 95 
367 5 9
99 100 103 102 104 104 102 103 100 101 
368 2 7
96 100 99 103 102 96 98 97 98 98 
369 6 10
95 99 96 100 102 100 98 98 97 96 
370 4 2
97 95 97 104 104 100 100 95 95 104 
371 1 8
97 99 97 101 104 102 102 96 99 103 
372 7 4
100 104 103 104 95 96 98 99 99 100 
373 4 4
97 96 100 98 95 100 97 100 104 101 
374 2 1
101 103 97 95 104 103 100 101 103 98 
375 9 1
102 96 102 96 101 97 99 103 98 104 
376 4 7
101 103 96 103 99 97 103 95 97 97 
377 3 4
96 102 97 96 98 95 98 95 96 97 
378 2 10
100 102 104 103 103 100 101 99 98 102 
379 3 10
96 98 95 99 100 99 104 103 99 98 
380 10 8
98 100 104 101 102 97 102 97 104 102 
381 4 8
97 104 98 102 102 101 101 103 96 103 
382 5 7
98 101 100 102 104 101 101 100 96 102 
383 4 10
104 96 98 103 103 103 102 97 103 95 
384 10 8
101 100 102 104 99 99 101 104 95 98 
385 9 2
104 101 103 98 98 97 97 97 98 102 
386 1 4
101 102 100 99 102 101 98 101 98 95 
387 6 10
101 98 103 103 101 103 95 103 99 95 
388 2 8
97 100 104 100 97 96 95 103 95 100 
389 5 1
98 104 103 102 95 100 101 103 104 102 
390 8 8
100 102 100 95 102 103 102 97 98 104 
391 10 7
97 95 101 100 102 96 100 96 95 98 
392 9 3
95 101 96 104 98 103 104 104 102 99 
393 10 7
98 103 103 101 104 103 99 97 95 96 
394 10 8
99 99 95 101 104 103 96 104 102 97 
395 2 1
97 95 104 96 101 95 102 96 104 103 
396 1 1
103 99 99 103 102 98 102 98 104 103 
397 1 9
103 96 95 100 100 98 101 104 98 102 
398 1 2
103 104 98 104 104 98 104 102 104 101 
399 8 8
104 102 95 104 100 97 104 100 100 96 
400 4 3
99 104 96 104 103 98 96 101 100 99 
401 8 5
104 102 99 103 98 96 102 99 103 95 
402 4 6
97 100 98 103 101 101 95 98 102 99 
403 3 6
102 98 99 97 104 96 104 103 95 98 
404 10 4
99 101 95 100 101 100 97 104 95 100 
405 10 10
98 96 97 95 100 101 101 100 95 97 
406 10 2
98 95 97 99 98 96 104 95 102 104 
407 8 5
100 104 100 102 102 101 101 95 102 95 
408 2 6
102 104 97 102 96 98 95 99 99 97 
409 1 8
98 95 104 98 96 101 104 101 101 99 
410 7 6
97 97 100 104 98 103 101 95 102 103 
411 10 1
99 104 102 103 99 102 102 104 104 104 
412 3 2
100 98 104 98 102 100 103 96 95 101 
413 2 4
99 104 100 97 95 99 97 99 100 104 
414 5 2
104 98 96 103 97 100 96 103 104 96 
415 2 9
103 97 95 103 103 98 96 97 97 103 
416 7 3
99 104 103 95 95 97 98 96 101 101 
417 1 9
97 98 101 98 99 95 98 100 99 100 
418 4 3
103 102 101 98 100 98 102 95 99 101 
419 3 7
103 100 103 101 99 95 100 101 98 98 
420 2 1
100 101 100 104 97 95 98 97 102 95 
421 8 6
98 100 102 102 96 104 98 96 101 98 
422 1 1
98 100 103 104 95 96 104 101 103 101 
423 6 1
101 104 99 101 96 97 98 99 102 95 
424 4 1
96 101 98 102 97 98 95 100 95 95 
425 5 2
97 100 102 97 98 99 99 97 100 103 
426 9 7
95 96 97 104 98 100 96 99 99 102 
427 4 7
95 98 98 96 101 95 99 95 100 98 
428 3 2
104 101 98 100 101 96 98 104 99 103 
429 9 8
98 97 96 104 104 99 102 104 95 96 
430 3 9
96 103 103 103 96 97 104 96 95 99 
431 9 7
100 98 100 96 96 101 95 102 95 98 
432 9 10
95 101 95 95 102 100 95 95 98 103 
433 1 6
97 95 103 97 99 101 95 97 104 103 
434 6 4
99 101 97 99 104 95 100 104 101 100 
435 2 6
95 96 100 101 96 101 96 100 103 104 
436 8 5
102 103 103 103 101 101 96 97 99 98 
437 9 4
101 98 100 99 95 103 95 96 97 102 
438 10 6
100 95 96 98 96 95 95 103 95 95 
439 7 9
101 95 95 97 100 95 101 96 98 98 
440 7 7
98 103 104 102 100 103 98 96 103 101 
441 7 2
101 103 96 102 96 104 100 102 96 103 
442 3 8
103 103 95 99 98 103 95 103 101 104 
443 7 3
104 96 100 104 102 98 95 100 97 98 
444 3 4
97 95 97 99 95 99 98 103 99 98 
445 5 10
99 101 103 95 102 101 99 101 102 96 
446 6 5
100 102 96 102 95 99 97 100 101 101 
447 2 7
96 99 101 102 104 98 102 100 104 102 
448 7 10
98 97 102 97 99 98 103 96 97 104 
449 9 6
100 97 95 96 103 98 104 104 104 101 
450 10 1
96 101 101 97 100 99 96 95 103 104 
451 3 3
99 95 98 103 104 98 98 102 102 100 
452 9 7
103 103 102 104 101 101 95 102 99 103 
453 10 10
97 98 104 95 97 96 100 103 98 95 
454 7 6
101 97 97 98 102 97 104 103 97 104 
455 10 9
100 104 102 95 104 104 96 96 97 98 
456 5 7
101 96 99 95 96 97 102 104 101 104 
457 4 7
98 99 101 101 98 100 99 96 102 99 
458 4 7
98 99 103 100 102 99 96 99 100 102 
459 7 9
96 98 103 103 99 96 99 102 102 95 
460 4 2
102 95 97 99 99 100 96 102 96 96 
461 5 2
100 100 100 97 99 98 95 102 103 103 
462 6 5
96 96 98 104 98 102 97 96 104 101 
463 6 4
98 103 97 99 104 101 100 99 98 97 
464 9 10
100 104 101 100 104 99 104 98 102 98 
465 5 4
97 101 101 96 99 98 101 102 97 95 
466 2 2
103 102 103 98 96 101 97 104 102 95 
467 5 8
101 99 95 99 104 101 102 96 97 100 
468 5 7
103 97 100 95 97 101 99 97 100 99 
469 6 8
95 102 103 95 102 97 104 99 103 96 
470 1 10
102 104 95 96 99 101 104 97 95 99 
471 6 5
95 104 101 103 98 96 102 100 103 100 
472 6 9
104 99 99 103 100 101 102 97 100 95 
473 4 2
103 97 98 104 103 103 98 104 102 97 
474 10 3
98 101 103 99 98 98 99 97 95 103 
475 3 8
101 97 95 96 99 100 97 99 95 102 
476 4 9
103 104 104 102 96 95 95 101 101 103 
477 1 2
98 99 99 100 99 103 98 95 95 100 
478 4 7
97 102 96 99 100 101 100 98 102 99 
479 1 1
100 97 102 98 97 102 100 103 99 96 
480 4 9
104 101 96 97 98 99 95 101 97 96 
481 3 10
95 102 99 102 99 101 103 104 104 102 
482 5 4
101 96 96 95 97 100 96 99 98 97 
483 9 10
103 103 102 97 97 104 96 97 102 100 
484 2 2
99 96 97 98 103 101 101 100 103 95 
485 6 3
100 103 103 95 95 103 104 104 104 101 
486 4 2
101 100 100 100 97 103 101 101 95 103 
487 2 9
101 95 98 101 95 96 104 102 104 104 
488 10 1
103 104 96 102 102 99 95 98 96 100 
489 9 7
98 101 97 100 99 101 99 98 103 102 
490 10 1
95 95 102 95 95 101 97 95 102 100 
491 8 6
96 104 95 98 99 96 96 104 102 100 
492 6 5
96 96 102 96 95 103 96 96 104 95 
493 4 2
102 100 96 101 97 95 96 98 104 99 
494 9 6
100 104 101 99 100 98 95 103 99 104 
495 1 6
103 96 103 104 97 96 95 96 103 96 
496 10 1
98 98 98 97 102 99 102 99 98 98 
497 9 1
102 96 104 98 95 96 95 103 97 103 
498 8 7
96 104 104 104 97 104 104 100 99 100 
499 8 2
104 99 102 99 95 102 100 104 103 101 

