500 10 44726
0 91 20
113 100 86 123 89 102 120 102 117 104 
1 50 94
112 124 79 98 92 105 77 97 94 90 
2 68 92
85 105 121 88 88 111 107 77 86 121 
3 53 78
98 122 82 92 103 81 85 90 81 89 
4 91 76
119 120 124 91 85 91 84 98 123 80 
5 87 63
118 96 91 81 92 93 111 115 92 118 
6 11 46
124 95 87 82 112 79 110 108 124 109 
7 100 63
78 85 112 76 92 98 90 85 121 106 
8 70 66
76 80 83 93 123 93 90 124 113 102 
9 10 78
107 121 86 108 107 87 122 110 98 109 
10 90 93
85 79 80 81 113 99 97 116 106 107 
11 61 32
75 100 105 115 80 116 93 112 112 104 
12 23 73
116 95 84 91 81 123 84 91 80 91 
13 76 46
115 124 111 96 106 123 77 106 101 109 
14 24 32
103 116 95 92 97 117 114 91 89 124 
15 85 72
124 120 114 81 86 89 76 76 88 115 
16 25 97
113 103 104 91 88 78 122 116 119 94 
17 9 20
89 75 110 103 124 94 76 75 90 116 
18 58 77
82 85 105 98 75 81 94 116 110 124 
19 58 49
79 82 116 123 101 76 94 115 76 79 
20 72 3
101 97 78 118 90 87 94 100 97 76 
21 99 74
83 94 91 118 93 98 118 97 107 111 
22 24 60
112 117 76 116 124 99 120 100 124 75 
23 19 65
87 114 114 110 118 114 85 76 84 101 
24 47 30
76 116 77 109 102 102 120 89 96 121 
25 58 71
96 80 122 95 80 90 111 93 82 103 
26 56 51
92 92 76 101 120 124 81 121 115 85 
27 81 18
114 100 108 85 99 118 108 122 123 105 
28 20 4
123 80 98 80 110 105 80 78 124 83 
29 32 95
84 114 116 124 76 98 93 117 76 78 
30 4 78
121 113 99 121 93 118 77 91 75 100 
31 24 37
83 105 116 84 113 99 79 122 91 122 
32 99 68
97 93 87 98 97 90 75 95 80 101 
33 18 74
94 96 117 97 123 92 83 81 123 76 
34 17 87
102 97 111 118 94 111 88 116 80 100 
35 68 80
117 94 76 122 121 93 95 92 114 89 
36 42 89
107 76 121 107 77 89 95 105 111 81 
37 76 58
120 113 76 77 88 93 106 82 114 107 
38 5 88
78 102 82 119 116 123 109 100 75 108 
39 58 5
122 105 109 111 111 87 120 108 75 121 
40 36 17
91 93 98 81 78 103 120 83 82 77 
41 55 51
76 116 101 78 99 110 82 98 90 119 
42 12 5
81 82 114 83 78 102 99 97 122 75 
43 79 53
103 100 85 110 103 92 112 106 83 90 
44 85 35
76 118 84 93 112 96 99 120 105 91 
45 5 36
118 103 82 115 103 112 118 83 88 80 
46 46 92
97 108 99 107 123 85 91 76 78 101 
47 23 94
124 123 113 104 89 117 89 82 96 99 
48 1 52
86 120 87 99 75 82 92 100 117 118 
49 60 94
78 101 119 82 79 93 75 80 92 113 
50 37 32
108 77 116 81 101 116 82 113 111 94 
51 15 39
104 107 90 98 100 100 91 106 78 88 
52 41 60
106 115 89 123 105 77 105 88 79 96 
53 70 82
89 104 96 77 75 110 115 106 94 83 
54 6 98
108 96 105 113 109 95 122 91 85 88 
55 17 93
90 121 83 94 94 104 77 108 85 98 
56 86 62
86 103 117 107 111 122 106 96 96 86 
57 60 8
108 81 100 120 94 117 113 109 115 123 
58 56 11
102 83 120 115 108 106 76 121 86 120 
59 32 48
120 89 93 91 103 104 100 86 112 76 
60 8 59
118 122 119 108 120 124 120 99 84 116 
61 65 96
99 90 118 110 88 99 109 83 114 79 
62 77 20
108 76 105 95 77 112 103 122 109 97 
63 84 82
98 103 81 108 96 95 105 120 113 98 
64 83 54
123 91 86 114 95 112 83 80 115 115 
65 78 46
103 80 117 89 104 100 121 80 81 79 
66 39 30
101 95 102 91 118 84 94 116 103 107 
67 83 1
94 117 81 87 108 108 82 88 116 124 
68 28 73
102 100 102 110 104 92 89 83 112 116 
69 75 84
78 119 99 106 101 84 106 123 76 114 
70 11 85
100 94 122 93 93 102 117 122 77 95 
71 35 35
114 124 117 104 117 93 87 120 87 113 
72 79 42
124 87 116 76 76 78 112 103 97 112 
73 97 93
89 114 115 93 86 99 77 77 100 121 
74 82 19
90 120 90 104 111 119 97 110 81 88 
75 39 10
91 101 113 113 88 109 108 104 100 100 
76 98 37
76 77 114 102 123 97 122 90 95 89 
77 98 7
85 94 118 91 108 107 103 76 85 93 
78 93 76
79 100 79 105 75 76 93 76 80 82 
79 31 7
107 104 96 77 119 95 85 79 115 78 
80 24 26
112 76 101 122 94 93 97 98 120 101 
81 56 96
105 99 124 112 108 104 118 90 84 92 
82 18 6
112 102 84 102 106 107 79 93 110 106 
83 19 55
76 115 105 122 94 112 119 76 86 120 
84 89 96
100 109 85 111 76 105 116 115 82 77 
85 21 91
110 99 86 95 82 106 102 84 98 84 
86 59 95
121 79 120 83 75 111 80 102 97 92 
87 16 74
122 83 88 82 85 110 124 120 85 87 
88 69 68
118 120 103 92 79 113 88 77 118 84 
89 63 46
122 92 97 94 110 114 119 109 122 84 
90 94 58
120 118 80 82 80 98 101 76 93 80 
91 71 25
120 108 103 115 119 116 110 118 85 84 
92 13 48
123 83 107 122 93 100 80 90 95 85 
93 23 79
108 123 104 78 80 76 104 76 111 82 
94 94 32
75 104 99 86 115 114 83 116 122 117 
95 89 68
93 118 107 115 80 81 93 115 82 124 
96 44 63
75 99 90 112 109 86 95 109 117 121 
97 98 33
110 81 98 110 123 89 79 93 84 114 
98 10 66
120 102 80 79 104 76 94 106 100 111 
99 71 62
122 115 123 114 112 120 97 99 76 122 
100 12 53
88 91 95 98 80 106 113 77 86 120 
101 10 41
121 103 96 99 89 117 110 87 109 108 
102 54 74
106 100 75 109 100 86 111 113 104 84 
103 14 37
117 76 114 78 122 123 118 120 103 92 
104 20 93
86 82 81 120 117 85 96 98 112 96 
105 9 13
109 121 78 89 82 91 75 75 95 116 
106 4 70
114 124 89 92 93 111 87 104 118 93 
107 77 38
103 124 86 91 95 96 105 80 94 110 
108 70 28
79 94 104 99 86 109 118 77 110 84 
109 23 54
120 109 109 115 79 88 103 108 87 116 
110 2 34
89 108 115 110 94 84 87 98 105 118 
111 98 94
103 117 123 88 78 97 94 124 83 78 
112 92 63
91 96 122 106 89 123 89 103 107 81 
113 67 54
92 103 101 124 99 100 120 77 94 118 
114 68 73
90 111 98 100 117 92 112 85 113 110 
115 42 54
110 82 108 94 88 124 97 107 105 123 
116 83 57
100 102 83 119 95 102 94 112 91 119 
117 13 9
86 76 95 75 111 89 80 99 96 115 
118 94 38
117 91 94 99 91 78 105 119 105 115 
119 41 3
92 84 116 108 79 80 118 90 82 89 
120 68 46
105 99 94 76 90 90 115 84 106 87 
121 84 100
92 90 120 123 80 111 77 97 120 119 
122 9 2
124 76 94 81 92 113 77 122 88 98 
123 2 31
113 118 114 96 82 99 98 100 114 93 
124 26 97
79 102 93 77 96 103 78 96 107 99 
125 30 52
88 106 124 103 82 77 83 120 122 124 
126 70 6
100 117 107 89 85 82 85 90 109 105 
127 68 57
86 97 104 118 122 83 119 87 117 120 
128 41 100
124 75 121 122 124 90 79 99 82 111 
129 41 19
120 77 108 104 109 77 110 120 101 91 
130 41 26
100 110 112 92 107 104 91 109 104 87 
131 84 79
103 114 79 110 102 119 80 97 121 115 
132 2 82
117 114 101 96 80 92 121 105 79 111 
133 100 39
90 90 99 120 105 82 98 85 121 103 
134 98 74
99 78 120 96 118 124 77 113 115 105 
135 60 46
124 82 103 80 118 102 121 84 118 95 
136 5 76
105 104 110 101 84 107 77 109 110 124 
137 8 32
75 86 96 115 116 105 111 118 112 89 
138 51 32
118 121 117 113 92 121 88 122 102 75 
139 76 90
108 104 98 95 106 105 78 106 118 99 
140 73 37
79 85 104 119 101 105 102 94 103 96 
141 61 98
94 98 121 121 99 99 110 84 78 85 
142 82 87
117 110 93 110 84 117 97 91 79 78 
143 13 83
110 116 78 89 87 88 86 106 114 85 
144 80 16
109 92 99 114 102 82 101 95 117 121 
145 8 5
113 104 97 119 110 109 101 95 102 104 
146 37 40
120 75 97 109 85 76 124 119 93 100 
147 84 99
107 84 95 100 82 102 106 120 84 78 
148 92 45
114 94 89 91 124 78 82 121 78 104 
149 31 14
107 106 82 76 81 117 76 113 79 96 
150 66 62
123 123 84 82 76 75 78 115 95 93 
151 9 22
98 90 92 101 119 124 114 102 105 123 
152 81 89
115 106 103 119 77 121 83 75 119 92 
153 61 97
92 88 113 114 108 122 87 81 87 106 
154 83 10
105 98 113 87 96 95 77 89 76 106 
155 11 6
102 93 82 96 110 92 94 80 108 85 
156 97 67
84 84 100 98 115 84 107 98 108 97 
157 86 7
117 113 95 118 96 108 75 123 76 83 
158 22 40
102 118 121 85 80 117 102 89 76 79 
159 88 45
88 97 92 121 119 79 80 112 119 102 
160 33 16
85 110 90 89 118 114 78 95 109 76 
161 32 90
118 85 78 122 89 117 118 104 89 85 
162 77 62
91 108 75 86 85 109 103 96 94 119 
163 36 63
110 115 110 94 116 91 85 111 103 90 
164 36 45
82 103 98 99 115 76 112 82 109 112 
165 69 98
96 123 93 116 119 80 80 104 122 115 
166 1 89
83 85 101 111 102 89 107 112 117 83 
167 12 34
84 123 117 121 112 87 118 83 85 88 
168 52 56
93 82 111 90 122 112 80 81 124 108 
169 45 78
122 102 89 117 110 102 102 121 102 94 
170 95 65
106 114 99 118 77 101 123 97 110 112 
171 40 35
99 121 115 100 105 112 77 104 91 93 
172 72 54
120 123 76 97 94 121 113 77 110 88 
173 47 41
116 121 87 101 108 77 85 84 123 78 
174 86 81
115 114 87 83 83 108 88 80 109 89 
175 31 56
87 93 83 123 108 81 113 99 79 75 
176 51 89
79 86 124 80 91 109 110 83 101 122 
177 67 85
108 104 116 94 120 96 99 83 115 109 
178 57 74
117 121 75 122 123 75 112 80 88 111 
179 61 30
98 120 112 124 120 80 110 105 111 101 
180 100 83
123 100 115 115 87 123 90 79 121 90 
181 52 95
91 113 124 106 102 84 86 75 82 75 
182 100 5
81 109 109 117 85 110 101 85 85 91 
183 1 75
91 91 104 87 108 105 84 124 96 83 
184 34 99
95 121 123 104 121 124 108 79 110 94 
185 50 46
79 100 83 91 119 85 116 85 101 95 
186 26 63
77 109 86 100 119 121 98 89 117 98 
187 96 92
97 105 120 82 124 121 80 80 97 88 
188 25 19
98 90 105 77 112 80 89 116 114 102 
189 68 85
101 117 75 93 91 123 84 115 103 82 
190 49 31
78 80 112 102 95 86 120 120 101 103 
191 98 66
108 88 84 100 118 101 86 94 95 86 
192 90 37
86 124 102 115 81 102 97 86 107 84 
193 40 53
96 111 122 124 89 122 92 75 87 101 
194 76 6
79 111 101 99 124 91 86 88 92 115 
195 6 74
92 102 111 124 111 102 78 84 89 77 
196 62 81
124 103 107 89 79 84 96 83 122 123 
197 83 50
91 120 87 108 110 92 83 79 119 119 
198 56 33
97 83 119 113 86 80 95 87 108 78 
199 77 40
89 123 124 87 123 108 86 89 104 98 
200 48 67
117 82 96 113 76 103 97 100 112 91 
201 16 1
96 111 87 81 116 116 122 80 116 121 
202 20 90
105 105 80 86 80 79 102 122 86 75 
203 36 15
104 83 115 93 101 80 93 75 118 107 
204 7 35
100 79 117 93 75 86 82 107 119 89 
205 44 100
93 96 124 106 98 109 121 79 119 111 
206 73 22
118 117 96 112 102 104 98 77 110 90 
207 22 89
104 105 95 98 122 89 99 90 112 98 
208 98 63
85 118 92 79 106 116 102 99 109 123 
209 12 12
105 112 90 90 79 113 78 108 96 99 
210 59 69
115 108 110 102 81 109 116 91 102 83 
211 24 61
75 75 110 111 76 123 124 106 110 89 
212 97 93
78 77 100 99 103 111 119 93 94 104 
213 98 28
89 113 121 118 124 94 79 76 96 116 
214 88 23
116 111 80 104 77 79 96 82 81 123 
215 34 85
109 102 79 78 82 78 108 96 116 104 
216 67 93
75 95 118 96 88 105 121 80 93 76 
217 87 22
82 82 105 88 80 89 124 115 116 80 
218 46 51
83 105 98 77 84 115 119 86 87 113 
219 36 77
95 106 108 114 109 94 87 117 103 117 
220 8 36
83 84 102 77 89 100 77 98 80 101 
221 76 18
93 96 103 105 84 90 83 105 123 118 
222 22 34
89 110 102 117 104 111 105 113 120 82 
223 41 13
109 119 112 115 97 89 82 115 110 112 
224 74 46
78 108 102 76 102 75 111 118 112 90 
225 89 67
77 93 81 124 102 121 86 87 116 123 
226 55 64
87 86 81 75 75 106 122 80 89 101 
227 8 44
101 120 112 90 86 100 106 90 120 113 
228 15 25
111 101 111 102 101 117 118 116 78 76 
229 92 57
107 113 86 121 91 95 115 119 91 104 
230 10 78
81 115 117 76 105 83 100 92 109 89 
231 97 14
81 116 79 87 117 122 95 99 112 106 
232 24 4
77 90 122 95 119 83 124 77 123 118 
233 6 32
76 107 75 113 121 121 76 80 115 82 
234 20 33
81 114 84 118 97 109 123 101 124 122 
235 47 96
80 120 122 80 113 77 111 115 111 111 
236 29 34
110 106 115 102 113 86 84 119 75 95 
237 40 23
79 114 76 80 111 122 75 116 118 124 
238 99 84
78 112 98 115 98 78 100 85 109 92 
239 38 25
103 124 95 105 96 84 79 103 123 80 
240 84 37
78 111 104 123 112 103 106 116 90 82 
241 84 91
85 85 78 122 102 115 96 82 116 117 
242 38 14
78 116 116 79 122 101 115 77 87 95 
243 51 1
123 106 118 90 113 103 80 76 113 83 
244 49 18
76 96 101 117 90 88 82 94 79 75 
245 74 4
102 90 80 116 110 80 118 110 114 111 
246 1 28
91 81 103 79 91 103 98 92 75 124 
247 63 66
89 94 111 96 97 86 99 124 102 107 
248 93 15
112 111 75 103 99 75 81 116 83 111 
249 48 28
92 96 119 92 97 83 109 112 105 98 
250 9 3
109 109 78 88 91 120 105 81 106 105 
251 85 57
107 117 124 118 106 121 95 123 92 91 
252 66 93
100 76 104 82 99 114 84 86 98 87 
253 77 93
84 81 123 118 111 109 124 96 102 75 
254 65 9
121 111 81 91 77 98 83 104 99 114 
255 37 52
105 122 87 78 86 113 122 96 122 122 
256 15 36
107 90 81 86 90 97 94 86 85 102 
257 80 16
77 112 119 101 103 108 104 83 105 116 
258 15 43
107 86 90 106 84 104 91 118 121 100 
259 5 64
122 100 99 83 77 79 100 79 118 94 
260 33 25
79 87 107 112 80 123 106 114 87 121 
261 71 74
102 114 91 98 89 97 111 86 122 87 
262 72 50
93 121 80 89 93 114 113 99 76 97 
263 12 10
96 117 123 110 115 96 83 92 85 101 
264 91 75
123 103 112 120 116 86 121 86 84 76 
265 26 80
117 88 79 119 113 92 78 86 85 78 
266 97 53
101 79 95 111 107 87 85 105 116 75 
267 78 35
86 98 120 95 101 96 75 93 111 81 
268 15 75
98 94 110 110 98 106 113 124 112 85 
269 89 72
97 75 76 88 75 105 122 88 78 118 
270 85 32
91 111 77 77 119 91 104 92 111 91 
271 56 12
75 120 87 112 80 77 86 102 78 89 
272 42 56
120 115 94 75 110 78 107 78 116 111 
273 9 36
77 112 79 115 78 84 78 78 79 93 
274 94 10
95 79 114 100 95 107 106 90 97 75 
275 17 61
80 75 88 121 111 96 108 115 83 112 
276 34 65
122 113 94 78 83 89 90 106 93 79 
277 7 42
111 112 81 85 114 99 97 119 101 111 
278 91 13
82 98 80 93 86 115 109 85 105 78 
279 16 40
93 105 95 113 111 103 104 99 93 113 
280 88 8
87 84 77 114 120 117 78 80 93 85 
281 26 32
77 84 118 108 89 83 99 109 116 121 
282 76 28
99 81 79 117 119 116 75 84 75 79 
283 49 49
123 78 80 91 91 107 124 93 118 117 
284 54 8
78 102 119 119 100 94 98 75 100 102 
285 95 73
95 121 106 98 75 106 98 124 111 103 
286 68 3
85 92 98 78 86 101 87 91 79 83 
287 11 82
102 111 108 80 90 103 104 113 101 87 
288 12 78
118 109 103 106 89 120 109 101 89 82 
289 30 29
110 118 119 114 77 82 98 106 120 81 
290 39 61
109 92 123 88 104 86 117 99 120 95 
291 7 12
92 117 112 109 124 93 87 109 87 83 
292 77 17
90 76 122 85 82 111 98 119 80 96 
293 58 36
110 124 84 105 96 92 117 113 84 104 
294 25 11
75 111 122 87 120 100 103 87 101 102 
295 76 84
90 123 104 96 96 111 83 81 110 94 
296 40 7
112 108 122 123 89 96 86 89 85 83 
297 27 58
110 81 94 86 111 119 121 76 119 101 
298 25 67
89 109 99 75 79 88 83 118 121 82 
299 94 12
104 79 100 116 87 79 123 124 85 94 
300 63 49
91 84 77 85 112 101 103 76 88 78 
301 4 18
93 89 87 90 96 80 103 77 85 78 
302 94 25
82 118 99 95 88 111 93 106 122 97 
303 42 87
124 97 113 87 100 118 106 118 82 118 
304 11 32
75 113 110 87 119 104 112 76 99 88 
305 24 40
76 119 95 124 91 87 110 92 111 100 
306 82 62
96 87 81 105 82 92 86 85 82 124 
307 73 2
105 86 80 79 99 103 119 101 99 89 
308 78 92
103 89 83 89 117 117 102 88 79 109 
309 46 65
78 84 101 87 83 123 89 113 85 94 
310 43 37
124 113 87 99 78 116 92 108 81 102 
311 51 51
94 102 90 101 88 85 115 93 94 91 
312 82 80
91 120 92 103 91 87 90 90 77 102 
313 42 58
96 83 116 104 111 116 104 80 95 119 
314 82 85
81 98 77 103 116 108 82 83 105 102 
315 37 99
116 76 89 118 106 80 76 79 91 119 
316 34 53
110 87 84 80 83 116 116 89 89 119 
317 93 59
104 77 91 87 106 79 85 97 83 101 
318 18 42
109 93 120 75 87 103 79 124 117 88 
319 6 53
79 121 91 96 117 86 104 99 90 122 
320 37 47
78 123 93 86 100 110 79 84 81 124 
321 12 19
104 90 95 98 103 100 100 110 98 119 
322 57 19
82 112 117 97 111 105 95 114 103 115 
323 4 6
102 82 91 108 84 104 79 113 119 99 
324 15 26
76 116 87 101 110 95 119 119 82 113 
325 17 96
93 111 109 124 103 112 81 81 122 100 
326 40 7
79 120 121 76 96 85 103 97 77 115 
327 50 90
85 120 109 94 109 77 89 79 116 75 
328 6 70
115 89 100 112 114 92 120 120 87 116 
329 97 85
79 99 83 81 91 84 122 101 80 106 
330 98 42
111 86 122 102 89 80 121 79 94 99 
331 44 61
118 113 82 80 106 79 116 110 105 77 
332 94 50
86 116 102 93 99 100 86 85 113 86 
333 38 3
91 111 83 112 87 76 124 80 116 81 
334 63 24
87 81 83 120 83 77 119 96 120 96 
335 93 70
123 80 105 112 91 94 116 109 80 77 
336 24 70
78 99 99 122 106 112 95 120 118 105 
337 93 2
109 111 99 104 85 91 124 85 97 106 
338 48 91
75 116 100 83 118 123 102 123 98 79 
339 96 7
116 92 78 109 75 121 112 109 109 88 
340 17 47
105 92 82 79 123 81 119 75 122 94 
341 61 43
95 113 116 120 117 113 78 110 81 83 
342 72 7
81 85 117 116 98 83 114 80 102 121 
343 10 76
80 81 103 77 102 113 120 122 101 113 
344 95 71
101 124 82 109 83 103 115 89 113 110 
345 8 65
120 122 94 98 120 106 123 75 112 101 
346 56 65
92 77 89 120 115 83 91 93 85 100 
347 54 69
79 120 109 119 105 117 85 101 116 105 
348 2 87
86 76 114 75 105 121 89 122 75 105 
349 43 43
114 85 85 124 111 88 94 117 86 78 
350 87 42
122 122 94 113 104 97 102 117 99 93 
351 93 55
89 83 76 89 114 118 83 105 81 93 
352 82 43
109 77 109 120 80 95 113 78 94 85 
353 94 1
107 97 117 83 115 111 87 81 122 90 
354 23 87
86 105 93 92 124 76 84 108 78 120 
355 81 59
92 95 88 112 105 84 112 90 106 107 
356 74 23
93 113 103 92 78 76 78 91 108 98 
357 84 33
99 119 92 102 114 124 113 82 95 78 
358 97 3
87 110 92 119 94 118 91 113 106 121 
359 8 87
124 88 80 108 111 115 92 86 110 110 
360 41 27
109 105 110 81 109 106 84 121 94 103 
361 91 89
96 83 101 79 82 111 118 81 124 123 
362 92 36
113 84 123 100 119 116 77 105 96 112 
363 90 56
96 123 77 115 101 119 103 75 78 82 
364 5 11
118 124 93 117 122 85 102 113 94 103 
365 64 16
94 90 122 115 80 111 121 101 111 75 
366 17 66
119 119 90 124 76 96 86 121 96 107 
367 39 21
117 93 83 88 121 97 105 92 114 102 
368 58 45
91 80 97 79 82 113 96 79 110 111 
369 56 89
85 92 110 108 124 100 78 118 118 87 
370 59 92
111 113 83 100 92 93 97 108 100 119 
371 91 34
110 86 114 97 75 119 85 87 88 122 
372 96 15
100 123 82 95 87 90 87 123 78 97 
373 77 74
115 123 83 93 119 123 78 104 87 117 
374 52 63
111 89 101 75 88 96 89 113 96 99 
375 60 87
114 98 111 120 120 87 93 113 87 103 
376 7 8
102 84 111 114 76 113 78 114 79 104 
377 90 68
77 81 81 100 105 92 86 96 115 123 
378 69 86
87 111 98 100 90 106 107 119 115 95 
379 86 44
85 115 108 89 96 99 107 100 105 115 
380 51 61
82 87 107 122 87 75 109 99 114 83 
381 52 7
114 110 77 107 81 112 102 91 104 85 
382 84 51
110 92 100 92 82 102 103 91 114 87 
383 14 4
89 124 105 80 82 106 88 124 94 90 
384 34 26
79 85 118 108 98 103 110 85 120 87 
385 78 5
115 82 97 106 96 112 112 111 112 92 
386 44 95
75 82 120 94 99 105 121 104 116 117 
387 15 67
95 77 101 93 91 78 99 81 88 122 
388 91 35
109 102 97 96 121 91 93 121 98 88 
389 69 98
121 91 103 112 83 120 80 106 122 106 
390 2 14
111 100 97 124 97 87 111 82 116 83 
391 81 38
99 123 110 124 89 80 124 85 99 104 
392 50 33
99 79 90 98 112 91 114 98 117 86 
393 26 67
100 88 100 91 96 81 80 123 81 117 
394 50 71
75 75 107 99 105 108 83 81 112 99 
395 81 77
115 94 77 109 107 104 76 82 117 101 
396 26 16
107 107 88 114 101 90 86 101 90 119 
397 53 98
104 86 79 94 112 111 120 102 82 122 
398 15 40
103 92 123 95 118 98 111 103 82 76 
399 70 34
91 107 87 109 103 89 106 83 102 112 
400 78 65
98 97 119 105 97 83 96 75 100 94 
401 74 71
119 86 123 76 87 94 112 106 77 124 
402 16 31
90 123 113 118 111 90 84 86 115 78 
403 45 65
88 90 91 113 110 114 86 104 75 86 
404 84 16
106 95 123 110 96 88 90 113 88 81 
405 84 100
98 118 88 88 123 82 102 87 97 121 
406 3 58
110 88 114 113 100 99 80 83 121 78 
407 44 18
91 83 82 106 91 116 106 115 111 119 
408 56 35
76 108 121 100 104 76 108 91 89 99 
409 7 42
123 86 124 119 89 119 88 107 80 97 
410 65 72
90 122 86 76 118 92 113 119 77 109 
411 22 84
110 81 76 77 105 83 118 105 94 120 
412 77 85
114 116 93 119 89 107 91 104 104 104 
413 34 73
121 96 93 75 80 115 110 118 123 112 
414 98 80
120 117 86 91 112 113 77 104 106 96 
415 24 96
78 116 102 110 98 85 84 96 106 105 
416 23 39
97 82 106 95 119 105 76 116 98 88 
417 59 63
78 85 116 109 106 92 107 112 85 84 
418 75 84
94 108 80 77 90 104 115 112 111 99 
419 11 84
79 86 101 104 101 109 117 106 120 108 
420 19 29
77 75 92 88 86 116 121 107 102 78 
421 85 43
107 99 107 96 75 117 81 80 80 107 
422 85 35
92 101 90 89 87 110 119 89 112 87 
423 80 49
78 101 107 107 106 93 102 89 118 84 
424 36 96
78 118 75 85 100 112 119 119 90 87 
425 9 78
122 80 119 110 92 98 110 97 76 93 
426 56 34
111 107 124 106 118 111 102 121 104 104 
427 59 55
91 78 76 107 90 86 86 87 91 82 
428 50 34
108 110 83 109 80 90 94 116 124 93 
429 26 43
81 77 115 110 108 123 117 75 78 118 
430 35 19
79 120 108 96 80 107 81 113 94 91 
431 25 25
106 121 93 105 91 118 99 98 122 91 
432 59 81
90 77 107 93 120 91 114 77 89 99 
433 26 20
83 106 84 103 75 108 79 106 104 97 
434 65 47
92 115 96 91 82 104 122 99 107 104 
435 45 80
123 108 106 87 84 81 108 93 115 117 
436 99 41
102 77 98 84 102 114 82 121 107 103 
437 14 90
82 87 88 116 118 84 96 116 120 79 
438 56 55
86 115 97 78 107 97 120 87 102 93 
439 72 57
85 103 77 117 83 92 108 92 106 123 
440 60 76
82 107 93 77 111 101 82 124 91 106 
441 53 52
79 124 88 108 93 111 114 105 91 118 
442 73 75
86 82 116 119 80 75 94 87 109 115 
443 16 74
91 99 97 107 80 102 108 86 101 121 
444 45 97
109 110 103 75 104 77 99 117 84 91 
445 87 65
93 83 102 78 123 119 101 89 93 75 
446 99 24
104 107 112 83 105 108 81 90 94 110 
447 66 51
112 115 119 122 83 105 88 101 113 115 
448 32 39
109 84 77 77 85 78 103 116 110 92 
449 100 16
75 83 107 96 118 123 96 107 115 92 
450 30 99
123 118 101 113 110 83 104 97 92 108 
451 77 80
111 79 96 96 98 97 114 99 107 96 
452 48 76
96 96 83 88 113 114 86 111 109 115 
453 28 73
123 81 119 92 114 95 122 101 102 95 
454 100 51
119 113 99 102 87 99 79 110 120 89 
455 50 34
79 87 95 115 77 124 87 77 80 83 
456 71 47
104 92 99 81 114 99 83 108 89 110 
457 13 29
84 92 89 79 106 90 112 112 104 84 
458 31 83
83 119 109 90 78 81 89 107 100 113 
459 41 65
89 123 123 104 110 87 82 119 104 98 
460 99 64
115 113 77 95 122 107 79 83 102 115 
461 74 31
122 112 89 97 103 81 112 117 81 112 
462 72 43
124 106 113 104 81 112 119 122 102 121 
463 18 75
104 96 107 83 86 83 115 85 122 81 
464 34 76
87 97 93 95 84 116 89 83 99 78 
465 40 34
117 108 105 94 107 124 118 86 97 103 
466 22 86
111 86 121 108 92 106 86 106 78 106 
467 4 13
99 93 97 124 98 87 107 90 122 89 
468 35 80
88 104 117 112 84 88 99 120 99 95 
469 32 44
78 119 101 81 100 105 95 124 123 118 
470 1 72
82 109 113 81 123 97 111 88 78 105 
471 53 14
119 102 85 95 124 118 89 78 112 117 
472 10 15
97 107 91 95 100 93 118 107 78 106 
473 89 54
80 101 92 86 82 94 99 78 123 111 
474 74 99
107 114 76 94 107 87 111 81 119 79 
475 28 20
97 97 78 100 81 119 104 86 97 123 
476 23 82
94 123 109 93 112 85 91 94 124 92 
477 91 84
104 103 115 101 107 94 120 80 118 76 
478 81 100
122 86 88 94 84 112 76 104 111 110 
479 50 26
120 90 121 122 109 111 107 90 92 99 
480 92 50
118 114 79 114 115 112 113 114 75 76 
481 9 63
114 86 118 102 122 117 79 119 82 75 
482 44 94
113 103 83 80 77 75 82 123 116 88 
483 88 34
77 102 97 78 104 105 90 95 119 85 
484 98 44
77 78 112 86 78 108 79 118 86 89 
485 52 66
89 83 88 82 96 77 115 99 105 87 
486 80 10
120 121 106 114 81 105 107 83 108 96 
487 22 37
81 102 106 92 116 107 110 83 115 123 
488 16 65
76 81 115 108 93 94 117 90 90 98 
489 55 22
80 113 106 113 85 79 101 93 106 82 
490 37 73
115 98 105 107 96 121 121 99 77 111 
491 58 73
80 76 113 97 101 119 120 106 110 103 
492 70 98
107 122 90 88 80 78 111 122 101 93 
493 80 1
89 101 99 93 89 109 116 95 112 106 
494 95 17
102 115 124 87 93 96 84 78 93 100 
495 67 74
103 79 95 82 98 75 82 114 103 108 
496 9 93
94 124 89 82 107 84 98 84 76 99 
497 23 22
120 106 99 89 83 118 112 114 124 85 
498 47 73
87 78 89 117 111 97 109 81 98 76 
499 66 6
87 115 89 88 89 113 111 85 95 88 

