50 10 987
0 2 84
124 76 113 87 75 113 78 135 94 104 
1 15 65
53 64 52 91 51 99 67 54 118 129 
2 74 19
72 132 70 70 80 123 54 106 149 69 
3 95 25
133 72 111 129 126 125 94 81 92 148 
4 73 44
97 139 97 117 71 122 136 145 104 56 
5 17 38
81 122 143 81 141 89 57 76 111 119 
6 7 91
146 52 123 88 50 96 83 149 137 82 
7 68 61
55 55 106 61 113 74 50 144 98 96 
8 78 40
135 135 116 149 56 74 91 52 76 64 
9 94 79
62 76 127 102 61 146 114 66 51 70 
10 80 65
146 130 61 94 76 138 134 113 75 52 
11 63 84
76 105 88 54 120 81 132 84 59 109 
12 87 21
106 101 86 59 73 118 76 70 98 87 
13 65 27
127 50 139 105 104 54 88 82 109 126 
14 37 82
109 68 66 119 128 52 139 136 55 128 
15 96 30
96 123 51 96 112 115 122 90 68 63 
16 48 25
119 135 107 79 112 143 60 71 62 128 
17 43 43
131 134 130 88 64 77 117 110 51 118 
18 59 64
136 132 105 106 145 52 130 115 90 87 
19 47 55
81 58 125 145 137 120 139 70 104 119 
20 59 69
98 128 130 51 96 88 115 134 122 122 
21 41 68
77 71 134 117 108 80 71 91 141 98 
22 89 79
68 127 148 74 148 58 142 97 136 74 
23 49 34
64 115 119 136 88 60 56 115 81 140 
24 85 42
123 55 85 114 103 73 92 74 51 142 
25 49 100
102 143 96 89 67 97 74 82 62 143 
26 19 3
53 126 69 136 117 53 130 90 58 65 
27 57 15
88 100 88 89 144 88 141 96 81 139 
28 86 50
86 111 83 51 105 53 105 60 130 125 
29 50 100
128 79 141 89 94 97 55 84 99 93 
30 27 44
83 67 139 115 108 77 116 145 138 101 
31 49 96
104 53 56 136 128 105 135 59 86 126 
32 1 81
73 55 64 122 50 142 117 83 59 107 
33 51 69
86 118 65 74 69 65 122 124 68 128 
34 61 50
135 96 60 71 124 112 103 100 69 69 
35 23 72
62 92 54 123 101 57 91 137 125 58 
36 64 96
125 85 71 96 63 131 97 100 129 107 
37 72 55
121 74 54 140 94 128 111 58 70 67 
38 82 24
74 73 60 102 133 124 149 109 111 70 
39 58 28
103 54 127 83 111 51 89 134 75 145 
40 75 22
123 85 79 96 54 61 71 131 136 82 
41 34 22
108 82 82 69 54 139 96 107 143 126 
42 91 7
127 131 140 104 126 114 126 52 101 107 
43 1 9
70 71 139 56 55 124 130 113 108 62 
44 36 63
52 131 69 97 59 112 104 136 93 94 
45 42 73
111 119 76 114 128 76 122 149 149 63 
46 58 6
137 87 118 95 100 105 109 54 87 129 
47 4 99
143 107 135 138 104 128 110 117 149 136 
48 32 78
114 106 78 114 119 136 71 107 73 91 
49 55 26
147 64 131 136 95 135 134 88 92 71 

