500 10 9950
0 91 20
103 100 96 103 99 102 100 102 97 104 
1 50 94
102 104 99 98 102 95 97 97 104 100 
2 68 92
95 95 101 98 98 101 97 97 96 101 
3 53 78
98 102 102 102 103 101 95 100 101 99 
4 91 76
99 100 104 101 95 101 104 98 103 100 
5 87 63
98 96 101 101 102 103 101 95 102 98 
6 11 46
104 95 97 102 102 99 100 98 104 99 
7 100 63
98 95 102 96 102 98 100 95 101 96 
8 70 66
96 100 103 103 103 103 100 104 103 102 
9 10 78
97 101 96 98 97 97 102 100 98 99 
10 90 93
95 99 100 101 103 99 97 96 96 97 
11 61 32
95 100 95 95 100 96 103 102 102 104 
12 23 73
96 95 104 101 101 103 104 101 100 101 
13 76 46
95 104 101 96 96 103 97 96 101 99 
14 24 32
103 96 95 102 97 97 104 101 99 104 
15 85 72
104 100 104 101 96 99 96 96 98 95 
16 25 97
103 103 104 101 98 98 102 96 99 104 
17 9 20
99 95 100 103 104 104 96 95 100 96 
18 58 77
102 95 95 98 95 101 104 96 100 104 
19 58 49
99 102 96 103 101 96 104 95 96 99 
20 72 3
101 97 98 98 100 97 104 100 97 96 
21 99 74
103 104 101 98 103 98 98 97 97 101 
22 24 60
102 97 96 96 104 99 100 100 104 95 
23 19 65
97 104 104 100 98 104 95 96 104 101 
24 47 30
96 96 97 99 102 102 100 99 96 101 
25 58 71
96 100 102 95 100 100 101 103 102 103 
26 56 51
102 102 96 101 100 104 101 101 95 95 
27 81 18
104 100 98 95 99 98 98 102 103 95 
28 20 4
103 100 98 100 100 95 100 98 104 103 
29 32 95
104 104 96 104 96 98 103 97 96 98 
30 4 78
101 103 99 101 103 98 97 101 95 100 
31 24 37
103 95 96 104 103 99 99 102 101 102 
32 99 68
97 103 97 98 97 100 95 95 100 101 
33 18 74
104 96 97 97 103 102 103 101 103 96 
34 17 87
102 97 101 98 104 101 98 96 100 100 
35 68 80
97 104 96 102 101 103 95 102 104 99 
36 42 89
97 96 101 97 97 99 95 95 101 101 
37 76 58
100 103 96 97 98 103 96 102 104 97 
38 5 88
98 102 102 99 96 103 99 100 95 98 
39 58 5
102 95 99 101 101 97 100 98 95 101 
40 36 17
101 103 98 101 98 103 100 103 102 97 
41 55 51
96 96 101 98 99 100 102 98 100 99 
42 12 5
101 102 104 103 98 102 99 97 102 95 
43 79 53
103 100 95 100 103 102 102 96 103 100 
44 85 35
96 98 104 103 102 96 99 100 95 101 
45 5 36
98 103 102 95 103 102 98 103 98 100 
46 46 92
97 98 99 97 103 95 101 96 98 101 
47 23 94
104 103 103 104 99 97 99 102 96 99 
48 1 52
96 100 97 99 95 102 102 100 97 98 
49 60 94
98 101 99 102 99 103 95 100 102 103 
50 37 32
98 97 96 101 101 96 102 103 101 104 
51 15 39
104 97 100 98 100 100 101 96 98 98 
52 41 60
96 95 99 103 95 97 95 98 99 96 
53 70 82
99 104 96 97 95 100 95 96 104 103 
54 6 98
98 96 95 103 99 95 102 101 95 98 
55 17 93
100 101 103 104 104 104 97 98 95 98 
56 86 62
96 103 97 97 101 102 96 96 96 96 
57 60 8
98 101 100 100 104 97 103 99 95 103 
58 56 11
102 103 100 95 98 96 96 101 96 100 
59 32 48
100 99 103 101 103 104 100 96 102 96 
60 8 59
98 102 99 98 100 104 100 99 104 96 
61 65 96
99 100 98 100 98 99 99 103 104 99 
62 77 20
98 96 95 95 97 102 103 102 99 97 
63 84 82
98 103 101 98 96 95 95 100 103 98 
64 83 54
103 101 96 104 95 102 103 100 95 95 
65 78 46
103 100 97 99 104 100 101 100 101 99 
66 39 30
101 95 102 101 98 104 104 96 103 97 
67 83 1
104 97 101 97 98 98 102 98 96 104 
68 28 73
102 100 102 100 104 102 99 103 102 96 
69 75 84
98 99 99 96 101 104 96 103 96 104 
70 11 85
100 104 102 103 103 102 97 102 97 95 
71 35 35
104 104 97 104 97 103 97 100 97 103 
72 79 42
104 97 96 96 96 98 102 103 97 102 
73 97 93
99 104 95 103 96 99 97 97 100 101 
74 82 19
100 100 100 104 101 99 97 100 101 98 
75 39 10
101 101 103 103 98 99 98 104 100 100 
76 98 37
96 97 104 102 103 97 102 100 95 99 
77 98 7
95 104 98 101 98 97 103 96 95 103 
78 93 76
99 100 99 95 95 96 103 96 100 102 
79 31 7
97 104 96 97 99 95 95 99 95 98 
80 24 26
102 96 101 102 104 103 97 98 100 101 
81 56 96
95 99 104 102 98 104 98 100 104 102 
82 18 6
102 102 104 102 96 97 99 103 100 96 
83 19 55
96 95 95 102 104 102 99 96 96 100 
84 89 96
100 99 95 101 96 95 96 95 102 97 
85 21 91
100 99 96 95 102 96 102 104 98 104 
86 59 95
101 99 100 103 95 101 100 102 97 102 
87 16 74
102 103 98 102 95 100 104 100 95 97 
88 69 68
98 100 103 102 99 103 98 97 98 104 
89 63 46
102 102 97 104 100 104 99 99 102 104 
90 94 58
100 98 100 102 100 98 101 96 103 100 
91 71 25
100 98 103 95 99 96 100 98 95 104 
92 13 48
103 103 97 102 103 100 100 100 95 95 
93 23 79
98 103 104 98 100 96 104 96 101 102 
94 94 32
95 104 99 96 95 104 103 96 102 97 
95 89 68
103 98 97 95 100 101 103 95 102 104 
96 44 63
95 99 100 102 99 96 95 99 97 101 
97 98 33
100 101 98 100 103 99 99 103 104 104 
98 10 66
100 102 100 99 104 96 104 96 100 101 
99 71 62
102 95 103 104 102 100 97 99 96 102 
100 12 53
98 101 95 98 100 96 103 97 96 100 
101 10 41
101 103 96 99 99 97 100 97 99 98 
102 54 74
96 100 95 99 100 96 101 103 104 104 
103 14 37
97 96 104 98 102 103 98 100 103 102 
104 20 93
96 102 101 100 97 95 96 98 102 96 
105 9 13
99 101 98 99 102 101 95 95 95 96 
106 4 70
104 104 99 102 103 101 97 104 98 103 
107 77 38
103 104 96 101 95 96 95 100 104 100 
108 70 28
99 104 104 99 96 99 98 97 100 104 
109 23 54
100 99 99 95 99 98 103 98 97 96 
110 2 34
99 98 95 100 104 104 97 98 95 98 
111 98 94
103 97 103 98 98 97 104 104 103 98 
112 92 63
101 96 102 96 99 103 99 103 97 101 
113 67 54
102 103 101 104 99 100 100 97 104 98 
114 68 73
100 101 98 100 97 102 102 95 103 100 
115 42 54
100 102 98 104 98 104 97 97 95 103 
116 83 57
100 102 103 99 95 102 104 102 101 99 
117 13 9
96 96 95 95 101 99 100 99 96 95 
118 94 38
97 101 104 99 101 98 95 99 95 95 
119 41 3
102 104 96 98 99 100 98 100 102 99 
120 68 46
95 99 104 96 100 100 95 104 96 97 
121 84 100
102 100 100 103 100 101 97 97 100 99 
122 9 2
104 96 104 101 102 103 97 102 98 98 
123 2 31
103 98 104 96 102 99 98 100 104 103 
124 26 97
99 102 103 97 96 103 98 96 97 99 
125 30 52
98 96 104 103 102 97 103 100 102 104 
126 70 6
100 97 97 99 95 102 95 100 99 95 
127 68 57
96 97 104 98 102 103 99 97 97 100 
128 41 100
104 95 101 102 104 100 99 99 102 101 
129 41 19
100 97 98 104 99 97 100 100 101 101 
130 41 26
100 100 102 102 97 104 101 99 104 97 
131 84 79
103 104 99 100 102 99 100 97 101 95 
132 2 82
97 104 101 96 100 102 101 95 99 101 
133 100 39
100 100 99 100 95 102 98 95 101 103 
134 98 74
99 98 100 96 98 104 97 103 95 95 
135 60 46
104 102 103 100 98 102 101 104 98 95 
136 5 76
95 104 100 101 104 97 97 99 100 104 
137 8 32
95 96 96 95 96 95 101 98 102 99 
138 51 32
98 101 97 103 102 101 98 102 102 95 
139 76 90
98 104 98 95 96 95 98 96 98 99 
140 73 37
99 95 104 99 101 95 102 104 103 96 
141 61 98
104 98 101 101 99 99 100 104 98 95 
142 82 87
97 100 103 100 104 97 97 101 99 98 
143 13 83
100 96 98 99 97 98 96 96 104 95 
144 80 16
99 102 99 104 102 102 101 95 97 101 
145 8 5
103 104 97 99 100 99 101 95 102 104 
146 37 40
100 95 97 99 95 96 104 99 103 100 
147 84 99
97 104 95 100 102 102 96 100 104 98 
148 92 45
104 104 99 101 104 98 102 101 98 104 
149 31 14
97 96 102 96 101 97 96 103 99 96 
150 66 62
103 103 104 102 96 95 98 95 95 103 
151 9 22
98 100 102 101 99 104 104 102 95 103 
152 81 89
95 96 103 99 97 101 103 95 99 102 
153 61 97
102 98 103 104 98 102 97 101 97 96 
154 83 10
95 98 103 97 96 95 97 99 96 96 
155 11 6
102 103 102 96 100 102 104 100 98 95 
156 97 67
104 104 100 98 95 104 97 98 98 97 
157 86 7
97 103 95 98 96 98 95 103 96 103 
158 22 40
102 98 101 95 100 97 102 99 96 99 
159 88 45
98 97 102 101 99 99 100 102 99 102 
160 33 16
95 100 100 99 98 104 98 95 99 96 
161 32 90
98 95 98 102 99 97 98 104 99 95 
162 77 62
101 98 95 96 95 99 103 96 104 99 
163 36 63
100 95 100 104 96 101 95 101 103 100 
164 36 45
102 103 98 99 95 96 102 102 99 102 
165 69 98
96 103 103 96 99 100 100 104 102 95 
166 1 89
103 95 101 101 102 99 97 102 97 103 
167 12 34
104 103 97 101 102 97 98 103 95 98 
168 52 56
103 102 101 100 102 102 100 101 104 98 
169 45 78
102 102 99 97 100 102 102 101 102 104 
170 95 65
96 104 99 98 97 101 103 97 100 102 
171 40 35
99 101 95 100 95 102 97 104 101 103 
172 72 54
100 103 96 97 104 101 103 97 100 98 
173 47 41
96 101 97 101 98 97 95 104 103 98 
174 86 81
95 104 97 103 103 98 98 100 99 99 
175 31 56
97 103 103 103 98 101 103 99 99 95 
176 51 89
99 96 104 100 101 99 100 103 101 102 
177 67 85
98 104 96 104 100 96 99 103 95 99 
178 57 74
97 101 95 102 103 95 102 100 98 101 
179 61 30
98 100 102 104 100 100 100 95 101 101 
180 100 83
103 100 95 95 97 103 100 99 101 100 
181 52 95
101 103 104 96 102 104 96 95 102 95 
182 100 5
101 99 99 97 95 100 101 95 95 101 
183 1 75
101 101 104 97 98 95 104 104 96 103 
184 34 99
95 101 103 104 101 104 98 99 100 104 
185 50 46
99 100 103 101 99 95 96 95 101 95 
186 26 63
97 99 96 100 99 101 98 99 97 98 
187 96 92
97 95 100 102 104 101 100 100 97 98 
188 25 19
98 100 95 97 102 100 99 96 104 102 
189 68 85
101 97 95 103 101 103 104 95 103 102 
190 49 31
98 100 102 102 95 96 100 100 101 103 
191 98 66
98 98 104 100 98 101 96 104 95 96 
192 90 37
96 104 102 95 101 102 97 96 97 104 
193 40 53
96 101 102 104 99 102 102 95 97 101 
194 76 6
99 101 101 99 104 101 96 98 102 95 
195 6 74
102 102 101 104 101 102 98 104 99 97 
196 62 81
104 103 97 99 99 104 96 103 102 103 
197 83 50
101 100 97 98 100 102 103 99 99 99 
198 56 33
97 103 99 103 96 100 95 97 98 98 
199 77 40
99 103 104 97 103 98 96 99 104 98 
200 48 67
97 102 96 103 96 103 97 100 102 101 
201 16 1
96 101 97 101 96 96 102 100 96 101 
202 20 90
95 95 100 96 100 99 102 102 96 95 
203 36 15
104 103 95 103 101 100 103 95 98 97 
204 7 35
100 99 97 103 95 96 102 97 99 99 
205 44 100
103 96 104 96 98 99 101 99 99 101 
206 73 22
98 97 96 102 102 104 98 97 100 100 
207 22 89
104 95 95 98 102 99 99 100 102 98 
208 98 63
95 98 102 99 96 96 102 99 99 103 
209 12 12
95 102 100 100 99 103 98 98 96 99 
210 59 69
95 98 100 102 101 99 96 101 102 103 
211 24 61
95 95 100 101 96 103 104 96 100 99 
212 97 93
98 97 100 99 103 101 99 103 104 104 
213 98 28
99 103 101 98 104 104 99 96 96 96 
214 88 23
96 101 100 104 97 99 96 102 101 103 
215 34 85
99 102 99 98 102 98 98 96 96 104 
216 67 93
95 95 98 96 98 95 101 100 103 96 
217 87 22
102 102 95 98 100 99 104 95 96 100 
218 46 51
103 95 98 97 104 95 99 96 97 103 
219 36 77
95 96 98 104 99 104 97 97 103 97 
220 8 36
103 104 102 97 99 100 97 98 100 101 
221 76 18
103 96 103 95 104 100 103 95 103 98 
222 22 34
99 100 102 97 104 101 95 103 100 102 
223 41 13
99 99 102 95 97 99 102 95 100 102 
224 74 46
98 98 102 96 102 95 101 98 102 100 
225 89 67
97 103 101 104 102 101 96 97 96 103 
226 55 64
97 96 101 95 95 96 102 100 99 101 
227 8 44
101 100 102 100 96 100 96 100 100 103 
228 15 25
101 101 101 102 101 97 98 96 98 96 
229 92 57
97 103 96 101 101 95 95 99 101 104 
230 10 78
101 95 97 96 95 103 100 102 99 99 
231 97 14
101 96 99 97 97 102 95 99 102 96 
232 24 4
97 100 102 95 99 103 104 97 103 98 
233 6 32
96 97 95 103 101 101 96 100 95 102 
234 20 33
101 104 104 98 97 99 103 101 104 102 
235 47 96
100 100 102 100 103 97 101 95 101 101 
236 29 34
100 96 95 102 103 96 104 99 95 95 
237 40 23
99 104 96 100 101 102 95 96 98 104 
238 99 84
98 102 98 95 98 98 100 95 99 102 
239 38 25
103 104 95 95 96 104 99 103 103 100 
240 84 37
98 101 104 103 102 103 96 96 100 102 
241 84 91
95 95 98 102 102 95 96 102 96 97 
242 38 14
98 96 96 99 102 101 95 97 97 95 
243 51 1
103 96 98 100 103 103 100 96 103 103 
244 49 18
96 96 101 97 100 98 102 104 99 95 
245 74 4
102 100 100 96 100 100 98 100 104 101 
246 1 28
101 101 103 99 101 103 98 102 95 104 
247 63 66
99 104 101 96 97 96 99 104 102 97 
248 93 15
102 101 95 103 99 95 101 96 103 101 
249 48 28
102 96 99 102 97 103 99 102 95 98 
250 9 3
99 99 98 98 101 100 95 101 96 95 
251 85 57
97 97 104 98 96 101 95 103 102 101 
252 66 93
100 96 104 102 99 104 104 96 98 97 
253 77 93
104 101 103 98 101 99 104 96 102 95 
254 65 9
101 101 101 101 97 98 103 104 99 104 
255 37 52
95 102 97 98 96 103 102 96 102 102 
256 15 36
97 100 101 96 100 97 104 96 95 102 
257 80 16
97 102 99 101 103 98 104 103 95 96 
258 15 43
97 96 100 96 104 104 101 98 101 100 
259 5 64
102 100 99 103 97 99 100 99 98 104 
260 33 25
99 97 97 102 100 103 96 104 97 101 
261 71 74
102 104 101 98 99 97 101 96 102 97 
262 72 50
103 101 100 99 103 104 103 99 96 97 
263 12 10
96 97 103 100 95 96 103 102 95 101 
264 91 75
103 103 102 100 96 96 101 96 104 96 
265 26 80
97 98 99 99 103 102 98 96 95 98 
266 97 53
101 99 95 101 97 97 95 95 96 95 
267 78 35
96 98 100 95 101 96 95 103 101 101 
268 15 75
98 104 100 100 98 96 103 104 102 95 
269 89 72
97 95 96 98 95 95 102 98 98 98 
270 85 32
101 101 97 97 99 101 104 102 101 101 
271 56 12
95 100 97 102 100 97 96 102 98 99 
272 42 56
100 95 104 95 100 98 97 98 96 101 
273 9 36
97 102 99 95 98 104 98 98 99 103 
274 94 10
95 99 104 100 95 97 96 100 97 95 
275 17 61
100 95 98 101 101 96 98 95 103 102 
276 34 65
102 103 104 98 103 99 100 96 103 99 
277 7 42
101 102 101 95 104 99 97 99 101 101 
278 91 13
102 98 100 103 96 95 99 95 95 98 
279 16 40
103 95 95 103 101 103 104 99 103 103 
280 88 8
97 104 97 104 100 97 98 100 103 95 
281 26 32
97 104 98 98 99 103 99 99 96 101 
282 76 28
99 101 99 97 99 96 95 104 95 99 
283 49 49
103 98 100 101 101 97 104 103 98 97 
284 54 8
98 102 99 99 100 104 98 95 100 102 
285 95 73
95 101 96 98 95 96 98 104 101 103 
286 68 3
95 102 98 98 96 101 97 101 99 103 
287 11 82
102 101 98 100 100 103 104 103 101 97 
288 12 78
98 99 103 96 99 100 99 101 99 102 
289 30 29
100 98 99 104 97 102 98 96 100 101 
290 39 61
99 102 103 98 104 96 97 99 100 95 
291 7 12
102 97 102 99 104 103 97 99 97 103 
292 77 17
100 96 102 95 102 101 98 99 100 96 
293 58 36
100 104 104 95 96 102 97 103 104 104 
294 25 11
95 101 102 97 100 100 103 97 101 102 
295 76 84
100 103 104 96 96 101 103 101 100 104 
296 40 7
102 98 102 103 99 96 96 99 95 103 
297 27 58
100 101 104 96 101 99 101 96 99 101 
298 25 67
99 99 99 95 99 98 103 98 101 102 
299 94 12
104 99 100 96 97 99 103 104 95 104 
300 63 49
101 104 97 95 102 101 103 96 98 98 
301 4 18
103 99 97 100 96 100 103 97 95 98 
302 94 25
102 98 99 95 98 101 103 96 102 97 
303 42 87
104 97 103 97 100 98 96 98 102 98 
304 11 32
95 103 100 97 99 104 102 96 99 98 
305 24 40
96 99 95 104 101 97 100 102 101 100 
306 82 62
96 97 101 95 102 102 96 95 102 104 
307 73 2
95 96 100 99 99 103 99 101 99 99 
308 78 92
103 99 103 99 97 97 102 98 99 99 
309 46 65
98 104 101 97 103 103 99 103 95 104 
310 43 37
104 103 97 99 98 96 102 98 101 102 
311 51 51
104 102 100 101 98 95 95 103 104 101 
312 82 80
101 100 102 103 101 97 100 100 97 102 
313 42 58
96 103 96 104 101 96 104 100 95 99 
314 82 85
101 98 97 103 96 98 102 103 95 102 
315 37 99
96 96 99 98 96 100 96 99 101 99 
316 34 53
100 97 104 100 103 96 96 99 99 99 
317 93 59
104 97 101 97 96 99 95 97 103 101 
318 18 42
99 103 100 95 97 103 99 104 97 98 
319 6 53
99 101 101 96 97 96 104 99 100 102 
320 37 47
98 103 103 96 100 100 99 104 101 104 
321 12 19
104 100 95 98 103 100 100 100 98 99 
322 57 19
102 102 97 97 101 95 95 104 103 95 
323 4 6
102 102 101 98 104 104 99 103 99 99 
324 15 26
96 96 97 101 100 95 99 99 102 103 
325 17 96
103 101 99 104 103 102 101 101 102 100 
326 40 7
99 100 101 96 96 95 103 97 97 95 
327 50 90
95 100 99 104 99 97 99 99 96 95 
328 6 70
95 99 100 102 104 102 100 100 97 96 
329 97 85
99 99 103 101 101 104 102 101 100 96 
330 98 42
101 96 102 102 99 100 101 99 104 99 
331 44 61
98 103 102 100 96 99 96 100 95 97 
332 94 50
96 96 102 103 99 100 96 95 103 96 
333 38 3
101 101 103 102 97 96 104 100 96 101 
334 63 24
97 101 103 100 103 97 99 96 100 96 
335 93 70
103 100 95 102 101 104 96 99 100 97 
336 24 70
98 99 99 102 96 102 95 100 98 95 
337 93 2
99 101 99 104 95 101 104 95 97 96 
338 48 91
95 96 100 103 98 103 102 103 98 99 
339 96 7
96 102 98 99 95 101 102 99 99 98 
340 17 47
95 102 102 99 103 101 99 95 102 104 
341 61 43
95 103 96 100 97 103 98 100 101 103 
342 72 7
101 95 97 96 98 103 104 100 102 101 
343 10 76
100 101 103 97 102 103 100 102 101 103 
344 95 71
101 104 102 99 103 103 95 99 103 100 
345 8 65
100 102 104 98 100 96 103 95 102 101 
346 56 65
102 97 99 100 95 103 101 103 95 100 
347 54 69
99 100 99 99 95 97 95 101 96 95 
348 2 87
96 96 104 95 95 101 99 102 95 95 
349 43 43
104 95 95 104 101 98 104 97 96 98 
350 87 42
102 102 104 103 104 97 102 97 99 103 
351 93 55
99 103 96 99 104 98 103 95 101 103 
352 82 43
99 97 99 100 100 95 103 98 104 95 
353 94 1
97 97 97 103 95 101 97 101 102 100 
354 23 87
96 95 103 102 104 96 104 98 98 100 
355 81 59
102 95 98 102 95 104 102 100 96 97 
356 74 23
103 103 103 102 98 96 98 101 98 98 
357 84 33
99 99 102 102 104 104 103 102 95 98 
358 97 3
97 100 102 99 104 98 101 103 96 101 
359 8 87
104 98 100 98 101 95 102 96 100 100 
360 41 27
99 95 100 101 99 96 104 101 104 103 
361 91 89
96 103 101 99 102 101 98 101 104 103 
362 92 36
103 104 103 100 99 96 97 95 96 102 
363 90 56
96 103 97 95 101 99 103 95 98 102 
364 5 11
98 104 103 97 102 95 102 103 104 103 
365 64 16
104 100 102 95 100 101 101 101 101 95 
366 17 66
99 99 100 104 96 96 96 101 96 97 
367 39 21
97 103 103 98 101 97 95 102 104 102 
368 58 45
101 100 97 99 102 103 96 99 100 101 
369 56 89
95 102 100 98 104 100 98 98 98 97 
370 59 92
101 103 103 100 102 103 97 98 100 99 
371 91 34
100 96 104 97 95 99 95 97 98 102 
372 96 15
100 103 102 95 97 100 97 103 98 97 
373 77 74
95 103 103 103 99 103 98 104 97 97 
374 52 63
101 99 101 95 98 96 99 103 96 99 
375 60 87
104 98 101 100 100 97 103 103 97 103 
376 7 8
102 104 101 104 96 103 98 104 99 104 
377 90 68
97 101 101 100 95 102 96 96 95 103 
378 69 86
97 101 98 100 100 96 97 99 95 95 
379 86 44
95 95 98 99 96 99 97 100 95 95 
380 51 61
102 97 97 102 97 95 99 99 104 103 
381 52 7
104 100 97 97 101 102 102 101 104 95 
382 84 51
100 102 100 102 102 102 103 101 104 97 
383 14 4
99 104 95 100 102 96 98 104 104 100 
384 34 26
99 95 98 98 98 103 100 95 100 97 
385 78 5
95 102 97 96 96 102 102 101 102 102 
386 44 95
95 102 100 104 99 95 101 104 96 97 
387 15 67
95 97 101 103 101 98 99 101 98 102 
388 91 35
99 102 97 96 101 101 103 101 98 98 
389 69 98
101 101 103 102 103 100 100 96 102 96 
390 2 14
101 100 97 104 97 97 101 102 96 103 
391 81 38
99 103 100 104 99 100 104 95 99 104 
392 50 33
99 99 100 98 102 101 104 98 97 96 
393 26 67
100 98 100 101 96 101 100 103 101 97 
394 50 71
95 95 97 99 95 98 103 101 102 99 
395 81 77
95 104 97 99 97 104 96 102 97 101 
396 26 16
97 97 98 104 101 100 96 101 100 99 
397 53 98
104 96 99 104 102 101 100 102 102 102 
398 15 40
103 102 103 95 98 98 101 103 102 96 
399 70 34
101 97 97 99 103 99 96 103 102 102 
400 78 65
98 97 99 95 97 103 96 95 100 104 
401 74 71
99 96 103 96 97 104 102 96 97 104 
402 16 31
100 103 103 98 101 100 104 96 95 98 
403 45 65
98 100 101 103 100 104 96 104 95 96 
404 84 16
96 95 103 100 96 98 100 103 98 101 
405 84 100
98 98 98 98 103 102 102 97 97 101 
406 3 58
100 98 104 103 100 99 100 103 101 98 
407 44 18
101 103 102 96 101 96 96 95 101 99 
408 56 35
96 98 101 100 104 96 98 101 99 99 
409 7 42
103 96 104 99 99 99 98 97 100 97 
410 65 72
100 102 96 96 98 102 103 99 97 99 
411 22 84
100 101 96 97 95 103 98 95 104 100 
412 77 85
104 96 103 99 99 97 101 104 104 104 
413 34 73
101 96 103 95 100 95 100 98 103 102 
414 98 80
100 97 96 101 102 103 97 104 96 96 
415 24 96
98 96 102 100 98 95 104 96 96 95 
416 23 39
97 102 96 95 99 95 96 96 98 98 
417 59 63
98 95 96 99 96 102 97 102 95 104 
418 75 84
104 98 100 97 100 104 95 102 101 99 
419 11 84
99 96 101 104 101 99 97 96 100 98 
420 19 29
97 95 102 98 96 96 101 97 102 98 
421 85 43
97 99 97 96 95 97 101 100 100 97 
422 85 35
102 101 100 99 97 100 99 99 102 97 
423 80 49
98 101 97 97 96 103 102 99 98 104 
424 36 96
98 98 95 95 100 102 99 99 100 97 
425 9 78
102 100 99 100 102 98 100 97 96 103 
426 56 34
101 97 104 96 98 101 102 101 104 104 
427 59 55
101 98 96 97 100 96 96 97 101 102 
428 50 34
98 100 103 99 100 100 104 96 104 103 
429 26 43
101 97 95 100 98 103 97 95 98 98 
430 35 19
99 100 98 96 100 97 101 103 104 101 
431 25 25
96 101 103 95 101 98 99 98 102 101 
432 59 81
100 97 97 103 100 101 104 97 99 99 
433 26 20
103 96 104 103 95 98 99 96 104 97 
434 65 47
102 95 96 101 102 104 102 99 97 104 
435 45 80
103 98 96 97 104 101 98 103 95 97 
436 99 41
102 97 98 104 102 104 102 101 97 103 
437 14 90
102 97 98 96 98 104 96 96 100 99 
438 56 55
96 95 97 98 97 97 100 97 102 103 
439 72 57
95 103 97 97 103 102 98 102 96 103 
440 60 76
102 97 103 97 101 101 102 104 101 96 
441 53 52
99 104 98 98 103 101 104 95 101 98 
442 73 75
96 102 96 99 100 95 104 97 99 95 
443 16 74
101 99 97 97 100 102 98 96 101 101 
444 45 97
99 100 103 95 104 97 99 97 104 101 
445 87 65
103 103 102 98 103 99 101 99 103 95 
446 99 24
104 97 102 103 95 98 101 100 104 100 
447 66 51
102 95 99 102 103 95 98 101 103 95 
448 32 39
99 104 97 97 95 98 103 96 100 102 
449 100 16
95 103 97 96 98 103 96 97 95 102 
450 30 99
103 98 101 103 100 103 104 97 102 98 
451 77 80
101 99 96 96 98 97 104 99 97 96 
452 48 76
96 96 103 98 103 104 96 101 99 95 
453 28 73
103 101 99 102 104 95 102 101 102 95 
454 100 51
99 103 99 102 97 99 99 100 100 99 
455 50 34
99 97 95 95 97 104 97 97 100 103 
456 71 47
104 102 99 101 104 99 103 98 99 100 
457 13 29
104 102 99 99 96 100 102 102 104 104 
458 31 83
103 99 99 100 98 101 99 97 100 103 
459 41 65
99 103 103 104 100 97 102 99 104 98 
460 99 64
95 103 97 95 102 97 99 103 102 95 
461 74 31
102 102 99 97 103 101 102 97 101 102 
462 72 43
104 96 103 104 101 102 99 102 102 101 
463 18 75
104 96 97 103 96 103 95 95 102 101 
464 34 76
97 97 103 95 104 96 99 103 99 98 
465 40 34
97 98 95 104 97 104 98 96 97 103 
466 22 86
101 96 101 98 102 96 96 96 98 96 
467 4 13
99 103 97 104 98 97 97 100 102 99 
468 35 80
98 104 97 102 104 98 99 100 99 95 
469 32 44
98 99 101 101 100 95 95 104 103 98 
470 1 72
102 99 103 101 103 97 101 98 98 95 
471 53 14
99 102 95 95 104 98 99 98 102 97 
472 10 15
97 97 101 95 100 103 98 97 98 96 
473 89 54
100 101 102 96 102 104 99 98 103 101 
474 74 99
97 104 96 104 97 97 101 101 99 99 
475 28 20
97 97 98 100 101 99 104 96 97 103 
476 23 82
104 103 99 103 102 95 101 104 104 102 
477 91 84
104 103 95 101 97 104 100 100 98 96 
478 81 100
102 96 98 104 104 102 96 104 101 100 
479 50 26
100 100 101 102 99 101 97 100 102 99 
480 92 50
98 104 99 104 95 102 103 104 95 96 
481 9 63
104 96 98 102 102 97 99 99 102 95 
482 44 94
103 103 103 100 97 95 102 103 96 98 
483 88 34
97 102 97 98 104 95 100 95 99 95 
484 98 44
97 98 102 96 98 98 99 98 96 99 
485 52 66
99 103 98 102 96 97 95 99 95 97 
486 80 10
100 101 96 104 101 95 97 103 98 96 
487 22 37
101 102 96 102 96 97 100 103 95 103 
488 16 65
96 101 95 98 103 104 97 100 100 98 
489 55 22
100 103 96 103 95 99 101 103 96 102 
490 37 73
95 98 95 97 96 101 101 99 97 101 
491 58 73
100 96 103 97 101 99 100 96 100 103 
492 70 98
97 102 100 98 100 98 101 102 101 103 
493 80 1
99 101 99 103 99 99 96 95 102 96 
494 95 17
102 95 104 97 103 96 104 98 103 100 
495 67 74
103 99 95 102 98 95 102 104 103 98 
496 9 93
104 104 99 102 97 104 98 104 96 99 
497 23 22
100 96 99 99 103 98 102 104 104 95 
498 47 73
97 98 99 97 101 97 99 101 98 96 
499 66 6
97 95 99 98 99 103 101 95 95 98 

