500 10 45006
0 4 7
100 98 101 98 99 100 102 99 100 100 
1 1 10
101 99 98 99 100 99 99 101 100 102 
2 3 1
100 101 100 98 102 100 100 101 102 100 
3 4 7
99 100 102 101 99 102 102 100 101 102 
4 6 1
101 99 99 98 99 101 100 98 99 99 
5 6 6
102 100 99 98 99 102 101 100 102 98 
6 3 6
102 100 102 102 101 98 100 101 99 101 
7 9 5
101 99 102 102 100 98 99 101 102 100 
8 7 7
102 102 98 98 102 101 100 99 100 100 
9 8 3
100 99 99 98 99 99 98 102 102 102 
10 1 10
99 100 100 99 99 98 102 100 100 99 
11 8 4
99 98 99 101 102 102 101 99 100 102 
12 4 10
98 101 101 98 98 102 99 101 101 98 
13 7 2
99 98 102 101 102 101 99 98 101 98 
14 5 5
102 102 100 99 101 99 100 98 102 99 
15 3 2
100 101 98 100 102 99 101 98 102 100 
16 6 4
101 101 101 99 101 102 99 102 101 101 
17 4 9
99 98 102 101 101 101 102 100 100 99 
18 5 4
98 101 98 102 100 98 102 98 98 102 
19 5 7
102 100 100 102 100 100 98 102 101 99 
20 3 9
102 101 99 101 98 100 99 98 98 99 
21 2 1
101 98 98 99 102 99 100 98 101 99 
22 3 9
102 100 100 102 98 99 100 102 102 98 
23 9 2
101 99 99 98 101 102 98 101 102 99 
24 10 7
102 101 101 101 98 98 99 99 102 98 
25 1 5
99 100 99 100 98 99 102 101 100 100 
26 9 3
102 102 99 98 100 100 99 99 101 100 
27 2 6
102 102 99 102 102 99 98 100 98 101 
28 8 1
102 101 98 102 100 102 99 99 98 102 
29 3 3
100 98 98 98 100 102 98 100 101 101 
30 9 1
102 98 102 99 102 99 100 98 102 102 
31 10 10
101 99 98 98 98 100 102 102 101 98 
32 2 8
102 101 99 102 99 102 102 100 100 99 
33 5 2
100 101 101 102 100 101 101 101 99 101 
34 4 9
101 101 101 101 98 102 100 99 101 102 
35 1 7
101 100 102 98 101 101 101 100 101 100 
36 7 6
100 99 98 101 100 102 99 98 102 99 
37 1 5
101 100 98 101 99 100 102 100 102 101 
38 10 3
101 101 98 99 100 101 102 99 98 102 
39 10 3
98 100 102 102 102 102 98 102 101 98 
40 8 1
101 99 102 102 100 101 100 98 101 102 
41 10 1
100 98 99 102 99 100 99 100 98 100 
42 4 2
99 102 98 98 99 100 100 102 98 99 
43 5 8
102 101 98 101 100 99 98 99 99 102 
44 7 3
101 102 99 98 100 98 99 98 99 101 
45 8 8
100 99 102 98 100 98 100 102 98 102 
46 10 5
98 99 98 101 100 101 101 99 98 102 
47 7 8
99 98 102 100 98 102 100 101 98 101 
48 4 9
101 100 102 101 100 101 100 102 99 102 
49 1 10
101 101 98 101 102 101 100 99 101 101 
50 1 10
100 102 102 101 100 102 101 100 99 100 
51 3 1
100 99 100 98 99 100 102 99 100 99 
52 2 2
100 98 102 98 101 98 99 99 99 100 
53 2 10
99 102 101 98 101 99 98 100 100 102 
54 8 6
99 102 99 101 100 102 100 102 102 99 
55 8 1
99 98 101 98 101 102 102 99 98 102 
56 2 6
98 102 102 101 101 101 98 100 100 100 
57 8 1
101 102 99 101 99 101 101 102 102 101 
58 10 8
100 98 101 102 98 100 102 100 99 98 
59 8 2
101 101 101 101 98 99 98 101 100 99 
60 4 6
98 101 98 102 99 99 101 98 102 101 
61 5 2
98 98 101 101 98 99 98 102 102 98 
62 8 7
101 100 99 99 98 98 99 98 98 101 
63 2 3
100 99 102 99 98 102 100 100 102 98 
64 4 3
101 98 101 100 98 98 101 102 102 100 
65 8 5
100 98 100 102 102 101 101 99 98 101 
66 10 3
100 101 99 101 101 102 100 100 102 98 
67 2 8
98 100 99 99 102 101 99 101 101 101 
68 8 10
101 99 100 98 102 101 102 101 99 99 
69 9 6
100 99 102 102 99 98 99 102 102 102 
70 1 9
102 101 99 102 101 102 99 100 100 101 
71 8 2
100 100 99 98 98 102 98 102 98 99 
72 4 8
102 99 99 101 98 101 100 99 100 98 
73 7 6
102 100 100 99 100 100 102 99 99 98 
74 8 9
98 102 100 100 101 99 102 100 102 100 
75 3 3
99 99 101 98 100 99 98 99 98 98 
76 1 4
102 99 99 98 100 98 101 102 98 98 
77 7 1
101 101 100 101 100 99 98 98 101 98 
78 6 1
100 101 101 100 101 98 100 100 100 99 
79 10 2
99 102 98 101 102 101 101 98 101 100 
80 1 7
102 100 99 100 100 102 100 99 100 100 
81 2 6
101 101 102 98 99 98 99 101 102 101 
82 9 4
101 100 98 100 102 98 98 98 100 101 
83 3 8
100 99 101 102 102 102 99 102 98 100 
84 5 2
100 100 99 99 100 98 100 100 102 100 
85 5 4
98 99 99 102 98 101 99 100 100 100 
86 10 9
99 98 100 99 98 99 98 100 98 99 
87 10 8
99 101 99 100 98 99 101 100 102 102 
88 3 5
102 98 102 99 100 101 102 99 98 99 
89 5 1
102 102 98 102 99 99 101 102 102 98 
90 3 2
101 98 102 102 99 101 102 98 101 98 
91 8 4
101 101 102 98 98 101 101 99 98 101 
92 4 7
99 101 100 98 98 99 99 98 101 98 
93 1 5
98 102 100 102 102 102 102 102 102 101 
94 2 7
101 102 101 101 102 99 99 98 99 99 
95 8 3
100 102 100 101 99 100 102 100 101 99 
96 4 8
100 100 101 100 100 98 101 100 99 101 
97 2 4
99 102 98 101 98 101 98 98 102 102 
98 9 1
100 102 102 98 99 100 98 98 99 101 
99 10 1
101 101 101 100 101 99 98 98 98 98 
100 4 2
101 98 99 100 102 99 98 101 98 102 
101 5 9
102 99 102 100 102 98 101 98 101 101 
102 8 10
102 102 102 99 102 102 100 98 99 98 
103 10 6
99 99 99 102 101 100 100 100 101 101 
104 10 3
102 102 102 102 102 101 101 101 100 102 
105 6 5
101 102 102 102 98 98 100 101 102 98 
106 8 3
100 100 102 98 98 98 102 99 100 102 
107 4 7
100 99 100 98 101 102 99 101 101 100 
108 1 6
100 100 102 99 102 99 101 99 101 102 
109 7 7
100 100 100 102 99 98 98 99 102 102 
110 4 8
101 102 100 100 99 100 102 98 99 101 
111 10 6
98 100 99 98 102 102 99 99 100 99 
112 1 6
101 100 99 102 100 99 101 100 98 99 
113 5 4
101 99 102 98 102 101 98 99 100 102 
114 8 4
101 98 102 100 101 99 101 100 102 99 
115 7 4
101 98 98 98 99 100 99 102 101 98 
116 7 3
98 100 99 102 99 101 101 99 98 100 
117 7 10
102 102 99 98 100 102 101 100 102 98 
118 1 3
100 99 102 98 101 98 98 101 100 99 
119 8 1
99 98 102 99 101 98 100 102 99 98 
120 10 4
98 102 101 99 102 101 99 102 99 98 
121 10 5
98 99 100 98 102 99 100 100 102 99 
122 2 10
99 101 101 100 102 102 101 99 101 101 
123 8 10
101 101 101 102 98 98 101 99 101 100 
124 4 9
98 98 98 102 100 99 101 98 100 101 
125 4 7
100 101 100 100 99 99 100 102 100 98 
126 4 8
100 101 98 99 100 101 102 102 99 99 
127 5 4
98 102 101 100 101 101 98 98 99 102 
128 6 8
98 100 101 102 102 101 102 102 99 102 
129 6 6
98 99 98 99 100 99 102 102 100 102 
130 7 6
98 101 101 99 100 101 99 98 100 99 
131 10 4
98 101 100 99 98 100 102 98 98 99 
132 9 6
102 102 102 99 101 101 100 101 99 100 
133 3 5
100 98 102 102 99 98 102 99 102 100 
134 6 2
99 99 101 100 100 99 100 99 98 101 
135 10 1
99 101 102 101 98 101 100 100 98 99 
136 4 7
99 98 98 100 102 100 98 98 101 101 
137 10 1
102 101 101 102 100 102 98 101 101 99 
138 2 4
99 98 101 99 101 101 102 100 98 102 
139 5 10
99 100 100 99 98 99 101 100 100 99 
140 4 10
99 98 102 99 99 101 99 102 101 102 
141 8 8
98 100 102 98 101 98 100 100 102 102 
142 4 1
100 100 102 102 98 100 98 101 101 98 
143 10 7
98 99 101 98 100 98 100 102 100 101 
144 1 2
99 100 98 100 101 101 102 98 100 101 
145 1 4
99 98 101 99 100 101 100 100 99 98 
146 4 4
101 100 101 98 101 98 101 99 102 101 
147 4 8
102 101 100 99 101 102 99 102 100 98 
148 3 10
98 100 102 99 102 102 99 100 101 99 
149 9 2
101 101 102 100 102 98 99 98 98 99 
150 4 4
98 98 98 100 100 100 102 100 102 101 
151 6 5
100 101 99 98 98 99 102 101 100 98 
152 9 2
98 102 101 98 100 99 102 101 101 99 
153 8 1
101 99 102 101 99 99 102 101 98 98 
154 2 6
102 100 98 99 100 101 102 98 98 100 
155 8 3
101 99 100 100 102 100 102 101 101 102 
156 9 1
98 100 98 100 102 101 100 101 98 98 
157 2 6
101 98 98 98 102 100 98 101 99 102 
158 3 1
99 101 98 98 102 101 100 100 98 100 
159 5 6
101 102 98 101 102 100 98 102 100 100 
160 6 8
98 100 100 101 99 99 98 98 102 99 
161 3 7
102 102 101 100 101 100 100 101 99 100 
162 8 1
102 102 98 102 100 100 101 102 99 98 
163 8 5
101 102 102 102 98 99 98 100 100 101 
164 5 4
99 99 99 102 98 98 98 100 98 100 
165 7 10
99 102 101 100 99 98 99 99 102 101 
166 6 8
99 99 102 99 102 101 99 100 99 102 
167 8 7
98 102 98 100 99 99 101 100 100 99 
168 7 6
101 100 99 102 100 100 99 102 98 100 
169 6 5
98 99 100 101 98 99 98 100 98 100 
170 2 7
102 102 98 101 98 99 99 98 98 100 
171 1 9
99 99 102 99 102 102 101 99 100 100 
172 6 3
101 100 100 101 102 98 99 98 98 99 
173 10 8
102 100 101 102 102 101 102 101 99 101 
174 7 1
102 102 102 99 99 102 99 102 101 98 
175 5 10
98 98 98 98 99 99 98 100 101 101 
176 5 10
101 101 102 102 102 99 100 98 100 99 
177 3 5
100 98 98 98 98 100 102 100 100 99 
178 9 2
100 98 101 100 101 100 102 99 101 101 
179 1 5
102 100 102 100 98 99 101 100 101 98 
180 10 6
100 99 101 100 100 101 101 100 101 101 
181 7 2
99 98 102 99 102 99 98 98 102 102 
182 10 7
101 100 102 99 98 101 102 100 102 100 
183 2 5
98 102 101 101 101 102 99 99 98 98 
184 5 7
99 102 99 100 98 99 102 101 98 98 
185 3 6
101 101 98 98 98 99 99 100 101 102 
186 1 9
98 101 99 98 101 98 99 99 102 98 
187 2 2
101 98 100 101 98 99 99 98 102 99 
188 3 5
102 98 99 102 102 101 100 98 99 101 
189 3 7
98 99 102 99 101 98 101 99 100 98 
190 5 5
99 98 98 98 101 102 99 98 98 102 
191 10 7
100 102 101 98 102 99 99 98 102 98 
192 9 3
101 99 101 98 101 102 98 99 100 100 
193 9 1
101 102 100 101 101 102 100 100 98 98 
194 3 5
101 98 99 100 99 98 99 99 101 102 
195 2 8
99 101 98 101 100 102 98 99 98 101 
196 2 7
100 101 101 100 99 101 101 102 101 98 
197 5 2
100 100 100 100 102 99 102 98 102 100 
198 9 8
99 101 98 101 99 99 102 98 100 98 
199 10 4
101 101 102 101 98 98 98 102 101 102 
200 7 3
98 101 100 98 98 98 102 101 98 102 
201 7 8
100 99 102 102 101 102 102 101 102 102 
202 2 10
99 101 98 102 101 99 101 101 102 98 
203 1 2
100 99 102 101 100 99 100 98 102 101 
204 10 10
100 102 100 101 98 98 102 99 102 102 
205 2 5
101 99 102 100 100 100 99 99 101 98 
206 2 2
101 98 99 102 102 100 98 101 101 100 
207 8 4
98 101 100 102 101 98 98 99 99 102 
208 6 9
101 99 100 100 102 98 98 102 99 101 
209 2 3
98 99 98 99 102 102 102 99 101 99 
210 1 9
99 100 102 101 101 99 101 100 98 100 
211 5 10
101 99 98 99 102 99 101 99 101 98 
212 8 5
100 102 98 100 100 100 98 99 99 99 
213 10 5
102 102 99 102 102 100 98 100 101 99 
214 9 10
100 101 99 100 101 98 101 98 102 98 
215 10 8
102 102 98 98 100 99 98 100 98 99 
216 4 7
102 102 101 102 98 101 102 102 101 100 
217 5 3
100 100 102 102 101 102 101 102 98 101 
218 1 6
102 98 102 99 101 100 101 100 99 101 
219 5 9
102 101 101 100 98 100 99 102 99 101 
220 1 2
102 101 99 99 99 99 99 100 101 100 
221 10 7
98 102 102 101 100 101 100 101 101 100 
222 7 1
102 102 99 100 100 100 102 99 98 100 
223 4 10
101 99 101 99 102 100 100 99 101 101 
224 10 9
101 99 99 101 98 102 101 102 102 100 
225 10 7
102 98 98 102 100 98 98 100 99 102 
226 4 6
101 100 101 100 101 101 98 101 99 99 
227 10 8
99 102 101 100 99 100 101 98 100 98 
228 3 7
98 100 101 100 99 101 102 100 99 101 
229 10 7
101 102 99 102 100 98 99 98 98 100 
230 8 7
99 101 100 102 101 99 98 102 101 99 
231 4 8
102 102 102 100 102 101 101 100 102 98 
232 5 4
100 100 102 100 102 99 99 99 99 101 
233 8 1
102 102 99 102 98 99 99 98 100 100 
234 3 3
100 101 99 99 98 98 100 100 101 99 
235 1 8
102 101 98 99 101 100 101 102 100 99 
236 4 5
102 100 102 99 102 102 101 102 100 98 
237 8 3
100 102 102 98 98 99 98 98 102 98 
238 4 3
98 101 99 102 102 100 101 98 102 101 
239 2 1
100 100 102 102 102 100 101 99 99 100 
240 8 5
99 102 99 98 102 102 98 99 100 101 
241 1 9
98 102 101 102 102 99 100 101 101 99 
242 3 8
98 100 99 100 102 101 99 100 102 100 
243 6 6
101 98 100 100 101 100 100 102 101 100 
244 1 8
101 100 98 100 99 102 99 99 99 100 
245 9 9
100 99 98 99 98 100 102 98 100 99 
246 10 4
101 99 102 102 101 102 99 102 102 100 
247 9 1
99 102 101 98 102 102 101 101 98 98 
248 3 9
101 99 101 100 100 98 98 100 99 99 
249 2 8
101 101 99 100 100 102 102 98 98 100 
250 8 2
99 100 98 102 101 100 100 101 101 100 
251 8 3
102 98 102 99 99 101 98 102 101 101 
252 4 6
100 102 100 102 100 98 99 98 100 99 
253 10 8
98 101 100 101 101 98 98 100 98 99 
254 6 2
99 98 101 102 101 101 99 100 101 99 
255 3 6
99 98 98 98 101 100 101 101 100 98 
256 2 6
98 101 98 100 99 98 99 101 101 102 
257 5 9
100 101 99 98 102 98 100 98 100 98 
258 1 1
102 98 101 99 99 102 102 101 102 102 
259 2 3
99 102 100 102 101 100 101 100 98 99 
260 1 5
99 102 99 101 102 99 101 98 102 101 
261 8 1
100 101 98 101 100 101 98 98 100 101 
262 6 8
100 98 100 102 99 100 101 102 99 102 
263 10 9
100 100 101 99 98 100 101 102 98 99 
264 5 10
99 99 98 102 99 100 101 101 100 98 
265 8 1
100 100 102 99 101 101 99 101 100 99 
266 2 5
102 100 98 99 101 99 101 102 100 98 
267 6 10
102 102 102 99 102 102 101 102 99 100 
268 6 8
100 99 98 99 102 99 98 101 98 100 
269 8 4
101 100 98 100 102 100 99 101 99 101 
270 10 4
100 100 100 98 99 102 100 98 100 102 
271 2 7
101 101 100 101 98 102 100 98 101 102 
272 8 8
99 99 98 98 102 99 101 99 98 98 
273 2 9
102 99 101 99 98 102 100 101 102 99 
274 3 7
100 99 99 98 98 98 102 101 99 102 
275 9 8
100 99 101 100 101 100 98 102 101 98 
276 8 6
99 98 102 98 101 101 101 99 102 102 
277 7 2
100 99 102 98 100 98 101 98 99 99 
278 10 8
98 98 99 101 100 102 102 102 99 98 
279 7 5
101 98 98 102 99 102 98 101 98 99 
280 10 10
99 100 102 98 98 102 100 99 99 101 
281 2 9
102 100 102 98 102 99 100 100 99 100 
282 2 8
99 101 99 101 98 100 101 99 99 102 
283 7 2
101 98 102 99 99 99 100 98 98 99 
284 4 1
100 98 102 101 100 101 101 99 99 99 
285 7 2
101 102 98 102 99 101 100 99 102 100 
286 4 1
98 98 100 100 101 98 100 101 98 102 
287 4 1
100 99 101 101 100 102 100 100 99 100 
288 2 8
100 99 101 99 98 101 101 100 98 101 
289 10 10
101 102 100 99 101 100 101 98 102 101 
290 4 7
102 100 99 98 102 102 102 100 98 98 
291 1 1
101 99 100 99 102 102 98 102 101 102 
292 8 4
99 100 101 100 98 101 99 100 99 100 
293 10 3
99 102 99 102 99 102 102 102 98 102 
294 6 2
98 100 100 101 101 100 101 100 99 99 
295 2 10
99 100 99 102 99 98 100 101 99 98 
296 3 3
102 101 102 99 102 99 100 102 99 100 
297 10 10
99 100 101 100 98 100 99 100 102 100 
298 2 2
101 98 99 99 99 98 102 98 98 101 
299 8 1
102 99 99 98 98 99 100 99 98 100 
300 5 2
102 100 98 99 98 101 102 98 102 98 
301 7 3
100 100 100 100 98 99 102 98 98 99 
302 3 1
100 102 102 102 102 98 98 101 100 98 
303 5 10
102 101 102 98 98 101 100 100 98 99 
304 3 2
101 99 101 98 100 100 100 99 102 99 
305 2 4
99 101 101 99 99 101 98 100 101 100 
306 3 7
98 99 101 98 100 100 101 100 102 101 
307 3 4
101 98 100 100 101 101 100 100 101 98 
308 4 10
98 101 99 99 98 98 100 100 99 100 
309 6 7
98 101 101 102 102 101 102 100 98 99 
310 2 1
99 101 100 98 101 98 99 99 99 101 
311 3 9
98 102 101 102 99 101 98 99 101 98 
312 3 10
98 100 99 98 98 100 101 100 100 98 
313 8 2
101 101 100 99 101 102 99 102 98 102 
314 9 2
100 98 101 101 98 100 100 101 102 99 
315 6 6
98 101 102 101 102 99 99 102 99 98 
316 1 8
99 99 101 99 99 101 100 98 101 100 
317 4 6
98 99 101 99 100 99 101 100 102 100 
318 8 4
101 101 100 100 101 102 99 102 99 102 
319 6 5
100 98 102 100 100 98 102 102 99 98 
320 7 6
99 102 102 98 100 100 99 100 98 98 
321 7 2
98 100 98 101 99 101 100 98 101 99 
322 10 3
99 99 100 102 99 101 99 102 102 99 
323 2 2
98 100 99 100 98 100 101 98 98 99 
324 6 9
99 100 99 102 98 100 101 102 101 98 
325 4 2
98 100 100 100 98 102 101 98 101 99 
326 5 9
102 98 98 99 101 98 99 102 102 100 
327 1 1
100 101 102 100 99 102 102 101 101 101 
328 1 4
100 99 98 99 100 100 99 101 100 100 
329 5 6
102 99 102 102 98 102 99 100 102 98 
330 6 6
99 99 99 98 102 99 98 100 102 101 
331 6 8
98 99 100 100 98 100 102 98 101 101 
332 7 4
102 100 99 101 102 101 99 100 102 100 
333 10 9
98 98 100 100 98 100 99 98 99 101 
334 3 2
98 101 101 98 99 102 102 100 101 100 
335 8 3
100 101 100 99 100 99 99 98 101 102 
336 3 9
101 98 98 102 101 102 101 102 100 99 
337 5 6
101 98 100 99 102 98 99 99 98 98 
338 10 1
99 99 100 100 100 99 100 98 99 101 
339 3 10
100 98 98 98 101 100 98 99 102 98 
340 1 5
98 101 100 100 101 100 100 102 101 99 
341 4 1
100 99 100 101 99 99 98 101 101 98 
342 1 3
102 99 98 102 101 100 98 98 98 100 
343 3 9
102 100 98 100 101 101 102 99 99 102 
344 10 8
98 102 99 99 100 101 101 99 99 98 
345 8 10
101 100 102 98 98 100 102 102 99 102 
346 10 5
102 98 98 99 99 100 101 100 101 99 
347 9 1
98 101 102 99 98 99 99 98 102 98 
348 7 7
102 100 98 98 99 99 98 98 102 100 
349 4 1
99 100 102 98 98 100 100 98 100 101 
350 10 1
100 98 98 99 100 101 102 102 98 99 
351 10 2
101 99 102 102 99 100 102 100 99 102 
352 5 3
101 102 102 101 102 101 101 99 98 98 
353 5 1
102 101 102 102 98 101 101 98 100 102 
354 10 9
101 101 100 98 102 102 102 101 101 101 
355 9 8
102 99 99 102 101 98 102 100 102 101 
356 10 10
102 100 102 99 101 98 99 99 101 101 
357 4 6
100 100 98 100 101 101 100 100 99 101 
358 4 10
98 101 100 102 101 101 98 102 100 99 
359 8 6
99 101 99 100 102 98 100 101 102 100 
360 9 3
98 98 102 99 98 98 100 98 101 99 
361 3 4
102 100 98 99 102 100 101 100 101 100 
362 10 10
102 99 102 101 98 100 101 98 102 102 
363 9 5
102 101 100 102 102 102 101 102 101 101 
364 3 10
100 101 100 98 98 101 99 102 100 99 
365 5 3
101 100 98 98 100 98 99 99 101 101 
366 2 4
102 99 102 101 99 101 100 98 99 102 
367 4 9
101 102 102 100 98 102 102 99 101 102 
368 2 8
100 102 102 98 101 100 98 102 98 102 
369 3 9
98 98 101 99 99 99 100 99 99 99 
370 9 4
100 98 102 99 99 100 101 101 102 102 
371 10 10
101 99 101 101 101 99 99 101 101 100 
372 2 2
101 101 101 99 98 101 98 100 101 99 
373 6 6
99 102 101 98 98 102 102 102 101 100 
374 8 2
98 99 102 101 101 98 100 101 99 98 
375 6 9
101 98 100 102 99 101 102 100 102 102 
376 5 5
99 101 98 102 101 98 100 101 99 99 
377 10 2
101 99 102 99 101 102 102 101 99 100 
378 10 4
98 101 100 99 98 102 100 101 100 101 
379 5 8
101 99 101 99 102 100 100 100 98 101 
380 5 6
101 98 98 102 100 98 102 102 98 102 
381 1 6
101 98 98 100 101 102 98 99 100 101 
382 3 2
100 99 102 102 102 98 99 102 98 99 
383 2 1
99 100 99 100 99 102 102 99 102 98 
384 7 8
99 99 98 102 99 102 100 98 98 99 
385 2 2
101 100 99 99 101 100 101 100 99 102 
386 5 1
101 98 99 102 100 100 101 102 98 101 
387 6 9
100 100 101 102 99 102 99 99 101 102 
388 5 8
101 100 102 102 102 98 102 102 98 101 
389 5 9
100 100 102 98 99 99 101 98 98 102 
390 8 7
98 101 98 102 102 102 101 100 100 102 
391 9 2
102 101 98 99 101 99 99 98 102 100 
392 8 3
98 99 102 99 100 99 102 100 102 102 
393 7 4
102 99 100 101 98 99 99 99 99 101 
394 6 5
98 99 99 99 99 102 101 99 100 100 
395 5 5
99 102 99 98 98 98 99 99 99 98 
396 10 8
99 100 101 102 99 101 98 101 100 100 
397 7 6
101 99 101 98 101 101 102 99 102 100 
398 3 5
100 98 99 102 100 100 99 99 98 99 
399 1 9
100 99 101 99 98 102 101 101 98 99 
400 9 6
99 102 100 98 99 99 98 102 101 99 
401 6 6
101 101 99 98 102 102 101 101 98 101 
402 7 1
100 102 98 100 99 101 101 100 102 100 
403 9 6
101 98 102 99 101 102 99 101 102 98 
404 5 5
102 102 102 102 101 99 99 98 98 99 
405 6 9
99 98 99 98 100 99 100 98 101 102 
406 9 7
98 99 102 98 99 98 102 98 98 98 
407 7 1
99 102 98 100 100 100 100 101 100 101 
408 6 10
99 101 99 102 100 102 98 102 99 100 
409 5 3
100 98 98 100 99 101 100 100 101 98 
410 7 6
100 102 99 100 102 99 99 101 99 98 
411 3 6
102 98 98 100 100 102 100 102 98 100 
412 10 7
98 101 98 98 98 102 99 98 98 100 
413 8 5
98 98 100 102 98 100 102 100 100 99 
414 10 7
99 99 100 101 98 99 99 101 100 99 
415 4 3
100 99 102 100 98 99 100 99 100 99 
416 8 5
101 99 99 100 98 101 101 101 99 99 
417 7 5
102 100 100 99 98 100 99 98 102 98 
418 3 5
100 102 100 99 101 102 98 99 101 102 
419 7 9
100 102 99 101 98 102 100 98 101 99 
420 9 6
102 102 98 98 100 101 99 102 102 99 
421 8 3
98 102 99 98 101 100 101 98 101 99 
422 7 2
98 98 101 101 100 99 102 101 101 102 
423 1 6
100 99 99 102 100 101 99 98 102 102 
424 6 4
101 99 98 100 100 101 101 101 102 99 
425 4 4
102 102 99 102 102 101 102 101 102 100 
426 3 10
100 99 102 100 100 99 98 99 100 100 
427 1 3
99 101 100 98 99 98 98 100 98 99 
428 8 7
99 101 99 98 99 102 99 98 100 100 
429 8 5
99 102 100 101 100 100 100 98 100 102 
430 6 1
100 98 101 102 101 100 98 102 100 99 
431 2 1
100 98 99 99 100 98 99 98 98 101 
432 10 5
101 101 102 98 101 99 99 100 101 99 
433 7 9
98 101 102 100 99 100 101 102 100 102 
434 8 8
99 101 100 99 102 101 100 100 100 101 
435 5 3
102 98 99 102 101 100 100 101 100 99 
436 2 9
102 99 102 99 100 100 98 101 100 101 
437 3 9
101 102 98 98 98 100 102 102 102 98 
438 7 4
102 101 101 99 98 99 100 99 100 101 
439 5 2
98 98 98 98 98 100 101 101 101 99 
440 2 9
101 100 98 102 101 99 100 100 102 99 
441 7 2
102 101 102 100 101 102 101 99 99 98 
442 7 7
100 99 99 101 102 102 99 102 100 99 
443 10 3
102 99 99 102 102 100 100 102 100 100 
444 9 7
101 101 100 102 102 98 100 101 99 98 
445 4 2
98 98 98 102 101 102 99 101 101 102 
446 5 10
102 101 98 99 100 101 102 98 102 101 
447 10 9
98 99 101 102 102 100 100 99 102 102 
448 6 10
102 101 102 102 100 98 98 99 102 99 
449 6 7
102 99 100 98 100 101 98 100 100 102 
450 9 2
101 98 100 100 98 100 101 99 100 101 
451 1 7
101 98 101 100 99 98 99 101 101 98 
452 6 1
101 99 98 98 100 101 101 98 102 98 
453 10 7
102 100 100 99 98 100 98 99 102 98 
454 1 4
98 99 101 98 99 101 99 100 99 101 
455 5 4
101 101 101 102 101 102 98 98 102 100 
456 4 5
99 101 100 101 101 101 99 98 102 99 
457 7 4
99 102 98 101 100 102 99 98 100 100 
458 3 9
99 100 101 98 98 101 100 99 100 102 
459 5 6
102 100 101 102 98 102 102 100 101 102 
460 8 3
98 101 102 98 100 99 98 99 102 98 
461 4 7
101 100 100 98 100 102 101 99 101 99 
462 3 10
100 99 101 100 100 98 102 98 98 101 
463 1 1
100 98 99 101 100 102 102 98 100 101 
464 4 7
102 101 102 101 99 102 102 101 100 102 
465 6 1
99 99 98 101 99 100 101 101 102 102 
466 2 2
99 100 101 98 99 99 101 98 102 102 
467 1 3
101 102 98 99 101 100 101 99 101 98 
468 6 8
100 101 98 99 98 102 102 101 99 100 
469 9 5
99 101 98 100 100 98 98 99 100 100 
470 10 3
100 102 102 100 102 102 102 101 100 100 
471 2 3
99 98 98 102 102 98 102 98 101 102 
472 9 9
99 98 102 101 100 98 99 102 102 100 
473 8 1
99 99 101 101 98 102 101 99 102 98 
474 4 1
101 100 99 101 101 102 99 99 102 100 
475 6 9
100 101 101 101 98 100 101 101 98 101 
476 4 7
100 99 102 101 102 100 102 100 102 100 
477 8 5
99 102 99 100 99 101 100 99 101 100 
478 5 1
102 98 101 100 98 101 98 101 98 102 
479 9 7
100 102 98 101 99 100 98 102 99 101 
480 9 4
99 99 99 99 101 100 99 98 102 99 
481 8 1
102 100 98 99 101 101 102 98 101 102 
482 2 10
100 101 99 98 99 102 98 100 98 99 
483 1 10
102 101 99 101 99 101 101 100 100 101 
484 5 6
102 101 101 102 98 99 98 102 102 99 
485 10 6
99 98 102 99 101 102 100 102 102 101 
486 4 6
101 101 100 98 102 101 101 98 100 101 
487 5 5
102 102 101 98 99 100 100 100 102 99 
488 1 9
100 101 102 99 99 100 101 98 101 98 
489 3 10
102 100 102 101 98 98 100 99 102 100 
490 7 8
102 101 99 99 99 100 99 98 98 98 
491 4 4
98 99 98 98 102 98 102 101 100 98 
492 9 1
98 98 99 99 100 101 99 101 101 100 
493 7 8
102 100 100 99 98 99 100 98 102 100 
494 6 4
102 99 101 100 101 99 100 98 101 98 
495 9 8
101 102 99 102 100 100 99 101 100 98 
496 1 8
101 100 102 98 99 99 101 99 100 100 
497 1 6
98 102 100 102 102 98 99 98 98 102 
498 2 10
102 102 100 99 102 100 98 98 99 102 
499 1 6
98 98 101 102 100 101 99 98 100 101 

