50 10 995
0 1 10
103 100 96 103 99 102 100 102 97 104 
1 10 4
102 104 99 98 102 95 97 97 104 100 
2 8 2
95 95 101 98 98 101 97 97 96 101 
3 3 8
98 102 102 102 103 101 95 100 101 99 
4 1 6
99 100 104 101 95 101 104 98 103 100 
5 7 3
98 96 101 101 102 103 101 95 102 98 
6 1 6
104 95 97 102 102 99 100 98 104 99 
7 10 3
98 95 102 96 102 98 100 95 101 96 
8 10 6
96 100 103 103 103 103 100 104 103 102 
9 10 8
97 101 96 98 97 97 102 100 98 99 
10 10 3
95 99 100 101 103 99 97 96 96 97 
11 1 2
95 100 95 95 100 96 103 102 102 104 
12 3 3
96 95 104 101 101 103 104 101 100 101 
13 6 6
95 104 101 96 96 103 97 96 101 99 
14 4 2
103 96 95 102 97 97 104 101 99 104 
15 5 2
104 100 104 101 96 99 96 96 98 95 
16 5 7
103 103 104 101 98 98 102 96 99 104 
17 9 10
99 95 100 103 104 104 96 95 100 96 
18 8 7
102 95 95 98 95 101 104 96 100 104 
19 8 9
99 102 96 103 101 96 104 95 96 99 
20 2 3
101 97 98 98 100 97 104 100 97 96 
21 9 4
103 104 101 98 103 98 98 97 97 101 
22 4 10
102 97 96 96 104 99 100 100 104 95 
23 9 5
97 104 104 100 98 104 95 96 104 101 
24 7 10
96 96 97 99 102 102 100 99 96 101 
25 8 1
96 100 102 95 100 100 101 103 102 103 
26 6 1
102 102 96 101 100 104 101 101 95 95 
27 1 8
104 100 98 95 99 98 98 102 103 95 
28 10 4
103 100 98 100 100 95 100 98 104 103 
29 2 5
104 104 96 104 96 98 103 97 96 98 
30 4 8
101 103 99 101 103 98 97 101 95 100 
31 4 7
103 95 96 104 103 99 99 102 101 102 
32 9 8
97 103 97 98 97 100 95 95 100 101 
33 8 4
104 96 97 97 103 102 103 101 103 96 
34 7 7
102 97 101 98 104 101 98 96 100 100 
35 8 10
97 104 96 102 101 103 95 102 104 99 
36 2 9
97 96 101 97 97 99 95 95 101 101 
37 6 8
100 103 96 97 98 103 96 102 104 97 
38 5 8
98 102 102 99 96 103 99 100 95 98 
39 8 5
102 95 99 101 101 97 100 98 95 101 
40 6 7
101 103 98 101 98 103 100 103 102 97 
41 5 1
96 96 101 98 99 100 102 98 100 99 
42 2 5
101 102 104 103 98 102 99 97 102 95 
43 9 3
103 100 95 100 103 102 102 96 103 100 
44 5 5
96 98 104 103 102 96 99 100 95 101 
45 5 6
98 103 102 95 103 102 98 103 98 100 
46 6 2
97 98 99 97 103 95 101 96 98 101 
47 3 4
104 103 103 104 99 97 99 102 96 99 
48 1 2
96 100 97 99 95 102 102 100 97 98 
49 10 4
98 101 99 102 99 103 95 100 102 103 

