500 10 34748
0 47 86
93 115 100 115 97 101 76 89 83 99 
1 94 40
77 116 89 100 76 120 90 117 113 83 
2 74 48
110 112 93 123 79 89 111 99 81 86 
3 16 79
115 93 119 123 117 112 113 122 106 77 
4 23 83
124 114 99 112 123 122 111 110 111 79 
5 36 42
96 96 92 102 108 107 83 98 75 77 
6 24 96
115 86 117 96 90 91 78 91 81 102 
7 5 7
101 115 116 88 122 101 81 93 123 98 
8 46 84
81 80 81 83 83 104 78 123 118 122 
9 22 61
91 99 102 97 78 108 105 106 98 96 
10 95 73
124 77 115 122 101 113 105 109 118 113 
11 45 52
95 123 76 90 120 97 102 88 123 79 
12 36 4
114 90 110 88 113 106 112 113 109 103 
13 88 63
93 95 123 86 85 117 90 107 115 93 
14 48 89
118 102 76 118 108 114 122 98 81 109 
15 89 48
90 100 110 76 78 99 88 96 119 88 
16 36 8
81 75 114 123 95 114 113 88 91 117 
17 58 100
106 81 97 114 115 85 111 80 111 98 
18 60 92
75 99 88 119 113 75 76 119 77 118 
19 45 23
107 108 113 123 100 120 122 83 76 97 
20 50 42
107 113 123 95 86 82 87 86 107 102 
21 59 71
102 86 91 104 79 85 78 113 120 116 
22 87 23
113 111 105 114 83 107 107 117 95 106 
23 14 84
115 102 122 99 79 82 119 108 93 87 
24 15 26
100 92 88 95 86 77 118 124 115 100 
25 92 1
82 98 117 104 81 82 88 124 109 87 
26 74 91
94 95 100 114 107 114 89 82 84 105 
27 31 21
109 100 96 99 77 87 99 87 113 93 
28 42 95
101 81 120 87 93 94 80 112 114 105 
29 80 22
97 118 106 108 100 88 78 84 113 101 
30 36 91
114 84 79 104 103 121 98 81 79 96 
31 19 24
115 100 87 104 83 116 77 105 112 110 
32 64 13
123 93 99 113 119 84 106 110 96 110 
33 15 100
106 115 80 111 86 100 86 78 76 98 
34 85 62
92 111 116 79 97 81 93 97 99 119 
35 12 21
81 119 83 102 104 99 103 88 89 110 
36 52 78
87 87 107 90 112 91 101 81 78 92 
37 63 28
98 108 76 124 102 89 97 110 83 105 
38 13 89
79 117 76 96 102 79 75 115 93 108 
39 6 56
124 107 89 79 76 101 106 102 84 110 
40 27 90
124 123 99 83 103 114 121 110 106 124 
41 57 62
78 83 78 96 116 85 103 118 117 117 
42 48 97
96 106 98 105 91 76 96 90 75 121 
43 26 81
112 98 92 93 97 100 106 102 109 109 
44 51 28
120 106 95 114 98 95 112 121 78 85 
45 80 70
89 75 111 89 121 89 121 108 112 91 
46 5 11
116 110 114 102 97 115 80 92 96 102 
47 59 47
124 121 118 77 83 97 96 97 97 85 
48 89 22
99 112 81 86 78 87 98 121 75 88 
49 75 73
80 106 116 101 83 76 99 85 122 94 
50 13 9
116 111 105 91 121 94 114 97 81 122 
51 86 12
85 86 82 87 99 106 111 106 87 102 
52 10 74
105 108 108 105 78 120 113 121 108 93 
53 15 80
114 78 78 120 78 114 81 90 75 91 
54 28 77
122 88 84 87 117 93 112 99 76 97 
55 55 5
94 117 78 78 86 92 107 77 98 113 
56 49 27
104 81 116 106 97 95 82 97 110 91 
57 85 78
111 98 76 112 120 83 119 89 75 122 
58 68 64
91 77 91 114 115 91 92 96 99 85 
59 3 48
107 86 96 92 104 82 121 90 105 123 
60 3 26
81 123 116 83 122 84 97 89 88 113 
61 56 6
81 100 101 105 112 103 104 95 114 75 
62 88 21
82 109 110 112 109 114 89 117 115 83 
63 1 38
92 97 78 107 87 86 112 95 111 90 
64 52 74
118 105 120 109 106 108 81 115 92 116 
65 81 2
107 121 118 97 79 120 85 98 95 90 
66 56 35
101 119 80 89 84 81 115 79 113 110 
67 41 20
93 121 87 112 112 117 115 95 113 110 
68 95 44
106 79 91 78 97 99 112 123 93 117 
69 16 79
75 80 107 114 117 98 85 88 94 97 
70 53 10
89 118 106 80 105 100 75 86 107 93 
71 15 55
117 79 77 86 121 94 116 122 101 98 
72 37 20
123 121 109 95 94 111 104 110 104 85 
73 43 61
112 119 98 94 88 115 98 82 119 103 
74 71 91
122 86 114 99 112 100 120 112 99 104 
75 8 96
90 111 107 120 123 100 82 111 96 105 
76 6 85
95 106 119 91 84 89 82 81 103 121 
77 83 18
99 102 79 75 81 87 120 97 123 104 
78 70 50
81 101 110 103 83 117 89 106 98 83 
79 48 83
100 81 116 78 80 98 95 106 78 101 
80 32 10
113 103 108 114 82 79 113 89 107 100 
81 95 42
94 83 99 118 92 98 102 117 105 95 
82 98 88
121 94 93 124 120 76 85 109 106 119 
83 76 39
123 90 79 106 115 123 99 86 82 123 
84 5 27
98 109 95 78 79 94 117 75 113 85 
85 52 36
88 87 96 119 83 121 108 83 86 114 
86 42 4
113 92 90 122 92 96 98 116 80 120 
87 45 63
89 112 89 77 124 91 114 90 105 86 
88 60 39
82 119 123 96 109 115 101 99 82 116 
89 22 76
90 121 91 97 116 87 109 80 76 124 
90 10 54
92 123 93 122 86 104 112 94 99 110 
91 43 11
102 93 111 110 87 84 87 104 80 105 
92 52 99
119 111 80 123 112 91 78 81 91 96 
93 6 79
77 117 124 103 104 116 113 82 86 101 
94 95 26
110 83 79 117 113 81 117 109 119 122 
95 33 84
90 110 114 107 83 119 85 88 113 86 
96 92 68
79 107 99 92 83 93 118 119 101 124 
97 89 17
82 106 76 78 105 110 111 121 98 102 
98 79 84
96 115 121 84 76 115 104 80 97 78 
99 73 31
99 92 101 75 94 90 94 101 123 97 
100 31 29
82 93 99 107 121 79 93 94 119 91 
101 32 98
81 85 79 103 88 104 86 112 121 114 
102 41 18
81 84 119 79 108 101 108 115 119 84 
103 76 43
89 118 87 85 86 118 83 93 78 89 
104 99 19
118 86 83 117 76 123 84 82 84 78 
105 65 93
106 124 109 101 83 86 95 97 81 107 
106 34 19
102 118 111 105 82 109 76 76 121 84 
107 94 50
82 79 83 93 83 97 85 116 96 121 
108 20 31
83 115 79 89 97 114 107 77 109 93 
109 85 93
80 110 120 78 119 115 79 78 119 87 
110 72 55
112 108 121 83 105 90 115 115 80 122 
111 55 31
111 112 107 98 82 91 90 89 77 87 
112 70 49
77 98 79 121 113 100 78 100 86 124 
113 84 94
89 101 108 97 100 112 77 88 101 109 
114 37 87
77 76 77 81 90 97 80 92 122 84 
115 67 36
111 94 85 124 95 121 117 109 97 100 
116 7 98
90 85 85 116 121 124 104 124 75 107 
117 8 69
79 89 110 78 100 78 114 87 99 124 
118 64 95
120 81 106 94 108 114 93 123 75 106 
119 43 97
105 96 122 107 78 80 75 84 94 113 
120 14 48
116 79 86 93 80 99 87 76 105 118 
121 23 65
108 118 89 108 99 81 106 81 103 106 
122 39 34
111 116 120 82 104 85 79 97 89 90 
123 41 72
115 80 99 97 123 122 113 108 117 78 
124 19 17
84 75 99 114 106 87 100 94 80 97 
125 27 37
107 108 84 123 123 76 94 115 81 119 
126 16 58
118 78 115 110 81 84 78 93 86 102 
127 8 45
116 109 90 122 81 118 108 115 101 119 
128 39 28
123 85 94 79 81 109 88 124 113 79 
129 37 97
90 114 89 103 91 99 99 84 83 114 
130 57 68
107 117 82 86 111 123 113 111 83 82 
131 42 65
119 81 90 107 85 78 103 102 117 118 
132 8 11
94 106 94 104 95 103 121 80 95 79 
133 17 9
77 79 120 87 88 113 103 82 119 120 
134 42 58
123 95 109 115 90 119 77 109 100 96 
135 14 49
76 87 78 96 91 94 107 95 100 102 
136 35 89
92 89 123 88 84 114 95 84 86 82 
137 100 77
76 78 87 103 101 103 101 103 115 104 
138 100 9
75 108 105 100 85 89 91 104 105 89 
139 44 90
80 88 123 92 97 124 118 98 79 83 
140 53 81
111 105 83 103 85 85 111 85 118 93 
141 89 57
109 79 110 89 93 105 80 98 121 80 
142 41 69
79 111 119 85 119 123 115 107 103 76 
143 11 41
86 123 78 81 91 116 87 75 120 75 
144 17 66
107 96 113 103 101 106 124 107 94 118 
145 43 66
118 109 122 96 110 84 87 123 84 90 
146 56 26
81 94 102 78 94 120 93 79 91 83 
147 33 45
114 106 101 85 101 95 100 94 81 99 
148 44 93
110 82 117 119 97 122 96 105 92 75 
149 86 39
120 78 117 86 86 102 82 78 85 110 
150 66 90
80 116 83 89 92 76 83 78 83 75 
151 100 83
123 96 89 92 96 124 82 92 77 75 
152 31 67
104 113 96 114 98 111 105 104 104 114 
153 96 98
117 78 77 78 78 76 112 78 97 77 
154 21 95
78 103 88 83 105 118 99 86 106 122 
155 3 56
108 108 111 88 97 106 87 91 109 89 
156 20 88
92 84 116 115 86 88 111 89 116 124 
157 25 24
119 123 109 101 122 112 106 106 95 94 
158 47 45
75 85 85 111 101 107 100 118 116 93 
159 86 5
107 98 95 100 99 120 124 94 120 110 
160 96 44
99 103 101 119 122 97 115 124 109 78 
161 86 61
112 85 80 103 104 118 109 86 91 79 
162 89 92
124 114 87 122 100 84 115 124 112 91 
163 47 37
115 113 110 99 116 97 111 103 107 116 
164 59 64
111 117 101 78 124 90 121 75 79 83 
165 48 82
92 112 108 81 80 106 117 120 94 104 
166 72 12
76 82 116 110 76 75 76 114 119 102 
167 93 44
119 113 119 76 123 116 107 92 106 92 
168 24 87
123 92 107 93 121 80 106 124 90 99 
169 88 19
99 113 82 96 90 75 89 87 115 85 
170 64 42
77 122 83 108 90 109 96 88 76 80 
171 34 51
86 91 76 101 116 113 119 92 103 78 
172 89 97
80 80 83 123 90 96 114 94 93 124 
173 5 84
108 101 124 112 106 109 112 117 78 115 
174 21 97
106 91 90 84 95 81 80 102 86 88 
175 26 29
109 91 123 78 91 79 113 76 105 112 
176 39 63
99 102 81 102 93 104 100 124 120 115 
177 9 18
121 91 120 84 104 97 113 89 114 113 
178 20 56
117 82 83 98 122 122 112 98 101 120 
179 53 45
101 102 120 97 94 81 116 91 97 113 
180 26 2
86 90 92 75 78 113 82 121 121 90 
181 22 96
89 85 95 116 82 97 112 109 76 108 
182 59 71
116 124 111 88 113 89 91 76 104 111 
183 4 84
99 85 106 97 102 79 94 117 91 114 
184 34 24
86 95 82 89 80 92 110 121 94 98 
185 12 10
112 103 85 92 91 88 77 115 100 108 
186 14 53
112 109 119 80 99 104 103 112 77 113 
187 53 8
80 114 79 99 87 90 108 75 120 120 
188 20 62
83 96 79 110 81 92 113 120 78 109 
189 51 78
89 103 92 91 93 94 98 101 85 104 
190 51 73
122 111 97 117 108 118 81 119 89 85 
191 80 21
104 94 90 107 79 90 87 95 121 104 
192 87 15
75 86 115 85 118 118 107 115 106 82 
193 85 65
75 115 83 90 77 115 112 106 84 78 
194 67 14
95 103 108 91 84 96 108 84 110 98 
195 20 79
93 78 95 124 85 79 89 88 122 99 
196 81 2
89 92 108 99 97 76 114 120 104 98 
197 14 89
121 121 124 106 97 93 84 115 98 104 
198 91 85
111 81 124 110 107 104 111 122 123 96 
199 24 72
97 87 91 78 112 104 118 109 103 117 
200 16 1
87 102 115 111 83 107 97 119 113 96 
201 82 22
77 93 95 75 114 118 96 89 82 114 
202 18 48
96 86 106 124 78 123 124 93 102 114 
203 5 37
97 101 107 87 124 89 110 76 107 80 
204 2 74
123 100 112 83 89 80 80 110 93 113 
205 87 24
111 110 116 89 102 120 77 76 98 109 
206 14 25
123 124 100 107 79 104 81 80 79 118 
207 66 71
75 95 83 93 83 119 117 121 107 110 
208 13 10
106 89 85 81 76 100 106 76 99 83 
209 85 32
112 117 113 118 112 78 91 115 98 99 
210 59 34
95 77 106 77 115 119 86 98 85 98 
211 30 12
124 87 88 100 96 124 81 85 118 121 
212 5 81
124 95 95 99 121 106 84 91 110 116 
213 22 28
110 107 75 120 83 105 84 84 119 99 
214 35 66
100 118 101 93 114 107 75 116 79 98 
215 16 51
81 100 93 118 93 114 96 78 99 96 
216 1 33
78 86 116 123 110 102 90 87 95 118 
217 81 63
100 108 78 106 81 93 106 89 120 75 
218 8 14
114 103 93 88 77 96 122 80 107 115 
219 56 21
93 96 107 113 89 90 75 117 123 78 
220 24 7
99 82 95 96 84 104 112 75 83 82 
221 17 13
105 88 94 90 79 100 110 99 123 94 
222 13 65
109 90 81 109 95 107 115 121 116 87 
223 21 1
117 82 75 77 91 91 89 122 107 108 
224 13 39
85 124 87 85 93 101 100 80 116 108 
225 40 65
90 107 85 83 121 105 83 113 114 86 
226 41 7
102 81 80 86 117 92 124 79 91 88 
227 66 87
115 115 116 106 98 108 120 116 92 83 
228 50 64
113 85 77 105 96 119 111 123 76 116 
229 63 46
85 86 124 103 102 89 89 92 79 83 
230 99 31
116 121 96 85 81 97 98 121 107 102 
231 77 54
99 89 79 100 82 91 95 92 104 94 
232 96 7
111 85 98 115 93 99 95 86 97 118 
233 72 81
93 121 101 75 101 78 81 75 94 87 
234 26 78
103 122 119 84 93 117 93 79 77 118 
235 48 73
94 94 110 118 90 83 98 108 79 75 
236 36 81
80 118 105 99 80 82 76 110 81 123 
237 46 28
115 90 106 119 85 105 93 105 75 78 
238 24 16
86 124 75 92 124 110 75 81 106 107 
239 83 87
115 111 97 123 109 94 100 101 109 84 
240 21 95
114 115 101 116 118 77 83 81 76 83 
241 26 3
121 100 83 102 83 117 88 75 103 112 
242 51 13
81 101 115 117 112 85 112 103 77 90 
243 71 48
92 103 78 93 114 104 97 112 81 105 
244 15 15
98 104 91 76 92 92 91 100 120 81 
245 19 83
94 82 85 96 97 107 94 115 86 99 
246 61 3
80 108 114 87 90 80 103 115 109 122 
247 45 4
89 87 104 86 93 122 118 114 81 80 
248 14 29
113 107 95 76 83 108 78 91 93 119 
249 29 84
124 83 101 110 82 97 114 98 109 93 
250 85 55
92 104 119 100 110 82 78 98 116 101 
251 77 2
86 106 92 104 100 122 89 101 83 115 
252 12 16
87 75 114 121 95 100 78 114 80 122 
253 15 41
81 95 90 122 123 116 123 84 99 93 
254 39 50
90 77 102 98 120 113 116 84 116 105 
255 59 12
80 86 78 87 83 94 77 89 114 94 
256 14 88
85 88 121 109 106 109 110 124 114 87 
257 23 35
78 88 118 119 120 76 82 78 89 85 
258 16 23
105 95 113 96 114 76 84 75 92 82 
259 37 99
119 99 122 108 113 97 94 116 110 89 
260 86 84
93 118 111 107 80 78 82 112 98 120 
261 60 64
124 95 90 91 102 76 91 96 102 89 
262 7 67
113 100 82 100 117 120 83 87 115 121 
263 95 46
75 78 110 98 124 119 111 123 89 76 
264 17 92
80 107 90 109 121 96 75 111 124 85 
265 63 94
82 95 80 122 94 76 119 94 80 104 
266 93 7
100 106 81 114 109 97 108 116 79 123 
267 27 54
96 101 114 97 113 76 90 120 99 97 
268 95 94
99 116 89 106 95 83 112 123 114 118 
269 90 77
92 97 92 96 97 120 101 121 99 91 
270 19 63
94 109 85 120 83 79 115 107 122 79 
271 16 21
88 77 93 79 122 82 105 89 107 75 
272 39 55
120 89 77 94 107 96 109 79 82 119 
273 50 16
75 115 75 75 119 90 95 84 95 113 
274 15 68
122 121 109 104 123 97 111 121 113 113 
275 16 72
84 76 100 93 122 101 111 75 91 111 
276 1 64
76 95 97 96 85 113 116 82 110 100 
277 40 86
124 100 106 114 88 124 87 100 75 114 
278 44 99
91 106 75 109 92 77 122 96 97 97 
279 95 35
85 110 118 122 87 107 108 88 82 89 
280 6 24
88 92 75 89 82 120 89 98 102 91 
281 58 45
93 82 92 117 104 87 101 116 124 96 
282 40 65
79 99 104 88 113 109 113 77 77 113 
283 19 60
109 109 109 86 75 118 82 93 77 100 
284 13 84
114 113 100 113 86 91 79 90 115 109 
285 32 79
95 94 107 97 85 77 108 119 111 94 
286 8 89
90 89 83 92 116 95 76 105 85 103 
287 72 73
121 102 114 111 86 97 91 107 119 76 
288 57 55
78 117 75 117 86 82 107 103 98 116 
289 47 66
88 124 122 101 104 93 75 100 121 114 
290 12 60
89 104 118 83 105 77 89 111 119 89 
291 79 58
96 85 111 121 78 109 86 94 110 86 
292 46 65
104 120 114 102 111 77 114 75 106 109 
293 11 13
113 99 123 109 113 103 117 86 115 105 
294 61 95
91 96 90 76 107 85 90 89 82 79 
295 94 96
81 109 123 114 96 83 78 84 110 78 
296 45 76
106 113 114 97 95 124 93 111 97 110 
297 88 6
120 79 96 79 83 91 124 91 78 122 
298 58 25
83 86 110 118 89 104 93 121 94 82 
299 71 90
81 115 100 104 100 89 111 97 93 84 
300 27 29
102 102 121 107 100 79 81 108 90 119 
301 29 30
98 121 102 120 81 122 109 89 114 87 
302 94 65
101 106 113 120 117 89 100 95 119 97 
303 3 70
101 86 79 116 80 107 97 105 105 75 
304 76 37
122 87 76 114 99 121 78 75 105 119 
305 98 73
83 98 119 77 122 122 98 98 85 104 
306 17 68
88 113 122 119 113 100 107 113 112 110 
307 78 14
109 107 88 89 101 88 111 112 113 106 
308 92 86
105 92 85 117 121 103 84 85 91 83 
309 7 8
110 113 122 97 101 101 110 85 85 76 
310 25 40
89 87 103 79 120 94 116 100 113 76 
311 20 38
104 103 122 122 112 80 81 97 118 78 
312 98 70
106 109 106 117 112 80 106 78 93 86 
313 58 14
105 123 116 96 76 85 83 105 116 82 
314 31 31
87 111 79 82 117 76 102 100 113 85 
315 18 26
91 75 104 111 86 113 76 119 114 117 
316 66 41
80 100 98 121 107 78 101 119 116 105 
317 2 86
109 105 86 99 116 105 124 82 106 105 
318 96 95
96 121 115 85 116 82 75 121 107 98 
319 45 17
103 95 85 95 77 87 80 111 119 91 
320 13 36
122 87 119 105 119 114 101 90 113 94 
321 76 30
101 103 100 86 76 94 102 105 116 115 
322 3 94
79 82 107 123 101 119 111 98 83 107 
323 56 56
99 108 95 87 77 123 116 106 103 93 
324 43 30
114 96 86 105 86 88 100 92 98 84 
325 17 50
81 77 99 89 111 106 96 85 89 117 
326 73 68
117 88 123 95 108 117 76 97 90 90 
327 3 28
105 105 119 78 114 87 79 120 91 105 
328 13 54
86 108 88 101 102 111 120 96 76 120 
329 44 38
112 120 84 77 87 89 106 117 119 103 
330 99 34
117 77 106 84 108 118 89 121 103 104 
331 23 7
92 94 104 96 89 98 83 78 95 92 
332 7 83
106 114 99 100 94 97 86 87 102 119 
333 24 13
114 114 83 92 93 106 100 111 77 80 
334 58 18
103 90 95 75 109 103 107 91 95 83 
335 94 90
106 79 78 85 75 103 97 114 92 105 
336 58 39
88 109 101 91 114 108 110 94 75 80 
337 20 35
111 78 77 81 87 121 122 120 77 78 
338 56 4
106 104 117 76 84 76 116 100 111 92 
339 44 78
77 103 124 79 108 95 113 96 99 118 
340 28 87
114 102 108 118 105 113 123 88 92 116 
341 17 29
119 82 80 105 101 123 85 103 101 84 
342 83 13
106 98 108 80 93 88 118 84 115 101 
343 53 71
91 76 108 110 119 75 91 115 84 96 
344 22 87
95 108 91 123 117 76 87 100 101 121 
345 32 95
84 101 78 76 80 82 96 96 85 81 
346 10 7
83 100 122 95 121 95 81 93 78 99 
347 20 98
100 106 97 76 104 80 122 113 107 77 
348 40 38
85 87 85 95 96 94 104 104 119 101 
349 50 94
121 82 88 124 107 107 121 84 91 95 
350 64 96
101 85 111 83 88 102 122 100 115 82 
351 96 12
102 99 117 96 77 119 91 123 76 105 
352 100 86
89 122 120 105 93 85 103 119 95 89 
353 55 86
116 78 85 108 85 83 119 112 109 114 
354 62 88
108 104 112 111 86 112 97 101 109 94 
355 9 53
104 113 123 76 77 79 112 119 82 124 
356 28 71
84 99 84 119 90 97 108 123 77 95 
357 35 64
84 83 116 119 102 77 123 83 115 124 
358 11 46
78 124 116 88 123 95 108 85 119 119 
359 5 10
92 114 84 94 84 119 109 96 79 103 
360 16 83
107 90 115 97 89 77 94 95 76 85 
361 86 53
106 93 87 102 89 93 114 106 82 123 
362 3 69
119 112 114 124 92 81 108 124 97 98 
363 24 89
101 118 83 104 80 118 106 111 88 120 
364 65 29
88 80 84 97 78 87 116 75 76 107 
365 52 19
114 109 94 88 84 117 76 112 112 85 
366 18 94
80 75 104 96 121 120 124 86 77 85 
367 85 59
99 100 83 102 84 84 122 123 120 91 
368 12 57
86 90 119 123 102 86 118 107 88 98 
369 56 10
95 79 96 100 92 80 108 118 107 116 
370 24 42
77 95 117 124 114 80 80 75 95 124 
371 51 48
87 119 107 101 94 112 112 116 119 83 
372 17 14
90 124 83 124 115 106 118 119 79 110 
373 94 44
117 76 120 88 75 120 87 90 114 121 
374 42 61
111 103 77 105 114 93 120 81 93 78 
375 59 61
112 76 82 116 111 77 109 103 78 104 
376 94 7
101 83 96 93 79 87 103 115 117 107 
377 23 84
76 92 117 96 98 75 108 85 76 117 
378 2 40
120 112 94 123 93 90 81 119 98 102 
379 13 80
116 118 95 109 100 119 94 103 89 88 
380 100 88
88 110 124 91 102 77 82 97 114 102 
381 74 58
117 104 78 92 82 91 121 123 86 93 
382 35 37
88 81 90 102 94 91 91 110 76 92 
383 4 30
94 86 78 83 113 103 92 107 83 95 
384 100 68
111 120 92 124 89 79 111 104 85 78 
385 9 32
94 101 93 98 118 97 77 87 108 82 
386 71 74
111 112 80 119 82 81 88 121 78 105 
387 46 20
111 108 123 123 111 83 105 83 109 75 
388 32 78
97 110 114 80 117 86 105 103 75 110 
389 25 11
118 114 83 122 95 80 91 83 114 92 
390 58 28
100 112 110 85 112 93 112 87 78 104 
391 20 97
117 75 101 120 112 76 80 106 115 88 
392 29 63
95 121 96 84 88 103 114 114 92 99 
393 100 7
118 113 93 121 94 113 119 87 115 96 
394 10 78
99 89 85 91 104 113 106 124 112 77 
395 62 51
107 75 114 76 101 115 82 96 104 103 
396 71 1
93 89 89 83 112 98 112 88 114 123 
397 31 19
113 86 95 100 90 108 101 124 108 92 
398 1 12
83 84 108 114 114 78 114 82 94 81 
399 18 8
104 82 95 94 80 77 114 120 90 86 
400 24 83
119 124 106 104 93 108 116 101 120 99 
401 18 85
104 82 119 123 88 86 82 119 93 105 
402 64 76
107 80 98 123 91 121 105 88 122 89 
403 43 16
122 108 119 117 84 86 104 113 95 98 
404 90 84
109 121 105 80 101 120 107 84 75 80 
405 60 70
78 116 107 75 80 101 91 80 85 87 
406 50 22
98 105 87 119 78 76 104 115 122 84 
407 48 75
80 104 110 82 112 121 101 115 112 85 
408 92 96
112 84 77 122 96 78 95 119 109 107 
409 41 88
108 95 104 108 106 101 84 111 81 119 
410 47 46
117 97 110 104 108 103 101 95 112 103 
411 70 11
109 114 82 93 99 122 82 84 94 114 
412 43 52
90 78 114 98 122 110 93 116 85 81 
413 22 94
109 124 90 97 105 109 107 89 100 114 
414 35 2
114 118 86 83 107 80 86 123 84 76 
415 22 59
113 117 75 123 123 98 116 107 97 83 
416 57 3
119 114 93 95 105 77 98 96 121 111 
417 81 79
117 118 101 78 119 75 88 110 119 90 
418 34 43
113 102 101 88 110 108 92 105 99 111 
419 53 57
113 100 103 111 89 85 90 81 78 118 
420 12 51
120 101 110 114 117 95 108 107 122 85 
421 48 86
118 90 92 92 76 94 98 116 121 78 
422 81 11
88 120 93 94 115 106 94 111 83 81 
423 76 1
101 84 109 101 96 107 88 89 122 105 
424 84 1
76 81 118 122 87 98 85 100 95 105 
425 95 12
87 90 122 97 98 99 99 77 110 83 
426 29 7
115 116 97 114 98 80 116 99 89 112 
427 74 77
85 108 78 106 91 75 119 105 90 118 
428 3 42
94 101 118 80 111 96 88 104 89 113 
429 69 88
118 87 86 84 124 109 112 84 95 116 
430 43 39
116 113 93 83 106 97 124 76 75 119 
431 59 87
90 98 90 106 86 111 95 82 75 108 
432 19 100
95 81 85 115 122 80 105 115 118 123 
433 1 26
97 75 103 97 119 111 85 87 84 103 
434 46 74
89 91 107 89 124 75 90 94 81 100 
435 12 6
105 116 120 101 116 121 76 90 123 104 
436 38 45
92 123 83 103 101 81 76 117 99 108 
437 59 74
111 98 120 119 75 83 75 106 77 122 
438 60 96
120 85 86 118 116 75 115 83 75 75 
439 87 29
81 115 95 107 100 105 81 86 78 78 
440 7 7
88 83 114 92 80 123 88 76 83 101 
441 97 52
101 113 86 102 116 124 80 122 116 103 
442 33 18
83 113 105 89 118 113 95 83 121 84 
443 27 3
84 116 80 94 92 78 95 120 117 108 
444 73 84
107 105 107 99 85 89 118 93 79 98 
445 35 50
89 81 83 85 92 111 89 101 102 96 
446 96 45
100 92 116 92 75 89 77 110 121 111 
447 12 7
76 79 101 82 104 88 82 120 94 92 
448 7 90
78 97 92 107 119 88 103 96 107 94 
449 89 86
110 117 95 106 103 108 114 104 114 91 
450 40 21
106 121 91 77 90 99 116 95 123 84 
451 3 43
99 105 88 83 124 78 118 112 122 90 
452 19 27
123 83 82 114 101 121 85 82 119 103 
453 10 10
77 78 104 75 87 106 120 113 88 85 
454 47 66
91 117 77 88 82 97 114 83 107 124 
455 50 59
120 84 92 115 114 104 76 116 107 108 
456 45 97
91 116 109 105 76 107 122 94 101 124 
457 34 87
98 99 121 81 98 120 89 96 82 109 
458 64 47
88 89 113 120 122 109 116 89 100 102 
459 47 29
86 118 123 113 119 106 99 92 82 95 
460 24 82
92 115 77 99 99 90 96 112 106 86 
461 85 82
120 100 120 97 79 118 75 92 113 123 
462 56 35
106 106 78 114 78 102 97 96 94 101 
463 46 94
118 93 107 99 104 91 80 99 118 77 
464 99 50
120 124 91 110 124 99 94 108 82 98 
465 25 14
77 121 111 96 99 108 91 92 77 75 
466 92 32
93 122 83 88 76 81 87 124 82 105 
467 85 8
81 79 115 89 104 91 102 106 87 90 
468 55 87
123 97 80 75 97 121 109 117 120 119 
469 56 48
75 92 123 85 122 107 94 79 113 86 
470 71 70
102 124 75 116 89 81 104 87 105 109 
471 66 55
105 124 121 103 118 76 102 120 93 100 
472 6 69
84 99 99 123 110 121 92 87 120 95 
473 4 12
103 107 98 84 93 113 88 124 112 87 
474 30 83
88 81 103 109 108 108 79 117 85 103 
475 43 48
101 87 85 96 109 90 107 89 75 82 
476 74 19
123 114 94 112 76 75 95 91 81 123 
477 51 42
108 79 109 120 109 103 118 85 115 80 
478 34 27
97 92 116 99 100 91 120 98 82 89 
479 11 61
90 107 102 98 107 102 90 93 109 76 
480 14 19
104 81 106 97 88 89 75 111 107 116 
481 63 60
85 82 109 92 99 121 103 114 104 82 
482 65 14
111 106 106 95 107 120 116 89 78 97 
483 89 20
113 113 82 97 107 94 106 117 102 90 
484 62 52
89 116 117 118 123 81 81 110 113 115 
485 6 73
110 123 113 115 95 103 84 84 94 91 
486 34 52
111 90 120 90 107 83 91 121 75 83 
487 42 49
91 75 108 81 115 116 104 102 114 94 
488 70 11
123 104 96 92 122 79 95 108 96 90 
489 49 7
98 91 77 100 99 121 99 118 123 82 
490 50 91
75 105 92 115 75 111 77 75 92 100 
491 68 66
106 114 75 78 79 76 86 104 92 90 
492 56 45
86 106 112 86 115 113 76 116 94 95 
493 34 22
82 110 96 101 87 115 116 118 104 119 
494 49 86
120 84 91 89 100 98 85 113 79 124 
495 51 96
113 76 113 84 97 96 105 106 83 76 
496 10 21
118 78 88 97 122 89 82 119 98 98 
497 59 51
122 96 114 78 95 116 75 83 117 113 
498 18 17
86 124 124 94 77 84 114 120 89 80 
499 68 62
94 99 82 119 75 92 120 124 113 111 

