500 10 44760
0 2 4
104 96 93 107 95 93 98 95 94 104 
1 5 5
93 104 92 91 91 99 107 94 98 109 
2 4 9
92 92 90 90 100 103 94 106 109 109 
3 5 5
93 92 91 109 106 105 94 101 92 108 
4 3 4
97 99 97 97 91 102 96 105 104 96 
5 7 8
101 102 103 101 101 109 97 96 91 99 
6 7 1
106 92 103 108 90 96 103 109 97 102 
7 8 1
95 95 106 101 93 94 90 104 98 96 
8 8 10
95 95 96 109 96 94 91 92 96 104 
9 4 9
102 96 107 102 101 106 94 106 91 90 
10 10 5
106 90 101 94 96 98 94 93 95 92 
11 3 4
96 105 108 94 100 101 92 104 99 109 
12 7 1
106 101 106 99 93 98 96 90 98 107 
13 5 7
107 90 99 105 104 94 108 102 109 106 
14 7 2
109 108 106 99 108 92 99 96 95 108 
15 6 10
96 103 91 96 92 95 102 90 108 103 
16 8 5
99 95 107 99 92 103 100 91 102 108 
17 3 3
91 94 90 108 104 97 97 90 91 98 
18 9 4
96 92 105 106 105 92 90 95 90 107 
19 7 5
101 98 105 105 97 100 99 90 104 99 
20 9 9
98 108 90 91 96 108 95 94 102 102 
21 1 8
97 91 94 97 108 100 91 91 101 98 
22 9 9
108 107 108 94 108 98 102 97 96 94 
23 9 4
104 95 99 96 108 100 96 95 101 100 
24 5 2
103 95 105 94 103 93 92 94 91 102 
25 9 10
102 103 96 109 107 97 94 102 102 103 
26 9 3
93 106 109 96 97 93 90 90 98 105 
27 7 5
108 100 108 109 104 108 101 96 101 99 
28 6 10
106 91 103 91 105 93 105 100 90 105 
29 10 10
108 99 101 109 94 97 95 104 99 93 
30 7 4
103 107 99 95 108 97 96 105 98 101 
31 9 6
104 93 96 96 108 105 95 99 106 106 
32 1 1
93 95 104 102 90 102 97 103 99 107 
33 1 9
106 98 105 94 109 105 102 104 108 108 
34 1 10
95 96 100 91 104 92 103 100 109 109 
35 3 2
102 92 94 103 101 97 91 97 105 98 
36 4 6
105 105 91 96 103 91 97 100 109 107 
37 2 5
101 94 94 100 94 108 91 98 90 107 
38 2 4
94 93 100 102 93 104 109 109 91 90 
39 8 8
103 94 107 103 91 91 109 94 95 105 
40 5 2
103 105 99 96 94 101 91 91 96 102 
41 4 2
108 102 102 109 94 99 96 107 103 106 
42 1 7
107 91 100 104 106 94 106 92 101 107 
43 1 9
90 91 99 96 95 104 90 93 108 102 
44 6 3
92 91 109 97 99 92 104 96 93 94 
45 2 3
91 99 96 94 108 96 102 109 109 103 
46 8 6
97 107 98 95 100 105 109 94 107 109 
47 4 9
103 107 95 98 104 108 90 97 109 96 
48 2 8
94 106 98 94 99 96 91 107 93 91 
49 5 6
107 104 91 96 95 95 94 108 92 91 
50 9 9
101 109 105 100 107 109 90 104 105 98 
51 1 5
96 101 103 92 94 90 97 91 104 91 
52 8 2
96 94 91 90 95 109 99 107 100 106 
53 10 1
105 101 104 100 102 106 97 108 109 90 
54 1 4
90 90 95 96 91 94 107 97 98 100 
55 10 7
100 98 105 102 107 104 102 102 108 108 
56 6 1
96 92 98 95 92 99 99 105 99 96 
57 2 1
100 101 99 109 91 98 95 93 99 90 
58 7 7
96 90 100 94 109 95 104 95 97 105 
59 4 3
106 102 107 95 108 100 97 90 103 98 
60 10 8
98 106 100 107 98 108 105 97 109 108 
61 4 1
93 108 97 93 95 100 95 91 104 104 
62 9 5
106 107 95 100 95 106 107 103 103 109 
63 4 4
108 100 102 99 98 106 109 94 96 108 
64 10 2
91 94 102 97 100 92 102 96 109 107 
65 7 5
103 95 99 108 95 94 94 93 97 106 
66 5 8
102 105 101 100 103 92 91 96 96 95 
67 5 9
97 108 105 96 105 93 92 90 99 94 
68 2 7
90 97 91 97 93 95 105 98 90 108 
69 9 6
91 102 94 109 107 108 90 107 106 105 
70 4 4
100 108 105 101 92 108 107 104 95 108 
71 3 2
105 99 99 105 109 109 103 102 93 107 
72 5 2
97 94 108 105 109 103 100 91 101 95 
73 4 6
106 100 90 91 91 104 92 106 105 93 
74 5 5
105 99 97 108 96 93 101 95 97 91 
75 3 9
97 92 109 100 109 102 106 105 105 98 
76 8 7
92 101 94 107 105 98 93 92 107 92 
77 1 6
95 94 102 102 95 94 92 102 96 92 
78 4 9
104 101 103 91 101 92 107 95 96 92 
79 5 4
92 107 105 90 90 97 97 107 101 90 
80 3 8
94 94 91 93 96 106 91 103 97 96 
81 5 9
91 94 93 97 108 99 90 90 97 105 
82 3 10
92 90 98 96 90 100 93 94 105 106 
83 8 4
103 98 108 102 97 95 93 98 91 108 
84 6 10
98 97 109 105 104 102 96 98 94 104 
85 5 5
107 99 98 94 96 106 107 109 106 98 
86 4 6
103 96 93 104 107 100 95 95 99 106 
87 3 4
90 108 102 94 94 108 98 91 98 107 
88 6 5
95 105 95 103 93 90 99 98 97 94 
89 5 5
97 109 91 98 97 103 102 98 93 106 
90 3 8
96 91 91 104 100 108 90 105 103 95 
91 1 9
96 91 98 95 108 104 91 107 95 92 
92 6 4
97 107 91 100 95 103 99 102 104 92 
93 9 5
91 109 101 96 94 94 105 92 95 105 
94 10 4
100 90 90 105 92 96 98 91 105 91 
95 2 4
105 103 107 91 105 105 108 106 104 99 
96 4 2
103 100 103 101 107 103 96 97 95 109 
97 6 1
107 105 91 94 107 103 107 94 108 104 
98 6 4
92 93 92 106 95 107 97 100 97 103 
99 2 7
108 98 94 93 109 101 93 106 108 107 
100 1 6
92 100 109 90 106 95 103 108 90 97 
101 6 6
94 104 106 93 109 99 90 107 99 106 
102 4 9
97 98 94 95 95 107 103 97 97 102 
103 10 4
99 103 92 92 102 99 97 107 105 105 
104 1 6
107 90 94 96 106 99 97 93 100 93 
105 2 6
90 104 105 109 108 104 93 98 109 107 
106 3 3
108 99 99 103 107 91 90 96 92 107 
107 3 9
96 101 104 106 105 97 94 97 91 109 
108 8 10
95 92 109 95 109 91 99 107 93 100 
109 3 3
101 93 108 95 90 92 94 96 104 100 
110 6 2
107 109 98 100 100 97 91 105 99 103 
111 3 1
96 91 99 91 93 102 103 105 105 93 
112 3 6
96 98 103 102 108 98 95 97 109 95 
113 8 10
103 101 95 104 94 107 105 100 101 94 
114 3 5
106 107 91 93 91 104 108 109 92 94 
115 4 4
102 98 90 94 103 100 103 108 103 108 
116 4 8
98 90 109 109 106 93 95 95 91 97 
117 9 5
103 109 103 97 93 106 90 97 106 103 
118 4 10
105 107 98 98 105 103 107 93 95 106 
119 5 2
102 90 108 103 109 97 109 94 108 102 
120 2 4
90 94 102 106 107 106 107 94 103 107 
121 3 1
100 99 94 105 107 100 99 99 92 97 
122 5 4
96 103 107 94 107 91 99 99 95 92 
123 8 5
100 105 108 93 102 92 93 105 101 109 
124 3 1
92 93 100 94 101 106 108 99 100 97 
125 7 10
98 105 99 103 99 96 109 109 91 107 
126 3 7
109 108 103 92 99 97 93 101 101 95 
127 9 5
91 96 93 93 103 99 93 92 107 102 
128 8 7
108 97 96 102 106 90 100 106 100 105 
129 1 1
92 103 93 103 100 101 109 102 107 105 
130 6 4
106 108 107 103 92 94 102 103 93 100 
131 6 1
100 97 98 91 92 108 103 106 102 106 
132 3 5
98 91 96 107 106 104 90 103 94 107 
133 9 8
104 100 90 107 90 107 107 93 106 95 
134 7 9
106 99 104 90 107 98 104 95 100 91 
135 6 9
105 105 101 109 95 92 108 109 102 108 
136 7 6
97 96 98 93 101 106 91 109 95 98 
137 10 5
106 104 90 108 105 97 107 92 92 90 
138 4 10
92 102 108 97 100 97 94 100 103 94 
139 4 7
90 97 106 95 105 105 109 93 99 101 
140 5 7
100 101 108 95 101 102 94 96 106 93 
141 6 9
92 99 98 105 95 92 101 95 99 109 
142 3 7
105 103 101 106 107 95 103 97 106 93 
143 3 1
97 107 108 93 102 105 92 104 106 100 
144 2 2
102 94 96 103 94 98 91 101 91 103 
145 10 9
108 102 96 97 98 100 109 105 97 99 
146 10 2
94 91 107 90 101 100 91 106 105 109 
147 2 2
97 93 104 90 106 103 109 96 96 107 
148 6 7
97 106 91 97 95 90 100 91 91 98 
149 2 6
108 104 91 95 95 104 106 102 107 100 
150 6 6
94 106 94 92 103 99 98 102 96 99 
151 2 4
92 92 95 93 92 108 98 102 95 91 
152 9 1
98 96 105 95 99 90 101 103 106 105 
153 8 2
106 97 95 104 98 107 108 100 109 105 
154 7 4
103 96 95 100 90 93 91 98 92 98 
155 4 2
98 106 106 106 93 93 99 102 92 104 
156 7 3
101 106 95 92 101 101 105 107 99 91 
157 8 10
106 98 107 108 106 93 91 106 101 107 
158 5 8
102 103 109 104 98 107 99 101 96 104 
159 5 8
95 99 104 104 92 104 106 101 92 95 
160 10 2
98 101 109 102 90 94 101 103 99 92 
161 8 10
109 106 91 95 100 105 105 97 106 91 
162 5 10
105 100 100 100 105 101 91 106 104 102 
163 9 6
98 109 98 108 91 97 97 102 106 98 
164 1 9
105 95 108 102 108 102 93 104 104 103 
165 5 10
106 107 107 93 91 107 108 100 98 108 
166 1 2
107 97 104 103 98 106 94 93 103 92 
167 8 2
104 100 95 98 105 91 99 102 100 97 
168 8 3
106 95 92 95 105 92 96 102 91 102 
169 9 10
98 92 95 91 94 102 95 100 105 100 
170 1 1
94 101 104 104 100 91 96 97 108 90 
171 3 4
92 108 108 106 101 98 95 101 100 92 
172 4 7
97 108 98 92 90 100 94 106 91 109 
173 4 5
90 99 101 101 92 105 94 106 103 104 
174 3 7
92 100 90 94 102 103 92 109 93 92 
175 4 6
102 108 94 96 107 97 100 99 98 91 
176 1 1
106 107 97 91 101 101 100 96 91 100 
177 3 5
105 95 95 100 109 109 107 102 107 91 
178 9 7
90 98 105 99 91 106 101 99 95 100 
179 3 7
92 102 104 93 104 107 107 99 104 105 
180 2 4
104 99 107 93 92 105 99 105 105 106 
181 5 9
94 97 107 99 108 102 108 102 94 102 
182 6 10
91 95 90 97 90 94 103 96 95 100 
183 10 8
108 100 92 95 96 108 104 101 108 93 
184 1 7
105 100 90 102 93 97 93 106 102 105 
185 5 5
109 107 92 94 109 101 94 107 103 108 
186 4 1
107 99 101 105 94 93 93 102 104 105 
187 5 10
92 109 107 97 104 103 101 104 92 96 
188 1 3
99 104 101 93 103 96 93 92 105 96 
189 8 3
91 102 94 97 97 90 98 91 109 96 
190 9 4
101 90 109 104 108 100 98 97 94 109 
191 1 8
96 95 101 103 101 90 95 95 102 91 
192 5 2
91 103 103 90 101 103 104 92 95 103 
193 9 4
93 106 101 90 98 91 99 96 97 91 
194 2 1
91 99 97 96 100 102 99 102 95 104 
195 5 9
98 108 100 103 94 109 107 109 97 98 
196 2 8
91 91 95 90 92 107 101 105 96 100 
197 4 9
92 93 90 109 107 95 97 107 105 100 
198 2 2
99 98 101 98 98 92 98 99 105 103 
199 1 10
100 103 95 98 105 100 107 108 103 99 
200 10 4
96 107 90 92 97 93 103 98 93 106 
201 9 2
101 106 103 96 100 105 106 102 90 103 
202 2 6
93 108 95 99 109 105 102 96 94 94 
203 9 2
90 103 101 93 92 101 97 103 98 90 
204 2 9
97 97 100 97 102 93 92 106 103 90 
205 8 4
105 91 109 109 95 109 92 107 94 95 
206 2 7
106 98 101 94 90 93 104 109 92 107 
207 7 6
90 90 93 104 90 90 97 105 91 108 
208 7 9
107 90 106 103 95 99 90 92 99 93 
209 9 2
96 103 90 91 100 96 98 92 108 101 
210 7 2
93 105 108 106 103 95 96 92 95 104 
211 7 4
93 98 95 102 93 93 95 100 98 95 
212 4 1
93 101 103 92 92 91 103 107 107 101 
213 4 3
98 109 107 96 104 95 99 99 95 104 
214 5 9
99 109 100 100 95 103 90 90 94 95 
215 3 9
97 97 105 106 101 90 100 109 102 109 
216 8 9
94 96 97 91 90 103 100 92 103 102 
217 3 1
96 94 100 92 100 95 91 99 94 98 
218 8 6
91 97 97 103 97 94 93 93 101 100 
219 6 4
94 97 107 99 109 91 109 95 96 91 
220 1 9
96 103 99 101 91 96 108 104 103 95 
221 10 3
92 92 98 95 103 103 90 99 90 108 
222 1 2
109 91 99 107 92 99 107 99 92 96 
223 3 6
102 100 100 108 98 99 92 100 102 100 
224 8 8
93 97 108 105 95 98 109 107 99 98 
225 5 4
107 102 102 109 100 94 96 93 97 106 
226 4 6
108 105 107 100 96 94 109 91 101 107 
227 10 10
107 98 96 108 106 102 91 95 106 96 
228 7 8
92 92 100 99 109 93 106 99 100 103 
229 10 9
99 100 100 103 109 101 92 106 109 90 
230 7 8
102 109 102 99 95 98 98 90 100 108 
231 2 2
103 108 100 105 93 91 94 103 101 96 
232 9 1
107 90 108 106 90 106 93 94 106 105 
233 6 4
105 103 103 95 93 97 109 98 95 99 
234 5 1
101 90 95 104 96 93 95 93 93 105 
235 2 6
102 104 102 90 91 99 103 106 93 109 
236 4 9
96 102 109 93 92 105 93 95 105 99 
237 10 2
102 106 106 98 102 97 105 106 103 109 
238 7 5
99 91 92 102 90 97 92 96 90 91 
239 2 5
106 95 101 101 96 100 94 100 109 102 
240 9 2
109 96 109 94 95 105 100 104 106 102 
241 9 10
102 91 97 102 92 99 108 101 104 99 
242 5 3
101 109 92 100 93 103 103 93 109 94 
243 8 7
109 100 93 98 92 91 107 96 104 94 
244 9 10
103 98 90 109 99 104 101 91 95 96 
245 4 10
109 99 94 100 103 93 96 95 103 99 
246 6 9
93 92 104 107 108 95 96 94 103 96 
247 6 4
103 109 106 108 95 101 109 106 102 93 
248 7 9
109 94 93 102 104 90 90 99 92 97 
249 7 3
102 95 106 107 101 102 102 106 93 98 
250 6 9
102 96 94 94 100 100 92 99 96 107 
251 4 3
107 96 91 101 103 98 94 107 103 102 
252 7 7
94 109 103 109 109 90 97 101 108 93 
253 9 9
95 100 99 102 98 105 94 107 91 96 
254 10 7
96 103 105 101 95 91 109 92 90 94 
255 2 3
106 91 105 105 94 93 105 100 96 95 
256 3 7
102 108 93 103 94 102 101 92 107 96 
257 6 6
109 95 99 90 91 92 94 108 93 109 
258 4 1
93 98 100 99 95 94 105 107 104 100 
259 3 2
93 95 103 102 93 109 97 93 106 106 
260 4 8
109 109 105 104 108 90 104 103 99 106 
261 5 7
90 91 106 97 102 100 108 97 106 101 
262 10 10
92 97 92 100 105 107 98 96 98 105 
263 2 8
106 105 102 107 102 97 105 94 98 101 
264 2 3
104 91 109 100 103 109 91 97 108 106 
265 9 4
95 96 102 104 103 103 103 91 90 95 
266 1 5
102 96 99 103 99 102 95 93 104 107 
267 6 10
106 109 96 96 105 94 109 102 92 93 
268 7 9
106 109 99 107 95 90 91 99 108 92 
269 5 10
97 102 105 103 99 90 102 107 101 100 
270 4 7
97 104 101 91 108 107 99 104 99 101 
271 4 7
93 107 97 103 109 92 102 108 96 97 
272 2 6
90 105 102 101 108 105 100 95 99 91 
273 9 10
100 98 96 109 101 99 95 104 96 103 
274 8 9
97 101 98 103 109 102 90 101 97 102 
275 3 6
109 94 92 90 107 91 90 98 91 96 
276 8 3
97 95 108 96 100 107 106 107 98 94 
277 1 10
106 100 100 94 104 95 91 95 91 94 
278 6 10
95 107 97 96 105 96 100 93 101 98 
279 10 2
95 95 100 95 91 102 95 108 104 97 
280 5 1
94 97 95 96 101 101 95 98 90 94 
281 7 7
92 106 109 104 106 90 97 103 95 100 
282 10 7
92 106 106 107 93 100 107 98 108 105 
283 7 2
108 93 92 108 97 90 104 99 99 95 
284 6 6
95 105 109 92 95 108 91 109 96 107 
285 9 10
90 108 99 108 103 97 101 101 100 103 
286 2 10
96 106 109 105 103 96 90 109 103 101 
287 4 1
91 104 100 97 102 108 107 102 98 108 
288 3 2
96 95 94 106 101 96 96 107 104 107 
289 3 8
105 102 108 99 94 102 101 107 96 91 
290 6 1
102 104 104 90 102 106 104 108 92 108 
291 8 6
106 95 92 100 104 104 100 91 108 98 
292 1 5
102 104 102 101 105 107 91 109 101 106 
293 3 6
94 108 96 108 106 95 93 95 100 95 
294 6 7
101 107 107 92 108 90 106 100 104 90 
295 2 2
107 105 91 90 93 95 98 97 93 104 
296 9 2
109 91 106 91 109 94 107 92 91 104 
297 5 10
104 91 92 90 91 105 92 101 100 105 
298 4 6
90 101 95 93 107 93 96 98 106 105 
299 10 6
109 108 108 102 95 92 94 101 105 108 
300 3 8
103 104 90 106 99 93 91 91 97 96 
301 5 7
91 92 95 108 107 96 103 98 107 93 
302 2 3
96 107 103 103 105 107 100 98 101 92 
303 5 3
108 108 103 107 106 99 103 108 102 100 
304 7 10
107 91 100 104 95 101 98 93 90 103 
305 7 6
101 109 105 92 91 102 97 109 100 90 
306 7 7
92 92 106 104 102 102 105 99 104 95 
307 6 10
98 105 104 98 99 100 93 90 99 101 
308 5 2
93 91 92 95 104 101 101 106 103 90 
309 3 6
102 107 97 108 105 104 99 105 100 93 
310 5 2
104 109 101 93 100 107 96 95 101 91 
311 1 6
102 104 103 107 104 105 104 108 94 91 
312 8 10
98 108 105 100 92 101 91 98 92 94 
313 4 4
91 92 108 94 93 91 99 105 105 92 
314 3 10
99 96 97 104 90 106 103 90 105 90 
315 1 10
93 93 99 96 109 102 101 102 104 91 
316 8 10
92 96 94 107 91 98 108 100 105 108 
317 5 8
104 100 97 91 92 99 92 96 94 93 
318 5 4
98 105 105 92 106 94 102 101 93 98 
319 1 5
107 109 96 94 107 93 93 93 103 100 
320 8 8
101 101 95 97 105 99 100 93 106 107 
321 8 6
92 91 106 95 92 106 91 109 97 109 
322 6 5
92 108 90 97 90 99 105 93 90 102 
323 1 8
104 102 92 100 99 90 105 93 103 93 
324 1 6
102 103 96 109 103 91 106 105 101 106 
325 6 4
95 92 96 107 104 106 107 98 90 109 
326 2 1
109 108 95 95 92 108 90 96 101 97 
327 6 7
90 91 94 94 99 109 97 96 91 104 
328 7 6
92 103 106 93 102 109 95 94 107 92 
329 10 2
90 99 107 94 98 105 90 91 98 94 
330 6 9
105 102 106 106 108 102 94 103 95 102 
331 9 1
101 95 104 90 109 93 102 90 94 91 
332 7 6
106 106 96 107 103 93 105 98 97 101 
333 8 7
94 91 101 91 103 101 101 106 106 95 
334 7 6
90 90 97 107 104 105 92 92 102 90 
335 10 8
93 104 107 100 108 104 98 104 97 101 
336 6 3
92 109 98 100 106 107 108 107 107 95 
337 7 2
91 98 104 95 90 95 104 105 90 101 
338 6 1
96 96 94 95 107 101 108 90 100 96 
339 3 8
105 90 106 103 108 92 106 101 92 92 
340 9 3
98 92 107 90 95 104 100 93 102 96 
341 10 1
99 97 92 102 95 94 109 91 107 97 
342 7 6
91 92 96 93 107 96 107 95 98 96 
343 8 6
90 97 99 103 95 108 105 104 107 99 
344 7 3
103 107 93 92 106 91 107 107 94 105 
345 1 4
91 107 108 91 93 97 97 106 104 106 
346 2 2
96 106 95 93 107 94 107 100 91 103 
347 4 9
104 92 105 100 100 98 93 101 107 103 
348 6 4
90 94 99 96 90 92 107 108 108 93 
349 4 8
97 100 107 90 93 92 100 108 107 108 
350 9 8
96 102 100 93 107 97 106 108 101 107 
351 5 4
109 92 91 99 107 104 106 106 107 96 
352 7 1
98 97 100 107 95 101 106 93 93 97 
353 7 1
96 105 100 108 102 105 91 102 107 93 
354 2 5
99 100 100 96 106 108 109 106 107 99 
355 5 5
90 100 107 105 99 106 98 106 101 108 
356 7 6
95 97 97 92 100 91 98 102 101 100 
357 1 8
91 99 93 108 101 99 103 93 102 92 
358 2 4
100 101 91 91 91 97 99 97 105 106 
359 2 8
99 92 99 102 102 90 109 103 91 105 
360 5 5
106 99 98 90 101 109 104 92 92 105 
361 6 4
93 94 100 100 103 94 97 104 96 99 
362 8 1
91 108 106 104 95 90 109 92 99 97 
363 3 3
108 98 96 90 94 104 93 109 100 96 
364 10 4
100 98 108 106 99 95 108 100 93 104 
365 6 10
96 94 93 97 93 107 90 103 96 108 
366 4 1
102 98 91 105 104 92 108 94 100 98 
367 3 1
103 93 92 99 107 109 100 94 105 95 
368 4 9
92 105 101 98 104 106 100 108 95 101 
369 4 10
95 94 106 106 102 90 98 108 105 92 
370 10 4
104 91 99 99 96 102 90 98 98 93 
371 10 5
90 101 94 107 93 108 98 90 104 106 
372 7 7
107 106 94 102 101 105 107 95 106 108 
373 5 3
93 96 93 93 100 94 107 92 105 91 
374 10 1
101 109 101 95 106 109 94 95 98 90 
375 10 10
106 109 106 102 107 92 97 90 99 92 
376 6 2
96 102 103 103 96 94 94 99 93 97 
377 6 2
108 109 106 96 109 96 107 97 95 103 
378 1 5
106 109 97 107 91 92 98 109 97 103 
379 3 6
99 98 104 94 97 99 106 96 90 102 
380 5 3
100 92 109 97 97 101 92 105 100 91 
381 3 4
93 102 92 92 107 97 97 96 97 92 
382 2 6
93 109 91 94 101 107 98 104 109 97 
383 4 10
101 97 104 91 98 109 107 94 93 109 
384 7 2
108 104 97 96 98 100 91 101 99 104 
385 8 4
101 105 109 93 105 102 104 96 90 98 
386 10 9
109 106 94 93 98 101 106 96 107 93 
387 3 6
96 103 98 105 109 98 90 93 93 109 
388 7 1
102 90 98 102 90 98 102 102 106 107 
389 8 5
90 93 101 99 108 105 96 94 91 104 
390 3 1
92 102 93 108 102 91 90 106 91 99 
391 9 5
99 102 96 107 91 103 92 91 98 95 
392 1 7
102 98 93 103 93 105 104 107 109 99 
393 8 2
101 98 97 94 99 97 108 100 102 106 
394 8 4
91 91 97 99 96 99 98 109 108 101 
395 3 4
96 108 100 107 98 100 99 101 100 98 
396 6 10
98 96 91 90 92 98 95 106 100 102 
397 6 9
92 103 109 102 106 94 95 104 92 97 
398 3 3
107 103 103 97 91 91 108 99 97 101 
399 2 10
90 97 107 92 109 93 100 103 98 92 
400 8 6
96 92 101 90 100 93 93 109 106 98 
401 10 1
99 107 109 98 99 91 100 91 98 97 
402 4 10
100 95 95 101 97 92 98 95 107 109 
403 7 10
105 91 108 101 99 107 91 101 97 103 
404 10 9
104 99 91 104 107 106 95 109 91 100 
405 3 2
95 100 96 92 92 94 91 107 95 101 
406 9 8
99 92 108 98 105 99 106 91 101 107 
407 8 1
103 102 109 96 105 104 109 102 94 108 
408 7 7
92 97 93 90 108 94 97 109 96 95 
409 10 4
96 105 104 107 94 103 107 99 107 99 
410 9 5
93 97 106 109 107 92 96 102 91 91 
411 3 3
107 109 101 105 106 101 98 92 108 104 
412 1 6
97 107 106 95 108 94 99 91 94 108 
413 2 2
90 109 103 92 102 107 96 100 106 107 
414 6 3
90 96 105 101 90 97 108 90 106 104 
415 8 6
101 96 98 105 106 99 98 107 90 104 
416 2 4
101 107 93 90 96 90 94 109 96 109 
417 1 10
108 90 109 105 104 106 92 107 104 100 
418 5 2
90 103 90 90 109 101 95 92 90 98 
419 5 9
91 109 107 97 108 109 96 99 109 95 
420 5 7
91 96 93 98 106 98 109 98 103 109 
421 2 5
92 96 108 104 97 103 102 98 102 92 
422 6 3
91 104 101 103 101 97 101 103 95 96 
423 2 5
96 102 92 101 101 105 105 103 104 104 
424 8 2
109 101 99 101 103 106 103 97 92 107 
425 3 5
106 93 109 92 91 90 106 98 94 100 
426 10 6
108 97 90 102 103 109 103 102 92 104 
427 6 7
92 90 105 95 107 97 109 104 92 108 
428 9 4
100 106 93 104 96 105 91 94 104 103 
429 7 8
102 91 101 104 105 96 92 108 96 107 
430 4 5
94 92 100 108 102 100 92 92 96 107 
431 7 3
94 107 99 108 100 107 95 104 109 106 
432 1 7
92 93 106 91 102 109 95 99 103 97 
433 8 6
99 91 97 105 109 105 109 93 94 90 
434 5 7
108 109 90 99 98 103 105 92 98 102 
435 4 1
93 90 99 99 109 99 96 98 100 96 
436 4 2
91 93 107 108 93 101 94 103 92 107 
437 3 1
100 100 103 108 104 98 100 99 99 102 
438 9 9
91 107 107 93 93 102 95 106 105 92 
439 5 2
95 109 106 97 98 109 108 108 91 93 
440 9 6
101 100 94 102 104 105 91 105 102 100 
441 2 8
92 106 93 100 100 100 103 105 91 99 
442 5 10
98 94 109 99 97 97 106 101 99 103 
443 4 5
98 106 101 102 96 92 109 91 100 92 
444 4 1
102 106 97 95 95 104 104 96 108 103 
445 8 7
102 94 99 92 107 94 96 107 91 107 
446 10 10
102 98 102 92 92 105 105 97 101 104 
447 3 8
98 97 93 97 102 92 95 95 96 104 
448 8 6
100 95 102 101 104 91 93 96 91 105 
449 2 5
101 106 101 92 92 93 101 101 92 96 
450 1 6
99 105 90 97 91 109 93 101 94 97 
451 6 1
99 100 107 100 95 108 96 98 96 107 
452 4 9
103 104 101 105 103 91 92 104 98 104 
453 2 2
103 106 95 99 94 90 90 95 92 99 
454 8 8
97 104 98 95 93 101 95 106 107 107 
455 5 1
108 108 94 109 103 108 90 96 104 95 
456 7 1
107 98 105 109 107 105 109 106 91 97 
457 2 5
108 96 103 105 93 99 108 104 97 104 
458 4 1
102 103 109 109 101 97 99 98 105 107 
459 9 3
94 97 90 95 96 91 91 94 109 104 
460 2 6
105 99 91 105 106 104 97 90 109 96 
461 10 1
95 91 109 90 100 109 94 104 108 94 
462 10 5
107 90 90 99 97 101 94 92 103 95 
463 8 2
101 95 91 100 93 91 103 99 92 94 
464 10 3
93 96 96 103 92 107 107 102 107 99 
465 2 7
102 107 109 95 104 106 96 95 103 90 
466 8 8
91 90 96 105 106 97 109 109 95 107 
467 5 9
104 103 90 93 92 103 90 105 100 101 
468 3 7
109 101 103 103 101 90 92 94 103 98 
469 10 10
97 108 91 103 97 95 91 103 109 103 
470 7 2
108 98 98 90 109 91 106 109 94 99 
471 5 6
91 96 109 104 96 100 94 103 90 107 
472 7 8
92 109 90 91 94 98 105 92 107 105 
473 3 9
98 100 97 102 109 101 109 91 99 108 
474 8 6
90 93 99 90 90 97 109 93 109 109 
475 7 4
90 93 108 107 109 102 95 109 105 95 
476 3 7
98 101 97 108 92 97 103 92 100 92 
477 6 2
92 104 96 91 96 92 106 96 108 96 
478 6 10
109 102 98 104 107 90 90 96 94 90 
479 5 9
109 99 90 99 102 97 102 96 92 108 
480 8 1
103 93 108 101 100 103 102 91 107 90 
481 8 8
103 109 103 107 101 99 105 100 100 97 
482 1 3
105 102 90 99 93 97 91 106 93 109 
483 10 6
94 101 108 103 93 95 90 106 94 95 
484 6 9
96 102 108 107 90 100 101 97 105 102 
485 9 9
109 91 96 104 90 95 109 106 98 107 
486 10 2
104 92 90 101 97 95 109 104 108 107 
487 2 1
98 104 99 93 96 107 103 108 108 109 
488 3 1
106 94 108 94 91 109 97 98 91 97 
489 10 2
95 108 105 93 97 108 95 105 102 104 
490 1 2
101 93 99 91 92 91 101 100 95 91 
491 7 10
90 104 97 92 103 108 105 108 106 100 
492 4 4
90 108 101 94 102 91 97 105 107 106 
493 7 2
100 109 92 105 90 98 96 91 104 95 
494 6 9
93 100 108 109 102 102 105 94 92 96 
495 1 6
109 98 92 106 106 109 98 96 100 92 
496 3 2
100 90 94 95 96 101 95 99 103 93 
497 2 6
97 106 91 100 104 91 107 95 91 109 
498 5 9
100 104 94 91 106 108 94 96 109 90 
499 4 8
101 90 96 94 94 109 91 93 97 92 

