50 10 999
0 91 20
101 98 99 101 102 100 98 100 100 102 
1 50 94
100 102 102 101 100 98 100 100 102 98 
2 68 92
98 98 99 101 101 99 100 100 99 99 
3 53 78
101 100 100 100 101 99 98 98 99 102 
4 91 76
102 98 102 99 98 99 102 101 101 98 
5 87 63
101 99 99 99 100 101 99 98 100 101 
6 11 46
102 98 100 100 100 102 98 101 102 102 
7 100 63
101 98 100 99 100 101 98 98 99 99 
8 70 66
99 98 101 101 101 101 98 102 101 100 
9 10 78
100 99 99 101 100 100 100 98 101 102 
10 90 93
98 102 98 99 101 102 100 99 99 100 
11 61 32
98 98 98 98 98 99 101 100 100 102 
12 23 73
99 98 102 99 99 101 102 99 98 99 
13 76 46
98 102 99 99 99 101 100 99 99 102 
14 24 32
101 99 98 100 100 100 102 99 102 102 
15 85 72
102 98 102 99 99 102 99 99 101 98 
16 25 97
101 101 102 99 101 101 100 99 102 102 
17 9 20
102 98 98 101 102 102 99 98 98 99 
18 58 77
100 98 98 101 98 99 102 99 98 102 
19 58 49
102 100 99 101 99 99 102 98 99 102 
20 72 3
99 100 101 101 98 100 102 98 100 99 
21 99 74
101 102 99 101 101 101 101 100 100 99 
22 24 60
100 100 99 99 102 102 98 98 102 98 
23 19 65
100 102 102 98 101 102 98 99 102 99 
24 47 30
99 99 100 102 100 100 98 102 99 99 
25 58 71
99 98 100 98 98 98 99 101 100 101 
26 56 51
100 100 99 99 98 102 99 99 98 98 
27 81 18
102 98 101 98 102 101 101 100 101 98 
28 20 4
101 98 101 98 98 98 98 101 102 101 
29 32 95
102 102 99 102 99 101 101 100 99 101 
30 4 78
99 101 102 99 101 101 100 99 98 98 
31 24 37
101 98 99 102 101 102 102 100 99 100 
32 99 68
100 101 100 101 100 98 98 98 98 99 
33 18 74
102 99 100 100 101 100 101 99 101 99 
34 17 87
100 100 99 101 102 99 101 99 98 98 
35 68 80
100 102 99 100 99 101 98 100 102 102 
36 42 89
100 99 99 100 100 102 98 98 99 99 
37 76 58
98 101 99 100 101 101 99 100 102 100 
38 5 88
101 100 100 102 99 101 102 98 98 101 
39 58 5
100 98 102 99 99 100 98 101 98 99 
40 36 17
99 101 101 99 101 101 98 101 100 100 
41 55 51
99 99 99 101 102 98 100 101 98 102 
42 12 5
99 100 102 101 101 100 102 100 100 98 
43 79 53
101 98 98 98 101 100 100 99 101 98 
44 85 35
99 101 102 101 100 99 102 98 98 99 
45 5 36
101 101 100 98 101 100 101 101 101 98 
46 46 92
100 101 102 100 101 98 99 99 101 99 
47 23 94
102 101 101 102 102 100 102 100 99 102 
48 1 52
99 98 100 102 98 100 100 98 100 101 
49 60 94
101 99 102 100 102 101 98 98 100 101 

