50 10 996
0 2 4
99 101 98 102 100 98 103 100 99 99 
1 5 5
98 99 97 96 96 104 102 99 103 104 
2 4 9
97 97 95 95 95 98 99 101 104 104 
3 5 5
98 97 96 104 101 100 99 96 97 103 
4 3 4
102 104 102 102 96 97 101 100 99 101 
5 7 8
96 97 98 96 96 104 102 101 96 104 
6 7 1
101 97 98 103 95 101 98 104 102 97 
7 8 1
100 100 101 96 98 99 95 99 103 101 
8 8 10
100 100 101 104 101 99 96 97 101 99 
9 4 9
97 101 102 97 96 101 99 101 96 95 
10 10 5
101 95 96 99 101 103 99 98 100 97 
11 3 4
101 100 103 99 95 96 97 99 104 104 
12 7 1
101 96 101 104 98 103 101 95 103 102 
13 5 7
102 95 104 100 99 99 103 97 104 101 
14 7 2
104 103 101 104 103 97 104 101 100 103 
15 6 10
101 98 96 101 97 100 97 95 103 98 
16 8 5
104 100 102 104 97 98 95 96 97 103 
17 3 3
96 99 95 103 99 102 102 95 96 103 
18 9 4
101 97 100 101 100 97 95 100 95 102 
19 7 5
96 103 100 100 102 95 104 95 99 104 
20 9 9
103 103 95 96 101 103 100 99 97 97 
21 1 8
102 96 99 102 103 95 96 96 96 103 
22 9 9
103 102 103 99 103 103 97 102 101 99 
23 9 4
99 100 104 101 103 95 101 100 96 95 
24 5 2
98 100 100 99 98 98 97 99 96 97 
25 9 10
97 98 101 104 102 102 99 97 97 98 
26 9 3
98 101 104 101 102 98 95 95 103 100 
27 7 5
103 95 103 104 99 103 96 101 96 104 
28 6 10
101 96 98 96 100 98 100 95 95 100 
29 10 10
103 104 96 104 99 102 100 99 104 98 
30 7 4
98 102 104 100 103 102 101 100 103 96 
31 9 6
99 98 101 101 103 100 100 104 101 101 
32 1 1
98 100 99 97 95 97 102 98 104 102 
33 1 9
101 103 100 99 104 100 97 99 103 103 
34 1 10
100 101 95 96 99 97 98 95 104 104 
35 3 2
97 97 99 98 96 102 96 102 100 103 
36 4 6
100 100 96 101 98 96 102 95 104 102 
37 2 5
96 99 99 95 99 103 96 103 95 102 
38 2 4
99 98 95 97 98 99 104 104 96 95 
39 8 8
98 99 102 98 96 96 104 99 100 100 
40 5 2
98 100 104 101 99 96 96 96 101 97 
41 4 2
103 97 97 104 99 104 101 102 98 101 
42 1 7
102 96 95 99 101 99 101 97 96 102 
43 1 9
95 96 104 101 100 99 95 98 103 97 
44 6 3
97 96 104 102 104 97 99 101 98 99 
45 2 3
96 104 101 99 103 101 97 104 104 98 
46 8 6
102 102 103 100 95 100 104 99 102 104 
47 4 9
98 102 100 103 99 103 95 102 104 101 
48 2 8
99 101 103 99 104 101 96 102 98 96 
49 5 6
102 99 96 101 100 100 99 103 97 96 

