500 10 10008
0 84 87
127 65 143 85 136 142 99 71 112 77 
1 91 60
113 76 90 76 122 86 61 118 117 79 
2 83 31
112 73 117 85 79 52 72 108 119 117 
3 94 57
61 92 79 123 71 69 134 87 148 74 
4 16 71
63 76 141 130 106 123 112 120 146 131 
5 6 26
134 77 86 55 96 79 63 107 74 145 
6 83 46
64 117 84 114 93 100 137 58 126 128 
7 89 85
53 101 104 149 82 110 126 118 89 62 
8 27 87
144 89 145 120 84 128 117 51 147 52 
9 18 93
102 106 51 130 136 91 115 139 94 69 
10 41 30
81 67 147 121 131 125 59 77 117 106 
11 98 54
136 115 56 133 69 74 78 121 82 79 
12 4 20
120 118 58 65 90 99 146 73 68 95 
13 47 52
71 105 129 138 114 78 91 100 143 50 
14 35 65
74 64 137 106 93 141 77 115 109 86 
15 33 52
87 78 125 57 124 71 108 145 79 87 
16 36 94
68 78 93 61 78 79 126 54 93 113 
17 14 39
56 90 54 68 78 138 119 67 67 146 
18 25 44
120 133 140 149 122 75 94 140 55 89 
19 55 87
119 132 92 114 147 57 105 54 98 61 
20 23 29
149 93 96 118 90 72 61 60 55 51 
21 62 31
128 55 70 86 94 76 72 115 58 66 
22 83 59
74 87 112 74 50 86 102 149 129 100 
23 69 72
123 81 131 80 83 144 110 113 149 131 
24 100 97
109 123 63 118 140 145 76 116 134 90 
25 91 85
126 92 86 57 95 106 129 68 137 62 
26 49 73
109 59 86 60 92 137 56 51 63 122 
27 22 56
69 149 71 54 89 61 90 117 55 78 
28 28 51
134 108 70 74 72 119 146 131 80 134 
29 93 73
122 100 75 135 72 149 90 92 148 63 
30 99 91
74 140 59 131 69 86 82 105 144 54 
31 80 70
123 126 100 105 110 92 129 134 143 55 
32 22 68
54 63 111 104 76 109 94 52 52 56 
33 85 22
92 118 78 139 122 58 108 148 86 58 
34 54 49
53 83 83 98 140 104 117 96 118 79 
35 1 47
138 147 99 140 53 83 113 147 103 142 
36 87 26
102 146 125 138 107 79 86 110 64 71 
37 61 5
78 77 100 98 106 52 144 147 149 93 
38 40 3
78 53 50 131 97 88 109 101 85 84 
39 40 93
65 77 54 79 99 114 135 79 93 85 
40 78 1
88 121 99 139 117 138 142 145 93 94 
41 30 91
132 90 91 119 76 82 111 92 110 67 
42 24 62
131 59 140 75 146 117 127 84 140 76 
43 25 58
64 118 55 108 62 136 50 96 76 144 
44 17 53
128 79 96 140 97 120 101 130 81 143 
45 58 28
62 136 64 105 62 140 62 129 60 119 
46 90 75
105 91 70 83 137 138 88 116 120 134 
47 57 18
56 110 99 87 55 109 67 68 95 133 
48 74 59
123 87 139 133 57 128 107 64 121 79 
49 1 60
68 88 75 138 124 83 107 131 143 108 
50 71 100
67 89 119 113 72 144 123 97 81 112 
51 83 91
142 141 107 65 71 107 124 141 97 101 
52 32 22
87 90 104 80 148 75 131 66 66 52 
53 32 40
146 54 88 130 68 71 120 112 62 129 
54 78 86
86 54 126 133 57 109 107 94 149 61 
55 28 51
86 110 68 55 113 99 94 61 55 84 
56 92 76
105 64 139 118 143 68 55 132 72 132 
57 18 31
143 124 76 143 136 103 93 124 64 63 
58 80 78
112 125 138 69 60 82 144 67 96 85 
59 38 92
103 93 123 78 75 141 60 68 67 86 
60 64 56
140 108 80 54 121 111 83 135 139 123 
61 5 52
55 100 118 53 135 56 145 89 99 70 
62 68 27
113 127 146 131 115 110 86 105 120 68 
63 12 43
82 146 129 71 120 134 122 77 84 90 
64 84 73
148 80 113 97 100 80 123 64 109 72 
65 48 25
132 85 82 54 104 93 148 136 90 128 
66 60 63
112 133 91 98 73 74 122 72 104 85 
67 22 58
115 97 121 126 119 68 51 53 103 83 
68 8 60
78 56 147 70 134 58 84 148 141 126 
69 99 16
102 121 139 109 56 60 66 74 59 89 
70 1 79
59 103 131 64 88 139 76 117 97 73 
71 88 32
82 72 131 125 100 129 140 104 100 81 
72 14 58
144 131 131 53 70 83 132 131 137 65 
73 97 26
54 72 142 101 147 82 84 131 56 65 
74 58 9
145 149 112 147 133 126 104 127 59 137 
75 33 83
71 116 113 110 132 61 135 136 135 80 
76 91 84
64 126 66 70 142 75 78 89 75 140 
77 37 61
68 93 87 78 132 71 60 105 138 75 
78 16 71
87 103 58 72 133 100 107 147 77 76 
79 70 72
101 99 60 78 89 148 138 60 143 127 
80 91 77
149 102 81 137 127 149 107 116 102 67 
81 42 36
118 148 134 145 126 55 116 78 104 78 
82 9 94
128 147 105 122 124 95 50 75 147 133 
83 13 28
132 71 143 84 89 84 71 109 135 107 
84 55 62
112 122 91 66 102 100 112 132 149 67 
85 55 74
65 56 101 114 140 113 141 122 87 87 
86 60 29
121 130 137 106 140 91 120 102 115 61 
87 70 18
111 133 101 62 50 56 88 117 114 139 
88 33 55
54 125 129 91 62 88 119 86 120 106 
89 45 61
99 64 115 64 76 136 133 89 119 85 
90 53 22
143 140 139 59 81 123 114 85 98 145 
91 78 14
83 148 99 105 105 143 118 106 110 83 
92 24 87
121 108 127 90 95 131 111 140 73 100 
93 1 55
125 114 92 74 109 69 139 94 119 88 
94 52 77
133 69 83 93 54 106 131 125 116 61 
95 68 13
142 79 52 118 81 52 124 57 68 66 
96 84 78
137 122 123 107 112 75 83 147 146 68 
97 42 54
76 124 130 143 135 98 55 80 79 109 
98 99 61
112 74 69 130 91 52 60 130 76 133 
99 90 41
58 73 88 107 143 81 60 70 55 140 
100 14 92
88 120 71 117 79 121 130 93 145 149 
101 25 89
104 136 119 82 119 60 123 80 83 113 
102 88 80
144 99 149 101 89 114 92 80 136 65 
103 50 16
136 131 61 84 83 137 72 137 123 93 
104 20 43
104 94 74 89 109 113 68 103 62 119 
105 6 5
83 149 84 69 65 85 137 103 119 100 
106 88 3
87 112 139 60 55 110 54 61 107 79 
107 4 17
142 71 72 55 93 129 111 78 128 97 
108 1 46
132 137 149 101 139 136 103 76 98 144 
109 37 7
57 142 67 114 71 70 130 116 144 104 
110 24 38
83 134 67 62 81 67 59 115 106 58 
111 70 46
145 72 121 145 119 109 51 126 102 121 
112 41 26
93 122 141 139 77 116 128 62 100 146 
113 25 34
63 136 149 120 144 118 65 91 92 89 
114 38 64
148 140 89 52 63 81 78 107 54 121 
115 47 84
88 75 145 90 71 122 76 84 108 75 
116 57 53
95 122 96 89 61 133 53 111 75 92 
117 17 40
124 94 146 80 117 144 63 107 69 110 
118 51 93
82 126 129 140 103 85 145 148 57 91 
119 38 71
126 90 134 51 133 50 142 59 146 90 
120 40 64
85 54 123 56 114 73 101 99 101 80 
121 40 5
115 136 52 75 129 141 97 57 134 81 
122 62 20
81 103 78 77 144 69 93 131 73 118 
123 88 40
93 88 138 144 70 130 148 136 68 102 
124 64 99
145 60 55 129 92 116 148 75 122 128 
125 54 67
147 98 97 122 66 136 62 109 127 50 
126 54 98
82 53 85 101 57 148 99 104 111 56 
127 35 4
75 134 78 147 113 83 65 110 131 64 
128 86 98
50 147 58 79 99 63 129 84 66 64 
129 86 76
115 136 80 76 142 66 79 119 102 59 
130 67 16
145 83 78 126 97 63 76 50 112 136 
131 30 64
50 58 147 66 125 132 94 90 70 76 
132 19 66
144 149 84 96 58 103 112 53 136 92 
133 33 35
57 60 84 119 146 65 134 146 74 132 
134 66 52
66 111 93 87 137 111 52 131 110 138 
135 80 21
91 143 74 78 85 58 112 92 120 146 
136 64 67
61 50 65 137 84 82 140 100 143 83 
137 40 81
144 143 63 104 132 94 125 73 88 101 
138 52 74
61 115 118 131 63 133 149 127 85 64 
139 65 70
96 57 122 141 90 61 73 137 107 86 
140 94 40
131 70 64 121 121 68 146 84 133 114 
141 68 98
50 117 124 85 83 140 107 82 99 79 
142 24 91
142 97 79 99 85 72 90 118 93 105 
143 40 67
75 86 103 110 102 70 107 54 137 133 
144 41 22
76 147 55 77 128 78 119 120 77 148 
145 21 64
71 110 133 66 117 73 132 142 61 85 
146 54 64
58 112 118 145 148 110 118 126 59 123 
147 4 88
104 123 107 131 73 79 146 94 92 130 
148 13 10
105 97 104 116 84 109 131 92 123 51 
149 39 72
63 108 149 72 134 105 111 140 130 121 
150 24 4
50 70 50 92 102 62 54 57 109 108 
151 26 95
67 108 86 140 110 76 64 123 87 115 
152 49 22
70 59 113 50 82 136 54 83 108 106 
153 28 11
118 81 119 78 91 96 124 108 55 60 
154 2 66
139 117 140 76 82 88 149 55 50 112 
155 58 33
98 111 67 57 119 147 119 88 78 89 
156 19 71
135 142 130 92 104 83 57 93 50 100 
157 22 86
138 70 140 90 84 97 75 133 111 144 
158 43 31
141 113 70 70 104 88 92 142 80 72 
159 35 86
58 144 130 58 94 52 95 134 72 137 
160 26 58
85 52 142 98 146 136 80 90 99 101 
161 13 57
139 104 98 122 78 132 107 138 126 87 
162 98 21
89 144 55 64 132 132 73 119 86 65 
163 18 85
103 149 74 104 100 86 60 142 92 108 
164 65 24
91 71 61 119 60 110 140 52 105 97 
165 17 90
131 89 108 67 56 125 51 61 124 128 
166 66 78
116 126 119 111 84 83 86 77 56 149 
167 98 17
110 89 120 117 136 136 58 117 127 116 
168 37 36
143 87 96 69 117 62 146 84 90 67 
169 96 75
100 81 52 58 80 101 75 92 140 97 
170 62 77
84 119 145 113 85 81 101 130 70 147 
171 1 89
111 146 124 51 64 119 78 66 102 132 
172 26 83
83 52 127 73 99 140 101 85 110 96 
173 100 48
79 52 78 99 149 78 139 63 126 113 
174 67 91
134 144 109 86 126 134 121 59 88 50 
175 85 40
140 85 125 100 131 76 100 112 78 128 
176 65 80
108 103 94 84 119 61 127 55 107 86 
177 43 35
122 115 145 60 115 82 99 57 117 126 
178 59 2
52 110 113 132 88 77 64 146 83 108 
179 31 55
119 57 109 77 145 51 63 117 68 110 
180 30 36
142 81 93 62 57 103 63 112 63 78 
181 97 52
106 60 149 91 119 131 145 140 139 104 
182 70 37
58 132 54 76 145 83 64 137 114 107 
183 52 25
60 114 88 73 143 84 76 51 95 75 
184 95 67
56 139 106 97 145 76 134 53 110 90 
185 83 56
123 98 145 140 55 96 116 117 113 54 
186 91 9
140 118 111 85 143 105 51 101 94 60 
187 52 92
138 85 97 98 125 131 106 50 79 101 
188 43 35
99 110 51 114 114 93 122 105 61 83 
189 43 57
90 146 109 86 108 60 78 96 147 125 
190 95 25
106 100 75 135 103 69 121 105 130 74 
191 20 97
117 94 53 80 79 96 136 120 144 95 
192 59 53
58 136 148 55 63 94 80 71 97 57 
193 59 1
128 79 57 108 103 129 57 122 125 60 
194 3 5
58 90 76 52 136 135 56 96 73 54 
195 52 38
51 83 60 98 142 119 50 121 100 58 
196 82 57
137 138 78 112 101 133 68 109 73 95 
197 15 62
132 122 57 107 79 61 144 80 94 107 
198 79 38
76 128 110 78 136 91 134 75 132 115 
199 40 34
98 108 94 73 105 60 135 139 133 94 
200 47 13
105 143 92 50 100 70 139 78 100 99 
201 57 38
92 91 64 74 108 104 59 108 114 104 
202 82 20
66 68 110 149 113 56 113 68 149 55 
203 71 2
127 61 79 78 62 136 67 105 129 133 
204 80 90
87 139 97 103 145 130 74 61 149 134 
205 12 15
93 76 134 92 82 57 146 111 68 75 
206 42 32
113 60 136 144 144 67 85 133 108 132 
207 38 54
65 63 67 64 148 130 130 91 56 114 
208 36 39
73 81 102 92 59 95 75 74 106 113 
209 72 3
130 56 135 141 139 124 94 106 138 111 
210 71 39
91 52 129 98 68 116 88 92 100 92 
211 85 60
138 111 85 146 74 56 148 106 63 85 
212 48 55
112 94 60 52 107 82 90 101 136 121 
213 100 5
139 139 96 89 134 132 100 122 93 136 
214 69 20
142 68 126 107 103 125 113 65 69 75 
215 70 78
59 59 130 145 82 81 50 72 70 96 
216 14 57
79 114 78 74 100 98 94 144 68 122 
217 5 73
97 117 89 69 143 59 98 104 120 78 
218 51 56
109 100 79 81 98 92 138 127 56 118 
219 55 9
119 148 53 137 120 57 61 119 76 53 
220 41 72
114 138 76 136 66 126 91 77 128 72 
221 60 27
115 149 54 73 117 108 82 138 58 137 
222 77 31
144 89 101 122 92 142 94 56 130 72 
223 94 50
148 136 78 126 59 137 52 76 88 108 
224 50 59
118 131 96 78 70 124 108 64 64 112 
225 40 57
104 85 65 84 107 110 85 57 96 114 
226 84 56
53 87 83 92 98 133 50 118 66 96 
227 50 38
71 109 53 137 71 92 93 125 127 60 
228 63 87
120 147 143 67 111 78 74 67 116 108 
229 60 67
143 109 136 59 107 85 96 80 145 52 
230 18 17
146 63 142 124 73 56 110 144 53 56 
231 64 18
84 89 84 102 99 143 68 92 54 55 
232 5 14
142 52 94 137 54 111 106 51 76 98 
233 28 51
104 89 146 59 95 61 76 130 52 62 
234 33 53
107 53 96 111 110 100 77 102 103 121 
235 41 58
134 98 60 61 98 87 63 104 127 111 
236 64 75
74 92 104 76 104 89 128 114 92 75 
237 78 3
77 54 104 130 125 96 140 110 144 50 
238 24 43
140 138 146 69 99 62 143 75 104 98 
239 52 61
137 132 74 79 109 52 133 136 56 87 
240 68 35
86 59 96 80 59 119 75 101 107 123 
241 71 59
135 114 133 89 114 136 102 53 118 126 
242 33 28
80 117 116 87 54 83 121 142 144 67 
243 76 56
88 50 57 97 123 127 107 109 143 142 
244 51 58
128 52 110 97 81 94 76 111 61 142 
245 99 69
127 71 110 121 140 137 129 130 137 136 
246 80 14
113 86 74 59 78 124 116 109 79 77 
247 59 61
121 134 123 85 79 74 53 108 95 65 
248 83 89
53 111 118 92 97 50 105 112 86 81 
249 72 18
108 88 126 137 67 84 149 90 120 122 
250 28 52
146 132 60 144 148 142 132 103 103 52 
251 48 53
104 105 64 141 136 88 110 94 78 138 
252 84 46
72 84 87 94 57 115 146 105 97 56 
253 50 98
100 133 52 53 88 100 105 142 55 71 
254 36 92
61 145 138 89 133 73 86 107 108 76 
255 3 66
141 100 70 140 58 72 138 108 107 140 
256 62 96
90 118 90 147 91 125 91 103 73 79 
257 45 59
102 83 66 60 109 120 77 100 122 50 
258 41 81
124 130 88 81 121 149 129 113 69 69 
259 62 13
96 104 67 119 133 112 78 137 145 146 
260 51 55
116 79 106 88 79 146 68 105 79 58 
261 88 1
57 68 65 128 87 78 140 85 132 58 
262 6 18
72 135 107 119 131 57 73 149 86 129 
263 90 19
77 57 123 106 65 62 58 124 80 126 
264 5 20
106 96 105 89 56 62 58 78 147 115 
265 98 31
122 122 79 111 53 68 81 133 127 106 
266 92 45
119 102 120 101 78 76 73 134 122 80 
267 76 80
144 134 109 141 99 59 123 124 131 52 
268 36 38
122 116 70 51 124 61 95 93 65 117 
269 48 44
143 72 130 67 54 57 146 148 141 58 
270 90 94
67 112 117 100 66 104 137 90 122 109 
271 42 47
73 88 92 88 55 139 132 100 113 64 
272 68 68
71 66 115 115 74 56 108 91 70 75 
273 92 89
129 81 78 101 140 119 147 63 109 141 
274 53 17
82 136 116 145 50 135 64 123 51 129 
275 39 78
87 146 68 107 123 112 95 54 143 75 
276 8 36
96 55 99 55 98 103 123 131 89 89 
277 77 92
127 141 114 80 72 105 58 110 101 76 
278 70 78
90 65 131 83 142 139 119 89 96 120 
279 97 95
73 120 125 64 111 54 55 88 145 71 
280 70 70
126 127 79 130 105 149 107 146 116 88 
281 82 59
129 52 99 75 74 96 122 97 66 97 
282 62 78
101 68 66 148 90 87 118 66 116 99 
283 97 22
98 55 119 116 146 101 127 125 55 76 
284 54 31
122 75 79 138 122 93 68 126 111 136 
285 27 2
73 144 120 139 146 68 112 146 74 82 
286 64 21
85 90 97 142 68 50 72 93 75 54 
287 84 51
97 51 128 58 137 54 112 112 101 82 
288 52 48
52 116 93 76 100 108 148 87 100 148 
289 30 70
148 54 62 126 58 97 128 105 99 58 
290 64 37
114 127 101 65 59 104 64 62 70 60 
291 91 71
118 91 57 121 89 139 90 139 143 54 
292 18 54
101 97 58 102 105 73 91 122 51 142 
293 40 63
96 104 76 69 66 119 139 134 60 99 
294 56 2
140 97 92 133 53 62 138 57 61 146 
295 12 20
121 102 141 74 146 80 137 93 86 115 
296 63 53
84 53 139 146 54 146 147 144 146 142 
297 30 100
106 67 108 117 115 72 136 87 124 127 
298 62 72
58 50 116 146 116 130 99 50 85 88 
299 98 41
84 96 136 80 140 66 132 96 135 142 
300 15 52
64 102 90 91 80 103 114 140 104 80 
301 87 73
112 137 122 147 75 71 139 110 70 126 
302 43 11
142 74 59 79 119 125 130 133 77 70 
303 25 10
124 138 149 130 120 88 102 82 75 126 
304 83 52
148 121 113 120 97 107 82 141 84 91 
305 22 4
66 103 88 146 76 113 55 102 53 107 
306 33 27
145 86 108 70 62 142 73 112 114 88 
307 33 64
98 115 57 132 108 78 87 77 83 125 
308 24 60
140 78 61 96 135 145 122 82 81 132 
309 6 97
125 78 108 89 69 93 104 117 110 111 
310 2 71
91 88 147 125 63 70 136 106 51 148 
311 3 39
95 124 73 79 106 78 75 81 58 85 
312 23 80
80 127 96 140 140 97 63 82 87 60 
313 8 52
133 143 57 86 93 59 76 139 85 99 
314 19 92
127 145 73 88 80 147 67 63 124 66 
315 56 66
65 118 99 103 129 106 106 64 51 65 
316 51 98
126 126 88 61 76 58 52 105 53 127 
317 94 86
125 61 148 51 77 56 68 92 124 117 
318 48 54
73 53 117 127 68 119 76 144 96 114 
319 6 25
122 110 129 77 87 75 114 114 86 65 
320 67 16
71 134 59 145 102 107 51 77 110 70 
321 57 32
140 132 75 138 96 133 62 120 93 141 
322 50 33
66 116 147 54 131 113 121 104 149 131 
323 2 52
140 52 81 52 125 137 83 115 120 61 
324 6 69
96 67 141 139 110 142 123 79 108 120 
325 34 92
135 107 147 87 140 149 138 130 103 121 
326 35 29
109 70 95 131 133 100 51 79 69 142 
327 71 81
87 93 59 97 116 144 89 53 53 138 
328 41 94
137 131 75 91 102 62 71 113 82 117 
329 45 16
119 96 94 139 140 64 71 77 59 80 
330 76 76
126 116 81 130 104 121 75 92 54 53 
331 36 58
65 106 122 97 125 67 64 95 113 108 
332 87 54
74 57 131 83 139 58 111 67 124 142 
333 50 29
65 125 72 122 80 107 131 95 116 103 
334 93 42
120 108 88 135 66 74 89 142 133 122 
335 78 73
82 88 92 56 132 141 136 100 68 59 
336 23 49
68 105 95 134 58 139 128 129 97 66 
337 65 16
143 105 57 126 129 135 51 61 125 145 
338 70 11
136 106 62 107 67 136 107 85 91 53 
339 73 50
142 100 130 90 68 147 105 61 54 65 
340 41 85
50 143 97 77 138 67 87 124 123 51 
341 84 91
137 91 127 78 146 51 80 138 53 60 
342 81 23
109 86 135 114 53 127 50 105 120 97 
343 83 59
114 122 135 87 123 118 129 111 111 59 
344 90 58
60 69 96 116 132 128 138 91 116 75 
345 58 70
53 107 74 75 55 57 134 119 81 119 
346 60 5
139 140 115 101 101 57 58 112 128 56 
347 29 61
135 118 104 101 95 61 71 50 119 95 
348 27 27
54 112 145 85 81 56 90 70 99 107 
349 24 1
66 82 64 145 140 92 57 125 112 63 
350 80 61
127 50 110 96 147 88 74 104 50 121 
351 90 32
128 131 54 129 141 77 129 57 61 144 
352 55 3
138 64 79 53 129 58 113 106 110 125 
353 55 11
64 128 114 64 100 103 148 130 137 104 
354 60 79
83 88 87 95 134 94 149 123 108 78 
355 29 38
139 141 96 99 68 50 109 82 129 73 
356 100 30
79 147 59 66 53 70 96 86 108 133 
357 34 96
77 82 70 87 63 98 77 52 141 123 
358 4 10
75 113 92 54 88 143 135 69 92 96 
359 88 46
116 83 131 127 119 65 122 98 149 142 
360 39 13
90 115 64 81 140 120 142 65 83 136 
361 73 24
129 107 145 71 54 132 68 72 118 102 
362 100 90
69 121 139 68 65 77 133 105 94 99 
363 39 35
69 133 52 54 119 124 78 99 133 73 
364 23 40
107 143 112 75 95 63 116 114 87 106 
365 35 53
133 67 110 130 117 100 116 136 83 118 
366 92 4
144 121 54 128 96 128 67 105 121 129 
367 34 69
143 149 134 132 105 69 84 141 138 144 
368 72 8
147 139 144 80 108 87 135 54 110 139 
369 83 59
70 50 63 141 81 96 62 126 96 146 
370 59 54
117 95 94 106 141 117 113 138 59 59 
371 20 20
148 106 73 108 148 56 66 68 108 132 
372 62 42
78 123 68 76 120 78 130 87 123 126 
373 46 66
146 59 103 55 120 74 74 119 83 97 
374 28 32
55 146 99 113 128 60 107 108 86 125 
375 86 59
53 115 97 79 91 143 144 87 104 149 
376 95 25
126 68 95 59 68 75 142 73 71 91 
377 40 52
53 146 59 141 73 144 99 128 61 147 
378 60 54
140 103 92 146 55 139 122 83 57 68 
379 95 78
93 136 103 66 129 142 117 132 90 78 
380 75 16
73 125 95 84 122 55 89 64 60 84 
381 11 16
73 85 50 132 103 144 110 146 82 63 
382 13 12
107 81 144 99 109 70 66 84 145 111 
383 22 21
116 62 136 127 96 99 94 71 134 95 
384 57 38
141 66 135 74 131 99 137 140 130 131 
385 92 92
103 57 76 51 118 97 123 137 61 109 
386 65 11
58 110 81 94 107 137 83 99 105 68 
387 26 89
117 62 128 149 96 119 141 101 78 119 
388 5 98
118 127 134 129 139 50 139 99 110 123 
389 95 19
62 77 69 70 96 146 58 115 110 89 
390 18 7
110 58 60 139 79 64 88 147 142 124 
391 29 82
124 68 80 136 93 126 106 105 54 77 
392 28 3
125 86 69 86 77 86 144 137 94 54 
393 77 74
69 116 72 113 90 101 146 116 71 128 
394 6 65
105 111 121 61 91 149 63 66 137 82 
395 5 15
71 149 51 115 105 80 141 76 146 115 
396 90 38
66 87 53 139 66 58 55 73 72 127 
397 87 16
78 101 133 65 133 138 79 106 89 132 
398 23 95
62 115 71 59 132 112 96 101 50 51 
399 41 69
112 96 93 86 125 79 53 53 130 136 
400 19 16
76 149 122 115 131 96 110 144 113 131 
401 56 46
93 103 146 145 104 139 113 118 85 108 
402 57 11
137 109 115 117 96 133 133 122 84 57 
403 39 16
103 100 59 66 133 114 111 128 119 60 
404 75 25
149 139 94 84 98 51 146 85 110 111 
405 56 59
146 140 81 80 147 71 147 100 73 109 
406 19 7
125 81 134 95 91 60 119 90 50 115 
407 27 1
116 124 85 77 137 92 87 133 82 118 
408 66 30
91 113 81 114 72 99 120 99 131 57 
409 95 23
67 65 65 67 131 143 67 97 118 55 
410 27 56
97 114 141 82 134 106 111 128 121 95 
411 43 46
144 115 145 77 122 139 52 139 55 67 
412 60 87
60 78 135 80 135 114 136 135 130 127 
413 18 65
135 80 92 59 125 87 104 72 52 51 
414 50 27
141 101 117 98 70 76 136 133 57 121 
415 14 93
137 101 79 117 130 96 82 116 127 76 
416 28 5
113 131 76 67 85 78 93 128 81 61 
417 27 5
139 62 137 146 85 102 91 125 54 120 
418 43 85
67 124 52 96 103 79 100 66 113 79 
419 87 99
107 79 126 138 90 104 142 80 68 81 
420 79 6
134 69 130 90 92 73 126 109 99 81 
421 58 3
110 109 121 125 138 107 123 95 88 51 
422 87 32
105 80 63 123 112 141 129 148 113 109 
423 91 6
132 116 66 134 147 123 136 60 134 59 
424 86 74
68 61 120 107 62 58 138 118 89 51 
425 94 54
94 74 101 109 134 143 114 68 109 82 
426 3 10
107 91 69 92 52 106 65 71 117 87 
427 31 33
96 68 102 135 121 95 140 117 120 91 
428 28 7
136 93 126 95 126 129 56 135 122 127 
429 28 75
136 144 97 103 82 127 87 80 97 139 
430 16 71
137 55 88 59 148 67 65 134 62 141 
431 82 41
72 90 76 96 67 55 71 105 50 118 
432 10 85
148 148 64 95 138 131 66 77 88 56 
433 37 89
125 53 74 137 96 107 78 119 147 104 
434 68 68
61 138 72 61 59 133 97 57 132 63 
435 5 23
144 70 51 134 128 87 122 103 142 146 
436 42 39
104 71 109 101 77 77 120 88 117 143 
437 3 29
78 99 85 60 65 142 134 59 114 135 
438 47 44
124 68 98 116 65 91 107 71 112 118 
439 25 42
145 145 130 65 90 132 93 118 133 81 
440 32 99
73 117 110 89 103 56 132 77 74 81 
441 47 92
74 53 114 137 73 139 78 121 86 110 
442 87 77
92 131 146 128 114 129 126 89 97 86 
443 80 53
144 111 81 69 94 127 112 119 82 77 
444 9 57
118 138 77 54 99 115 82 93 96 130 
445 74 12
110 100 100 109 88 79 61 83 93 144 
446 5 40
74 68 110 106 147 118 114 115 59 93 
447 70 59
110 51 103 109 84 77 72 96 79 74 
448 6 20
104 118 54 99 112 110 90 136 129 51 
449 96 77
119 61 92 80 57 113 90 117 67 144 
450 79 52
123 50 147 52 75 52 123 81 72 128 
451 81 37
88 70 73 67 71 120 96 93 83 90 
452 26 41
53 116 110 70 62 88 73 135 89 70 
453 40 17
124 62 97 146 140 77 135 131 149 110 
454 51 74
80 146 118 65 86 143 106 142 61 118 
455 65 24
108 138 58 99 58 149 115 85 114 62 
456 84 55
141 118 137 93 78 88 66 60 84 86 
457 27 24
131 84 65 143 52 129 66 110 117 127 
458 63 29
126 77 113 90 90 148 97 81 117 84 
459 75 96
74 92 108 109 80 134 84 62 68 99 
460 58 73
130 123 134 50 52 96 130 81 124 145 
461 24 67
143 72 147 110 107 74 58 131 68 116 
462 93 50
52 76 63 122 77 120 94 110 145 78 
463 61 51
77 90 131 103 137 54 69 130 77 118 
464 94 37
94 103 119 113 121 64 114 123 142 79 
465 46 21
101 91 130 148 71 142 98 98 134 79 
466 2 72
136 122 53 115 91 146 103 135 99 124 
467 1 73
138 114 95 131 143 92 103 146 133 135 
468 96 58
127 93 55 111 75 109 134 113 81 137 
469 29 25
86 83 60 87 57 60 60 146 77 57 
470 30 73
52 84 119 87 69 114 144 98 57 102 
471 62 33
61 95 145 144 134 125 69 70 58 79 
472 59 69
141 70 114 68 77 95 141 79 129 62 
473 68 51
126 111 148 133 115 109 118 126 54 65 
474 24 41
93 92 111 53 73 69 121 116 89 137 
475 86 19
82 78 98 113 90 117 63 118 130 113 
476 4 47
72 121 124 128 89 147 69 132 89 82 
477 38 15
101 59 131 92 146 68 62 131 148 62 
478 45 91
129 60 108 62 75 63 60 98 135 134 
479 79 77
132 99 60 123 131 97 90 134 106 123 
480 79 54
141 141 136 91 53 132 81 85 94 91 
481 48 71
104 107 120 141 143 98 69 125 148 79 
482 2 80
127 143 66 135 116 144 140 107 135 126 
483 51 90
109 83 126 53 76 73 123 82 82 93 
484 25 26
94 93 103 144 75 56 75 104 149 91 
485 40 66
86 80 124 71 108 74 112 119 59 88 
486 74 36
63 148 117 95 144 93 73 140 137 78 
487 85 65
84 59 68 135 101 107 52 137 89 126 
488 61 99
102 73 69 111 111 142 98 125 93 65 
489 73 90
109 97 129 148 125 65 112 111 74 82 
490 47 28
139 98 116 131 126 77 81 130 100 100 
491 94 64
145 91 140 140 59 65 129 118 112 60 
492 19 91
75 130 101 51 62 148 131 103 148 97 
493 87 28
124 67 57 126 70 51 142 65 144 132 
494 6 4
99 86 73 62 148 91 52 125 123 55 
495 29 38
53 59 141 104 107 127 131 133 97 90 
496 61 68
143 102 84 90 136 141 93 86 77 117 
497 1 26
110 104 102 84 109 130 121 65 140 64 
498 22 100
94 104 132 141 144 92 60 90 96 94 
499 81 86
85 125 123 64 92 123 141 105 77 93 

