50 10 1000
0 4 7
100 98 101 98 99 100 102 99 100 100 
1 1 10
101 99 98 99 100 99 99 101 100 102 
2 3 1
100 101 100 98 102 100 100 101 102 100 
3 4 7
99 100 102 101 99 102 102 100 101 102 
4 6 1
101 99 99 98 99 101 100 98 99 99 
5 6 6
102 100 99 98 99 102 101 100 102 98 
6 3 6
102 100 102 102 101 98 100 101 99 101 
7 9 5
101 99 102 102 100 98 99 101 102 100 
8 7 7
102 102 98 98 102 101 100 99 100 100 
9 8 3
100 99 99 98 99 99 98 102 102 102 
10 1 10
99 100 100 99 99 98 102 100 100 99 
11 8 4
99 98 99 101 102 102 101 99 100 102 
12 4 10
98 101 101 98 98 102 99 101 101 98 
13 7 2
99 98 102 101 102 101 99 98 101 98 
14 5 5
102 102 100 99 101 99 100 98 102 99 
15 3 2
100 101 98 100 102 99 101 98 102 100 
16 6 4
101 101 101 99 101 102 99 102 101 101 
17 4 9
99 98 102 101 101 101 102 100 100 99 
18 5 4
98 101 98 102 100 98 102 98 98 102 
19 5 7
102 100 100 102 100 100 98 102 101 99 
20 3 9
102 101 99 101 98 100 99 98 98 99 
21 2 1
101 98 98 99 102 99 100 98 101 99 
22 3 9
102 100 100 102 98 99 100 102 102 98 
23 9 2
101 99 99 98 101 102 98 101 102 99 
24 10 7
102 101 101 101 98 98 99 99 102 98 
25 1 5
99 100 99 100 98 99 102 101 100 100 
26 9 3
102 102 99 98 100 100 99 99 101 100 
27 2 6
102 102 99 102 102 99 98 100 98 101 
28 8 1
102 101 98 102 100 102 99 99 98 102 
29 3 3
100 98 98 98 100 102 98 100 101 101 
30 9 1
102 98 102 99 102 99 100 98 102 102 
31 10 10
101 99 98 98 98 100 102 102 101 98 
32 2 8
102 101 99 102 99 102 102 100 100 99 
33 5 2
100 101 101 102 100 101 101 101 99 101 
34 4 9
101 101 101 101 98 102 100 99 101 102 
35 1 7
101 100 102 98 101 101 101 100 101 100 
36 7 6
100 99 98 101 100 102 99 98 102 99 
37 1 5
101 100 98 101 99 100 102 100 102 101 
38 10 3
101 101 98 99 100 101 102 99 98 102 
39 10 3
98 100 102 102 102 102 98 102 101 98 
40 8 1
101 99 102 102 100 101 100 98 101 102 
41 10 1
100 98 99 102 99 100 99 100 98 100 
42 4 2
99 102 98 98 99 100 100 102 98 99 
43 5 8
102 101 98 101 100 99 98 99 99 102 
44 7 3
101 102 99 98 100 98 99 98 99 101 
45 8 8
100 99 102 98 100 98 100 102 98 102 
46 10 5
98 99 98 101 100 101 101 99 98 102 
47 7 8
99 98 102 100 98 102 100 101 98 101 
48 4 9
101 100 102 101 100 101 100 102 99 102 
49 1 10
101 101 98 101 102 101 100 99 101 101 

