50 10 2493
0 91 20
98 105 91 108 94 107 95 97 92 109 
1 50 94
107 99 104 103 97 100 92 102 99 105 
2 68 92
100 100 106 93 103 96 92 92 91 106 
3 53 78
103 107 107 97 98 96 90 95 106 104 
4 91 76
94 95 109 96 90 96 99 93 98 95 
5 87 63
93 91 106 106 107 98 96 100 107 93 
6 11 46
99 100 92 107 107 94 95 103 99 94 
7 100 63
93 90 107 101 107 93 95 90 106 91 
8 70 66
91 105 98 108 108 108 105 109 98 107 
9 10 78
92 96 101 93 92 92 107 95 93 104 
10 90 93
100 104 95 96 98 104 102 91 91 102 
11 61 32
100 105 100 100 95 101 98 97 107 109 
12 23 73
91 90 99 106 96 108 99 106 95 96 
13 76 46
90 109 96 91 101 108 102 91 96 104 
14 24 32
108 101 100 97 92 102 109 106 94 99 
15 85 72
109 95 109 106 101 104 91 101 103 90 
16 25 97
108 98 99 106 93 103 97 91 94 99 
17 9 20
104 90 105 108 99 109 91 90 95 91 
18 58 77
97 100 90 103 100 106 99 91 95 109 
19 58 49
94 107 91 98 96 91 109 90 91 104 
20 72 3
96 102 93 93 95 102 109 95 92 101 
21 99 74
98 109 96 103 108 93 103 92 102 96 
22 24 60
97 92 101 91 99 104 105 105 109 100 
23 19 65
92 99 99 95 103 109 100 91 109 106 
24 47 30
101 101 102 94 107 97 105 94 91 96 
25 58 71
91 95 107 90 105 105 106 108 107 108 
26 56 51
107 107 101 106 95 99 96 106 90 100 
27 81 18
99 105 103 100 104 93 103 97 98 100 
28 20 4
108 105 103 105 95 90 95 93 99 98 
29 32 95
99 99 101 99 101 93 108 102 101 93 
30 4 78
96 98 94 96 108 93 92 106 100 105 
31 24 37
98 90 101 99 98 104 94 107 106 97 
32 99 68
92 98 102 103 102 105 100 100 105 96 
33 18 74
99 101 92 102 108 107 98 96 108 101 
34 17 87
107 102 106 103 109 96 103 91 105 95 
35 68 80
102 99 91 97 106 108 90 107 99 104 
36 42 89
102 91 96 92 102 104 90 100 96 106 
37 76 58
105 98 101 92 103 108 91 107 109 92 
38 5 88
103 107 107 104 101 108 104 105 90 103 
39 58 5
97 100 104 96 96 92 105 103 100 96 
40 36 17
106 98 103 106 93 108 105 98 97 102 
41 55 51
101 91 96 93 104 105 97 103 95 104 
42 12 5
106 97 99 108 103 107 104 92 107 90 
43 79 53
108 95 90 95 108 97 97 91 98 95 
44 85 35
91 93 109 108 107 101 104 95 100 106 
45 5 36
103 108 107 100 108 97 93 98 103 105 
46 46 92
92 103 94 92 108 90 106 101 93 106 
47 23 94
109 98 108 99 94 92 94 107 91 104 
48 1 52
91 105 102 104 100 107 107 95 92 103 
49 60 94
103 106 94 107 94 108 100 105 97 98 

