500 10 45007
0 7 6
101 98 98 98 100 99 99 102 101 102 
1 4 10
100 99 102 98 99 98 98 100 101 101 
2 4 8
98 100 101 101 102 102 99 102 99 99 
3 6 9
98 101 102 101 100 100 101 100 99 100 
4 3 3
102 102 102 100 101 100 99 98 99 102 
5 6 2
99 99 100 100 101 100 101 101 98 100 
6 4 6
98 99 100 99 98 99 101 99 99 100 
7 5 7
99 98 99 101 100 99 99 101 101 101 
8 6 4
99 98 99 101 101 102 101 101 101 100 
9 2 1
99 102 100 100 101 101 98 99 101 99 
10 5 3
102 100 98 100 99 101 98 102 101 101 
11 5 2
98 101 99 98 98 100 100 101 101 102 
12 6 4
102 98 98 101 101 99 100 101 102 101 
13 8 3
101 98 101 99 98 100 98 100 98 101 
14 8 9
101 100 99 101 101 102 100 101 99 102 
15 9 8
98 98 98 99 101 102 101 99 102 101 
16 6 8
99 98 102 101 98 102 101 101 99 100 
17 8 10
99 99 100 102 98 98 99 98 99 101 
18 10 2
98 102 101 102 101 98 99 102 100 101 
19 5 3
100 101 101 101 98 98 100 101 99 100 
20 10 2
100 101 101 98 99 100 100 99 100 100 
21 9 1
100 99 99 102 102 98 101 101 98 99 
22 7 3
101 99 98 102 101 100 100 100 98 99 
23 4 4
98 100 100 102 102 100 102 101 101 100 
24 5 6
98 100 101 98 99 100 101 102 98 98 
25 2 1
100 101 100 102 99 100 101 102 102 100 
26 4 1
102 98 98 102 100 102 102 100 102 98 
27 1 1
102 98 99 102 100 100 102 100 101 101 
28 2 5
99 99 98 100 101 102 98 100 102 98 
29 10 2
100 101 99 101 98 101 101 102 101 99 
30 6 1
102 102 102 102 101 99 101 99 102 99 
31 9 4
98 98 100 102 101 99 100 98 100 98 
32 4 3
101 101 102 101 102 102 99 98 99 98 
33 5 10
99 98 98 99 99 98 99 101 99 101 
34 5 2
100 99 99 102 100 99 101 100 102 102 
35 2 1
99 102 101 100 102 102 101 101 102 98 
36 2 8
100 100 100 98 100 99 99 99 101 100 
37 3 8
101 101 99 102 100 102 100 98 101 98 
38 3 9
102 100 99 99 100 102 98 98 101 101 
39 6 6
102 100 102 102 99 99 99 100 102 98 
40 7 10
102 101 102 101 101 102 99 98 99 102 
41 7 2
101 101 101 99 99 98 101 101 100 100 
42 8 7
99 99 101 98 99 99 99 98 98 99 
43 6 1
100 101 100 101 100 98 99 100 102 102 
44 1 8
98 99 98 102 101 98 100 99 101 98 
45 10 10
102 98 99 102 99 102 99 101 100 99 
46 5 1
99 98 102 100 100 98 98 100 99 100 
47 9 7
102 99 101 100 101 100 99 100 100 98 
48 9 2
102 100 99 99 101 100 101 99 98 101 
49 5 3
98 99 99 99 101 99 102 98 100 102 
50 3 9
99 99 98 99 99 102 102 100 99 100 
51 6 2
98 99 100 100 102 99 99 99 100 100 
52 10 4
98 101 101 98 101 98 101 99 101 101 
53 5 10
102 101 101 98 101 102 99 98 98 99 
54 8 7
100 101 102 100 100 101 100 102 99 100 
55 5 5
102 100 101 101 99 100 100 100 101 101 
56 9 7
102 99 99 99 100 98 100 100 98 99 
57 5 8
99 101 99 100 98 101 102 102 98 100 
58 8 4
99 100 99 102 98 99 100 99 102 98 
59 3 8
100 99 99 100 102 100 99 98 98 101 
60 3 6
99 101 99 101 100 102 100 102 101 101 
61 6 6
99 98 99 98 100 101 102 98 102 98 
62 8 1
100 102 98 100 102 102 102 100 98 101 
63 1 8
100 100 101 100 100 99 100 98 99 98 
64 2 4
101 98 98 102 99 101 99 98 100 99 
65 1 2
100 99 101 100 102 98 98 101 98 98 
66 6 5
99 102 98 102 102 99 98 102 101 98 
67 1 10
101 99 100 100 100 100 98 98 101 98 
68 5 4
99 102 99 101 100 102 100 101 101 100 
69 6 9
98 98 100 102 100 101 98 101 102 100 
70 3 10
102 101 99 98 98 98 98 99 100 101 
71 5 5
100 102 100 99 99 102 99 100 99 101 
72 7 10
101 99 102 98 102 99 102 98 102 98 
73 3 1
100 102 101 102 101 98 101 100 102 101 
74 1 1
100 99 102 102 100 98 98 100 102 102 
75 8 6
98 99 100 98 101 98 100 99 99 98 
76 6 5
98 99 102 99 102 102 100 99 101 99 
77 3 8
102 100 102 98 99 100 98 100 101 102 
78 10 10
99 99 98 101 101 100 102 99 101 101 
79 8 3
98 99 99 101 98 101 98 99 101 99 
80 2 10
101 101 101 102 100 102 101 102 100 98 
81 5 2
102 101 102 101 100 101 100 100 98 98 
82 8 8
99 102 101 102 98 99 98 102 99 102 
83 6 9
101 98 102 99 98 101 102 99 100 101 
84 5 7
101 102 98 101 102 102 100 98 101 98 
85 2 6
101 100 99 102 101 99 101 101 99 102 
86 2 4
101 100 98 100 100 99 101 99 98 98 
87 5 3
102 100 102 100 102 99 102 98 98 99 
88 10 9
100 102 101 99 102 98 99 102 100 99 
89 2 6
98 99 99 100 99 100 102 98 99 102 
90 10 4
100 101 101 100 99 102 100 102 102 98 
91 3 1
100 101 99 98 100 102 100 102 98 98 
92 2 9
102 99 98 101 100 99 101 99 99 99 
93 6 9
100 100 102 101 102 99 101 100 99 99 
94 5 6
98 101 102 100 101 99 100 102 102 100 
95 3 4
98 98 102 100 101 102 98 101 101 99 
96 2 8
102 100 102 100 101 101 101 102 99 102 
97 9 7
100 99 99 101 98 98 99 99 101 100 
98 9 4
99 98 99 102 99 98 102 98 100 101 
99 3 1
102 100 99 98 102 98 102 99 101 100 
100 1 9
100 101 102 100 99 102 101 102 102 99 
101 2 8
99 98 102 101 101 102 99 100 99 102 
102 1 8
99 102 102 102 101 99 101 98 102 102 
103 6 3
102 101 100 98 99 101 101 101 101 102 
104 9 9
101 99 101 100 99 101 102 100 102 101 
105 5 3
99 102 102 99 101 99 98 100 99 100 
106 4 9
100 101 99 98 100 102 99 99 99 102 
107 4 10
100 102 101 101 101 100 98 99 99 99 
108 10 1
101 98 102 102 100 102 100 100 102 101 
109 5 3
98 98 98 101 102 98 102 101 102 100 
110 2 5
100 101 99 101 98 98 98 98 98 100 
111 5 1
99 100 100 101 100 99 98 102 100 100 
112 10 9
100 101 102 99 101 98 101 98 99 102 
113 4 4
102 99 101 100 98 100 100 101 99 102 
114 7 7
100 99 100 99 98 100 98 100 100 102 
115 7 6
99 102 98 102 98 99 100 102 100 98 
116 7 8
98 98 98 99 99 102 102 102 98 100 
117 8 9
102 102 98 101 98 101 102 100 102 102 
118 4 5
98 99 99 102 101 102 101 101 98 99 
119 3 7
98 99 100 100 101 98 98 102 102 101 
120 4 8
99 102 99 101 98 102 100 99 98 101 
121 3 5
101 101 102 101 102 99 99 99 101 99 
122 9 4
99 99 98 100 102 98 102 100 102 98 
123 1 2
98 98 102 100 101 100 101 101 100 101 
124 9 7
102 98 102 102 99 100 98 102 98 100 
125 7 7
100 101 102 101 101 99 102 98 99 102 
126 6 8
101 101 98 98 99 102 101 101 99 100 
127 8 5
99 102 98 100 99 101 101 98 99 102 
128 9 8
101 98 102 102 99 102 101 102 101 102 
129 7 7
98 102 102 101 99 102 102 102 101 102 
130 7 8
100 100 100 99 99 101 101 99 101 100 
131 2 5
102 99 98 100 98 101 101 100 100 101 
132 8 1
102 99 102 102 98 101 99 98 98 102 
133 7 9
100 102 98 100 101 101 101 100 102 98 
134 2 8
101 98 102 98 98 102 100 102 98 99 
135 4 9
99 100 101 99 99 102 100 98 98 100 
136 5 9
100 102 101 101 102 102 98 102 99 100 
137 10 7
99 101 100 101 99 101 99 101 98 102 
138 10 9
98 101 98 98 98 102 99 102 98 102 
139 4 10
98 101 101 100 100 102 101 101 102 101 
140 3 1
99 98 101 101 98 98 99 98 101 101 
141 9 7
102 102 98 102 101 98 98 101 99 98 
142 1 9
102 99 102 98 102 101 98 100 101 99 
143 1 1
99 101 101 99 99 99 100 98 98 98 
144 7 6
100 99 101 101 99 99 102 100 102 101 
145 3 6
101 102 100 99 98 102 100 101 102 98 
146 6 6
99 102 100 101 102 98 101 102 99 101 
147 3 5
102 99 99 98 99 98 98 102 99 102 
148 4 3
98 100 100 102 100 100 99 98 100 98 
149 6 9
98 101 100 99 99 100 100 101 98 98 
150 6 10
98 99 101 102 100 99 101 101 101 98 
151 10 3
101 99 102 100 99 102 100 100 100 98 
152 1 7
102 101 99 102 101 99 98 102 102 102 
153 6 8
100 101 100 101 101 99 100 101 100 100 
154 1 5
101 101 101 101 98 101 102 99 99 100 
155 3 6
101 101 99 101 100 99 100 99 102 102 
156 10 8
100 102 99 98 99 101 99 102 99 102 
157 5 4
102 101 102 99 100 100 99 99 98 102 
158 7 5
98 98 98 99 99 100 98 101 99 101 
159 6 5
100 101 98 98 102 98 102 102 98 98 
160 6 4
102 101 99 102 100 100 98 102 102 101 
161 6 1
100 98 98 101 102 101 102 99 99 102 
162 9 2
102 102 100 100 98 102 98 102 100 99 
163 7 7
98 101 98 102 99 100 99 101 100 99 
164 9 4
99 100 99 101 102 98 99 98 102 101 
165 8 2
100 100 101 99 98 99 100 98 102 102 
166 2 2
99 100 99 98 99 98 99 102 102 100 
167 3 4
102 101 102 99 101 99 100 100 99 100 
168 4 7
101 100 100 101 99 98 99 102 98 102 
169 8 9
102 101 100 99 98 98 102 100 98 98 
170 4 2
100 100 101 101 98 102 99 101 99 98 
171 4 1
99 99 99 99 99 101 102 100 101 101 
172 9 7
98 98 101 101 98 99 102 102 101 102 
173 5 4
101 99 102 100 99 102 100 100 101 98 
174 1 7
99 99 98 102 98 99 98 100 99 101 
175 6 9
102 99 101 101 99 102 101 99 98 100 
176 9 3
102 100 99 100 101 102 98 102 98 98 
177 9 8
99 99 98 102 102 100 101 102 102 101 
178 10 6
100 100 101 101 100 100 100 101 99 98 
179 3 5
99 100 98 100 102 99 99 99 100 101 
180 6 2
99 98 100 98 101 101 100 99 99 98 
181 2 6
102 98 98 99 100 100 100 102 99 101 
182 9 1
99 102 99 101 101 102 99 99 102 99 
183 4 4
102 98 99 100 100 102 102 100 99 102 
184 4 4
99 98 100 102 98 100 98 99 102 101 
185 2 10
100 101 98 100 99 101 100 98 98 101 
186 4 3
100 102 102 98 102 102 101 100 100 101 
187 3 8
98 102 102 102 100 98 101 98 98 98 
188 10 2
101 99 102 98 99 100 101 98 101 102 
189 1 8
102 101 100 99 101 102 101 99 98 102 
190 1 3
100 99 100 100 101 101 99 102 102 98 
191 10 1
102 102 98 100 102 98 100 98 99 102 
192 7 5
98 99 98 98 101 101 100 98 99 100 
193 5 5
98 98 101 98 100 98 100 99 102 101 
194 7 4
98 101 101 99 102 99 101 102 98 101 
195 10 9
101 101 98 102 98 102 102 101 100 102 
196 1 2
102 100 101 102 100 99 102 98 102 101 
197 4 9
99 99 102 99 100 101 102 98 101 102 
198 1 5
99 99 102 98 100 102 99 100 101 99 
199 4 2
100 100 99 101 100 102 101 102 101 100 
200 6 1
100 100 98 99 101 100 100 102 101 99 
201 2 2
100 101 98 98 102 101 99 102 100 102 
202 8 8
99 99 99 102 101 101 102 101 100 102 
203 5 7
100 99 100 100 102 102 98 99 100 98 
204 2 4
101 98 100 101 102 98 98 98 101 101 
205 7 4
99 98 99 102 100 98 100 99 101 102 
206 4 5
101 102 98 100 102 102 99 98 102 101 
207 6 1
98 98 101 101 101 102 100 99 100 98 
208 3 10
99 102 98 99 99 98 99 99 102 101 
209 5 2
100 100 101 101 100 101 99 98 101 102 
210 9 4
98 100 99 100 98 102 99 101 98 101 
211 10 2
102 100 101 98 99 102 99 98 101 99 
212 5 1
102 98 98 102 99 99 102 99 98 99 
213 2 8
98 100 98 98 101 98 102 102 102 102 
214 5 6
98 101 99 101 102 100 98 99 102 101 
215 6 1
99 98 101 101 101 102 99 101 102 99 
216 1 3
101 99 99 101 98 100 98 100 98 101 
217 1 3
98 101 101 99 99 101 99 102 98 98 
218 8 4
102 101 101 101 100 99 100 98 100 98 
219 6 1
101 99 100 101 102 98 98 100 101 101 
220 4 7
102 100 98 99 102 102 100 98 101 100 
221 7 3
98 101 102 98 102 98 98 102 101 102 
222 3 5
102 98 99 102 98 100 98 99 99 100 
223 1 1
100 100 98 100 99 99 102 100 100 101 
224 3 9
98 102 100 98 101 99 98 98 99 101 
225 10 5
98 100 98 101 99 98 101 101 102 99 
226 1 7
100 99 98 99 100 100 102 102 99 101 
227 6 7
98 98 99 99 101 101 98 99 100 101 
228 10 4
101 98 100 98 99 102 99 101 99 99 
229 3 6
98 99 102 101 100 102 102 100 102 101 
230 9 1
99 99 99 98 99 100 101 99 100 100 
231 7 4
102 102 102 98 100 99 98 100 102 102 
232 6 7
99 98 101 98 101 102 98 99 100 101 
233 2 1
101 99 99 98 99 101 99 98 102 100 
234 6 8
101 100 102 102 101 100 101 102 100 101 
235 8 3
102 102 98 101 98 101 101 101 102 98 
236 6 1
98 101 98 102 98 100 99 98 99 101 
237 6 8
98 98 99 102 98 98 101 98 98 101 
238 4 6
99 102 98 100 102 98 98 99 99 100 
239 3 7
98 99 100 101 102 102 98 99 102 102 
240 1 5
102 98 99 99 101 100 101 99 99 101 
241 6 3
99 98 101 100 101 100 101 98 101 100 
242 1 3
99 99 98 100 100 98 100 101 100 98 
243 1 8
100 101 101 101 102 102 100 100 99 98 
244 5 5
101 102 99 99 100 100 99 98 98 99 
245 9 3
102 100 98 99 100 100 102 98 99 102 
246 1 3
98 101 102 100 98 98 101 98 102 100 
247 5 4
102 100 102 99 101 100 101 102 99 98 
248 4 9
101 100 98 99 101 101 101 99 101 102 
249 9 4
102 101 99 98 100 100 102 101 102 101 
250 5 5
100 102 102 98 98 100 101 101 99 99 
251 7 2
99 99 100 102 98 100 102 99 101 98 
252 2 6
100 98 102 99 98 98 101 102 98 100 
253 5 1
99 98 98 100 101 99 101 102 102 101 
254 9 10
98 100 100 101 98 101 99 102 99 98 
255 9 2
98 99 101 100 101 102 100 102 102 102 
256 4 8
98 101 99 102 99 102 98 102 102 100 
257 3 5
101 101 101 102 98 99 100 101 102 98 
258 6 3
98 98 101 99 102 99 102 98 100 100 
259 7 9
102 102 100 101 101 100 102 99 98 102 
260 6 4
101 101 99 100 98 101 100 100 101 98 
261 10 4
102 98 98 99 100 99 99 99 100 102 
262 7 7
101 98 100 98 100 98 101 100 98 99 
263 5 6
98 101 98 101 102 102 99 101 102 99 
264 7 2
98 100 98 102 99 99 98 99 102 98 
265 3 4
100 98 98 100 102 99 102 102 98 102 
266 3 7
98 99 99 102 102 100 101 99 102 101 
267 7 4
99 99 102 100 101 99 98 98 102 100 
268 5 4
102 99 102 99 98 101 100 101 102 101 
269 10 7
100 100 100 99 100 98 99 99 102 99 
270 9 3
102 102 98 98 101 102 98 100 100 102 
271 6 1
101 100 101 102 100 100 98 102 100 98 
272 9 5
98 102 100 102 100 99 102 102 100 102 
273 10 6
98 98 98 98 102 98 98 102 98 101 
274 5 8
100 99 102 102 101 100 99 99 101 101 
275 6 2
102 99 98 101 100 99 99 98 99 99 
276 1 4
99 98 100 99 98 101 99 100 98 98 
277 10 6
102 98 99 102 101 102 100 98 98 102 
278 4 9
99 99 98 102 100 100 100 99 100 100 
279 5 5
98 98 101 100 100 100 101 101 100 102 
280 6 4
101 100 98 102 100 98 102 101 100 99 
281 8 5
101 100 100 100 102 100 99 99 102 99 
282 10 5
102 102 102 101 101 102 101 100 100 101 
283 9 10
102 102 102 99 98 101 100 101 100 98 
284 3 4
102 101 98 101 99 99 102 98 98 102 
285 2 9
98 102 100 100 98 100 101 102 99 102 
286 8 9
98 102 101 100 99 98 99 98 98 101 
287 2 3
99 100 102 99 99 100 99 100 102 99 
288 7 5
101 100 98 100 99 100 100 101 101 99 
289 7 6
101 102 100 99 102 101 98 98 99 102 
290 2 10
102 102 101 101 98 100 102 99 102 102 
291 9 8
99 98 99 99 101 102 99 102 98 99 
292 6 5
102 98 102 100 99 100 102 98 99 102 
293 1 3
101 102 101 102 101 101 100 99 98 98 
294 1 5
99 99 98 99 100 98 98 102 100 102 
295 4 6
99 102 101 102 99 101 101 102 98 101 
296 5 6
99 101 102 100 98 102 101 99 100 98 
297 8 6
98 102 99 102 101 99 102 99 101 100 
298 8 5
101 99 98 101 102 102 101 99 102 100 
299 1 10
99 98 98 102 98 102 99 100 101 102 
300 7 9
100 100 99 100 98 102 99 101 98 102 
301 9 10
101 99 100 98 99 100 102 102 102 100 
302 4 5
99 99 101 98 100 102 98 98 102 100 
303 3 10
99 99 102 99 98 100 100 98 98 98 
304 6 7
100 100 99 102 102 99 101 98 98 102 
305 8 3
101 101 102 100 100 100 101 101 98 102 
306 7 8
101 101 100 102 101 98 100 101 100 98 
307 8 4
102 100 101 102 99 101 99 100 101 99 
308 2 6
98 100 98 100 99 101 102 98 99 101 
309 7 8
98 101 100 100 99 99 98 98 98 99 
310 5 10
102 100 101 102 98 102 99 98 101 99 
311 10 8
102 101 100 100 100 98 99 100 101 101 
312 8 10
99 102 99 100 100 98 99 101 101 99 
313 8 4
98 101 99 99 99 98 101 98 99 100 
314 1 1
100 99 102 100 100 99 100 98 101 98 
315 8 6
99 98 102 99 99 101 99 102 102 100 
316 6 1
98 98 101 99 100 101 99 102 99 98 
317 2 6
102 98 99 102 99 98 102 100 99 98 
318 6 5
99 99 98 98 99 100 98 99 100 101 
319 5 7
101 98 98 98 100 100 98 99 102 99 
320 3 6
100 100 102 98 102 102 99 98 101 102 
321 6 10
99 101 98 99 99 102 100 98 99 98 
322 3 4
102 100 100 101 99 102 99 101 101 100 
323 6 6
102 101 98 100 100 101 99 99 101 101 
324 3 10
102 99 99 98 99 101 98 100 101 102 
325 7 10
99 100 102 102 99 99 99 98 102 100 
326 3 8
100 101 101 98 101 100 99 100 98 98 
327 3 8
98 98 102 101 102 100 102 98 99 98 
328 3 4
99 101 101 99 100 99 98 99 99 98 
329 4 8
100 98 102 100 100 102 99 100 102 101 
330 9 4
100 100 99 102 101 101 102 99 101 102 
331 3 7
100 102 102 99 102 101 101 101 98 100 
332 7 3
99 102 102 98 102 100 99 100 100 102 
333 4 3
102 102 101 100 101 99 98 99 100 98 
334 8 8
101 98 98 98 102 101 100 99 98 101 
335 4 10
99 102 101 98 98 101 100 102 100 98 
336 8 9
101 102 99 99 102 101 98 102 98 98 
337 10 5
99 101 100 99 100 99 100 98 100 101 
338 6 4
99 102 100 99 102 99 99 98 99 100 
339 4 8
100 101 102 102 101 98 101 99 102 101 
340 8 7
102 100 101 101 98 101 101 101 100 99 
341 7 9
102 100 98 98 99 101 98 101 99 102 
342 3 3
99 101 101 98 101 101 101 102 98 99 
343 3 1
99 99 101 98 102 98 99 98 102 99 
344 2 7
98 101 99 101 100 99 100 98 99 99 
345 2 5
102 99 101 99 98 100 99 99 98 99 
346 10 7
101 98 100 98 99 98 99 101 101 102 
347 10 8
98 99 100 99 102 98 100 101 100 100 
348 10 8
98 100 98 98 99 102 102 102 102 99 
349 10 4
99 100 101 102 100 100 99 102 99 98 
350 4 6
99 98 99 101 101 100 100 98 98 100 
351 6 2
100 102 100 99 100 102 99 101 99 98 
352 10 6
102 100 98 98 101 98 101 102 98 102 
353 5 6
99 101 98 101 98 101 102 100 102 102 
354 2 8
101 102 100 99 99 100 100 99 102 102 
355 9 3
102 101 101 99 100 102 100 102 100 102 
356 8 1
102 102 102 102 98 100 101 101 100 98 
357 5 4
102 101 99 102 100 100 101 101 98 102 
358 1 6
101 102 99 101 101 98 101 98 102 102 
359 5 10
100 102 102 102 102 102 102 99 102 101 
360 6 3
100 98 98 100 102 100 102 98 99 98 
361 6 3
99 101 100 100 102 101 102 99 100 101 
362 3 9
102 100 102 102 100 99 101 102 100 101 
363 4 9
99 101 101 102 98 101 99 99 101 98 
364 5 9
101 98 102 100 101 100 99 98 99 100 
365 2 9
102 102 102 101 102 100 99 100 100 98 
366 8 4
98 98 102 99 99 98 102 99 100 98 
367 5 9
102 98 101 100 102 102 100 101 98 99 
368 2 7
99 98 102 101 100 99 101 100 101 101 
369 6 10
98 102 99 98 100 98 101 101 100 99 
370 4 2
100 98 100 102 102 98 98 98 98 102 
371 1 8
100 102 100 99 102 100 100 99 102 101 
372 7 4
98 102 101 102 98 99 101 102 102 98 
373 4 4
100 99 98 101 98 98 100 98 102 99 
374 2 1
99 101 100 98 102 101 98 99 101 101 
375 9 1
100 99 100 99 99 100 102 101 101 102 
376 4 7
99 101 99 101 102 100 101 98 100 100 
377 3 4
99 100 100 99 101 98 101 98 99 100 
378 2 10
98 100 102 101 101 98 99 102 101 100 
379 3 10
99 101 98 102 98 102 102 101 102 101 
380 10 8
101 98 102 99 100 100 100 100 102 100 
381 4 8
100 102 101 100 100 99 99 101 99 101 
382 5 7
101 99 98 100 102 99 99 98 99 100 
383 4 10
102 99 101 101 101 101 100 100 101 98 
384 10 8
99 98 100 102 102 102 99 102 98 101 
385 9 2
102 99 101 101 101 100 100 100 101 100 
386 1 4
99 100 98 102 100 99 101 99 101 98 
387 6 10
99 101 101 101 99 101 98 101 102 98 
388 2 8
100 98 102 98 100 99 98 101 98 98 
389 5 1
101 102 101 100 98 98 99 101 102 100 
390 8 8
98 100 98 98 100 101 100 100 101 102 
391 10 7
100 98 99 98 100 99 98 99 98 101 
392 9 3
98 99 99 102 101 101 102 102 100 102 
393 10 7
101 101 101 99 102 101 102 100 98 99 
394 10 8
102 102 98 99 102 101 99 102 100 100 
395 2 1
100 98 102 99 99 98 100 99 102 101 
396 1 1
101 102 102 101 100 101 100 101 102 101 
397 1 9
101 99 98 98 98 101 99 102 101 100 
398 1 2
101 102 101 102 102 101 102 100 102 99 
399 8 8
102 100 98 102 98 100 102 98 98 99 
400 4 3
102 102 99 102 101 101 99 99 98 102 
401 8 5
102 100 102 101 101 99 100 102 101 98 
402 4 6
100 98 101 101 99 99 98 101 100 102 
403 3 6
100 101 102 100 102 99 102 101 98 101 
404 10 4
102 99 98 98 99 98 100 102 98 98 
405 10 10
101 99 100 98 98 99 99 98 98 100 
406 10 2
101 98 100 102 101 99 102 98 100 102 
407 8 5
98 102 98 100 100 99 99 98 100 98 
408 2 6
100 102 100 100 99 101 98 102 102 100 
409 1 8
101 98 102 101 99 99 102 99 99 102 
410 7 6
100 100 98 102 101 101 99 98 100 101 
411 10 1
102 102 100 101 102 100 100 102 102 102 
412 3 2
98 101 102 101 100 98 101 99 98 99 
413 2 4
102 102 98 100 98 102 100 102 98 102 
414 5 2
102 101 99 101 100 98 99 101 102 99 
415 2 9
101 100 98 101 101 101 99 100 100 101 
416 7 3
102 102 101 98 98 100 101 99 99 99 
417 1 9
100 101 99 101 102 98 101 98 102 98 
418 4 3
101 100 99 101 98 101 100 98 102 99 
419 3 7
101 98 101 99 102 98 98 99 101 101 
420 2 1
98 99 98 102 100 98 101 100 100 98 
421 8 6
101 98 100 100 99 102 101 99 99 101 
422 1 1
101 98 101 102 98 99 102 99 101 99 
423 6 1
99 102 102 99 99 100 101 102 100 98 
424 4 1
99 99 101 100 100 101 98 98 98 98 
425 5 2
100 98 100 100 101 102 102 100 98 101 
426 9 7
98 99 100 102 101 98 99 102 102 100 
427 4 7
98 101 101 99 99 98 102 98 98 101 
428 3 2
102 99 101 98 99 99 101 102 102 101 
429 9 8
101 100 99 102 102 102 100 102 98 99 
430 3 9
99 101 101 101 99 100 102 99 98 102 
431 9 7
98 101 98 99 99 99 98 100 98 101 
432 9 10
98 99 98 98 100 98 98 98 101 101 
433 1 6
100 98 101 100 102 99 98 100 102 101 
434 6 4
102 99 100 102 102 98 98 102 99 98 
435 2 6
98 99 98 99 99 99 99 98 101 102 
436 8 5
100 101 101 101 99 99 99 100 102 101 
437 9 4
99 101 98 102 98 101 98 99 100 100 
438 10 6
98 98 99 101 99 98 98 101 98 98 
439 7 9
99 98 98 100 98 98 99 99 101 101 
440 7 7
101 101 102 100 98 101 101 99 101 99 
441 7 2
99 101 99 100 99 102 98 100 99 101 
442 3 8
101 101 98 102 101 101 98 101 99 102 
443 7 3
102 99 98 102 100 101 98 98 100 101 
444 3 4
100 98 100 102 98 102 101 101 102 101 
445 5 10
102 99 101 98 100 99 102 99 100 99 
446 6 5
98 100 99 100 98 102 100 98 99 99 
447 2 7
99 102 99 100 102 101 100 98 102 100 
448 7 10
101 100 100 100 102 101 101 99 100 102 
449 9 6
98 100 98 99 101 101 102 102 102 99 
450 10 1
99 99 99 100 98 102 99 98 101 102 
451 3 3
102 98 101 101 102 101 101 100 100 98 
452 9 7
101 101 100 102 99 99 98 100 102 101 
453 10 10
100 101 102 98 100 99 98 101 101 98 
454 7 6
99 100 100 101 100 100 102 101 100 102 
455 10 9
98 102 100 98 102 102 99 99 100 101 
456 5 7
99 99 102 98 99 100 100 102 99 102 
457 4 7
101 102 99 99 101 98 102 99 100 102 
458 4 7
101 102 101 98 100 102 99 102 98 100 
459 7 9
99 101 101 101 102 99 102 100 100 98 
460 4 2
100 98 100 102 102 98 99 100 99 99 
461 5 2
98 98 98 100 102 101 98 100 101 101 
462 6 5
99 99 101 102 101 100 100 99 102 99 
463 6 4
101 101 100 102 102 99 98 102 101 100 
464 9 10
98 102 99 98 102 102 102 101 100 101 
465 5 4
100 99 99 99 102 101 99 100 100 98 
466 2 2
101 100 101 101 99 99 100 102 100 98 
467 5 8
99 102 98 102 102 99 100 99 100 98 
468 5 7
101 100 98 98 100 99 102 100 98 102 
469 6 8
98 100 101 98 100 100 102 102 101 99 
470 1 10
100 102 98 99 102 99 102 100 98 102 
471 6 5
98 102 99 101 101 99 100 98 101 98 
472 6 9
102 102 102 101 98 99 100 100 98 98 
473 4 2
101 100 101 102 101 101 101 102 100 100 
474 10 3
101 99 101 102 101 101 102 100 98 101 
475 3 8
99 100 98 99 102 98 100 102 98 100 
476 4 9
101 102 102 100 99 98 98 99 99 101 
477 1 2
101 102 102 98 102 101 101 98 98 98 
478 4 7
100 100 99 102 98 99 98 101 100 102 
479 1 1
98 100 100 101 100 100 98 101 102 99 
480 4 9
102 99 99 100 101 102 98 99 100 99 
481 3 10
98 100 102 100 102 99 101 102 102 100 
482 5 4
99 99 99 98 100 98 99 102 101 100 
483 9 10
101 101 100 100 100 102 99 100 100 98 
484 2 2
102 99 100 101 101 99 99 98 101 98 
485 6 3
98 101 101 98 98 101 102 102 102 99 
486 4 2
99 98 98 98 100 101 99 99 98 101 
487 2 9
99 98 101 99 98 99 102 100 102 102 
488 10 1
101 102 99 100 100 102 98 101 99 98 
489 9 7
101 99 100 98 102 99 102 101 101 100 
490 10 1
98 98 100 98 98 99 100 98 100 98 
491 8 6
99 102 98 101 102 99 99 102 100 98 
492 6 5
99 99 100 99 98 101 99 99 102 98 
493 4 2
100 98 99 99 100 98 99 101 102 102 
494 9 6
98 102 99 102 98 101 98 101 102 102 
495 1 6
101 99 101 102 100 99 98 99 101 99 
496 10 1
101 101 101 100 100 102 100 102 101 101 
497 9 1
100 99 102 101 98 99 98 101 100 101 
498 8 7
99 102 102 102 100 102 102 98 102 98 
499 8 2
102 102 100 102 98 100 98 102 101 99 

