50 10 994
0 4 7
107 105 103 105 96 102 99 91 92 97 
1 1 10
93 96 90 96 102 106 101 98 97 99 
2 3 1
92 93 97 105 99 92 92 108 99 97 
3 4 7
101 92 99 103 91 109 94 107 108 94 
4 6 1
103 96 101 90 106 103 92 100 106 91 
5 6 6
94 97 106 95 96 99 103 107 94 105 
6 3 6
104 97 104 94 93 100 97 98 106 108 
7 9 5
93 101 104 109 102 90 106 98 109 102 
8 7 7
104 109 105 100 104 108 97 91 107 92 
9 8 3
102 106 91 90 96 91 95 99 94 109 
10 1 10
101 107 107 101 91 105 99 97 97 106 
11 8 4
96 95 96 93 109 94 98 101 102 99 
12 4 10
100 98 98 105 90 99 106 93 108 95 
13 7 2
91 105 109 98 94 98 91 100 103 90 
14 5 5
94 104 97 106 93 101 97 95 109 106 
15 3 2
107 98 105 97 104 91 108 105 99 107 
16 6 4
108 98 93 101 98 99 106 94 93 93 
17 4 9
96 90 94 108 98 98 99 107 107 106 
18 5 4
100 93 100 109 102 95 94 100 95 109 
19 5 7
99 92 92 94 107 97 105 94 98 101 
20 3 9
109 93 96 98 90 92 101 100 95 91 
21 2 1
108 95 90 106 94 96 92 95 98 106 
22 3 9
94 107 92 94 90 106 102 109 109 100 
23 9 2
103 101 91 100 103 104 90 93 109 91 
24 10 7
109 103 103 98 100 105 96 96 94 90 
25 1 5
106 92 106 97 95 106 109 108 97 102 
26 9 3
109 99 106 100 92 97 96 91 103 102 
27 2 6
109 109 91 94 109 101 90 97 95 98 
28 8 1
94 108 90 94 92 99 106 91 100 94 
29 3 3
102 100 95 95 92 109 90 92 108 103 
30 9 1
94 100 99 91 109 106 102 105 104 94 
31 10 10
103 106 100 105 90 92 109 94 103 95 
32 2 8
94 103 91 104 96 109 94 92 92 96 
33 5 2
92 98 98 99 102 98 108 108 106 98 
34 4 9
93 103 103 98 100 104 97 96 98 99 
35 1 7
98 107 99 100 93 103 93 107 103 102 
36 7 6
102 106 105 98 107 99 106 90 104 91 
37 1 5
98 97 100 98 106 92 104 107 109 93 
38 10 3
98 93 90 91 97 108 109 101 105 104 
39 10 3
105 97 94 99 99 94 95 99 93 105 
40 8 1
108 101 99 99 97 98 102 105 93 94 
41 10 1
92 90 91 99 96 102 91 92 90 107 
42 4 2
91 99 100 95 106 97 107 104 100 96 
43 5 8
104 98 95 108 102 96 90 96 96 104 
44 7 3
108 99 96 100 97 100 101 90 101 103 
45 8 8
102 96 104 105 102 100 102 109 100 99 
46 10 5
105 91 90 103 97 98 108 96 100 94 
47 7 8
96 90 99 107 95 109 107 108 95 93 
48 4 9
103 107 99 93 97 108 107 104 101 99 
49 1 10
108 108 95 98 104 103 107 91 103 108 

