500 10 24999
0 91 20
101 98 99 101 102 100 98 100 100 102 
1 50 94
100 102 102 101 100 98 100 100 102 98 
2 68 92
98 98 99 101 101 99 100 100 99 99 
3 53 78
101 100 100 100 101 99 98 98 99 102 
4 91 76
102 98 102 99 98 99 102 101 101 98 
5 87 63
101 99 99 99 100 101 99 98 100 101 
6 11 46
102 98 100 100 100 102 98 101 102 102 
7 100 63
101 98 100 99 100 101 98 98 99 99 
8 70 66
99 98 101 101 101 101 98 102 101 100 
9 10 78
100 99 99 101 100 100 100 98 101 102 
10 90 93
98 102 98 99 101 102 100 99 99 100 
11 61 32
98 98 98 98 98 99 101 100 100 102 
12 23 73
99 98 102 99 99 101 102 99 98 99 
13 76 46
98 102 99 99 99 101 100 99 99 102 
14 24 32
101 99 98 100 100 100 102 99 102 102 
15 85 72
102 98 102 99 99 102 99 99 101 98 
16 25 97
101 101 102 99 101 101 100 99 102 102 
17 9 20
102 98 98 101 102 102 99 98 98 99 
18 58 77
100 98 98 101 98 99 102 99 98 102 
19 58 49
102 100 99 101 99 99 102 98 99 102 
20 72 3
99 100 101 101 98 100 102 98 100 99 
21 99 74
101 102 99 101 101 101 101 100 100 99 
22 24 60
100 100 99 99 102 102 98 98 102 98 
23 19 65
100 102 102 98 101 102 98 99 102 99 
24 47 30
99 99 100 102 100 100 98 102 99 99 
25 58 71
99 98 100 98 98 98 99 101 100 101 
26 56 51
100 100 99 99 98 102 99 99 98 98 
27 81 18
102 98 101 98 102 101 101 100 101 98 
28 20 4
101 98 101 98 98 98 98 101 102 101 
29 32 95
102 102 99 102 99 101 101 100 99 101 
30 4 78
99 101 102 99 101 101 100 99 98 98 
31 24 37
101 98 99 102 101 102 102 100 99 100 
32 99 68
100 101 100 101 100 98 98 98 98 99 
33 18 74
102 99 100 100 101 100 101 99 101 99 
34 17 87
100 100 99 101 102 99 101 99 98 98 
35 68 80
100 102 99 100 99 101 98 100 102 102 
36 42 89
100 99 99 100 100 102 98 98 99 99 
37 76 58
98 101 99 100 101 101 99 100 102 100 
38 5 88
101 100 100 102 99 101 102 98 98 101 
39 58 5
100 98 102 99 99 100 98 101 98 99 
40 36 17
99 101 101 99 101 101 98 101 100 100 
41 55 51
99 99 99 101 102 98 100 101 98 102 
42 12 5
99 100 102 101 101 100 102 100 100 98 
43 79 53
101 98 98 98 101 100 100 99 101 98 
44 85 35
99 101 102 101 100 99 102 98 98 99 
45 5 36
101 101 100 98 101 100 101 101 101 98 
46 46 92
100 101 102 100 101 98 99 99 101 99 
47 23 94
102 101 101 102 102 100 102 100 99 102 
48 1 52
99 98 100 102 98 100 100 98 100 101 
49 60 94
101 99 102 100 102 101 98 98 100 101 
50 37 32
101 100 99 99 99 99 100 101 99 102 
51 15 39
102 100 98 101 98 98 99 99 101 101 
52 41 60
99 98 102 101 98 100 98 101 102 99 
53 70 82
102 102 99 100 98 98 98 99 102 101 
54 6 98
101 99 98 101 102 98 100 99 98 101 
55 17 93
98 99 101 102 102 102 100 101 98 101 
56 86 62
99 101 100 100 99 100 99 99 99 99 
57 60 8
101 99 98 98 102 100 101 102 98 101 
58 56 11
100 101 98 98 101 99 99 99 99 98 
59 32 48
98 102 101 99 101 102 98 99 100 99 
60 8 59
101 100 102 101 98 102 98 102 102 99 
61 65 96
102 98 101 98 101 102 102 101 102 102 
62 77 20
101 99 98 98 100 100 101 100 102 100 
63 84 82
101 101 99 101 99 98 98 98 101 101 
64 83 54
101 99 99 102 98 100 101 98 98 98 
65 78 46
101 98 100 102 102 98 99 98 99 102 
66 39 30
99 98 100 99 101 102 102 99 101 100 
67 83 1
102 100 99 100 101 101 100 101 99 102 
68 28 73
100 98 100 98 102 100 102 101 100 99 
69 75 84
101 102 102 99 99 102 99 101 99 102 
70 11 85
98 102 100 101 101 100 100 100 100 98 
71 35 35
102 102 100 102 100 101 100 98 100 101 
72 79 42
102 100 99 99 99 101 100 101 100 100 
73 97 93
102 102 98 101 99 102 100 100 98 99 
74 82 19
98 98 98 102 99 102 100 98 99 101 
75 39 10
99 99 101 101 101 102 101 102 98 98 
76 98 37
99 100 102 100 101 100 100 98 98 102 
77 98 7
98 102 101 99 101 100 101 99 98 101 
78 93 76
102 98 102 98 98 99 101 99 98 100 
79 31 7
100 102 99 100 102 98 98 102 98 101 
80 24 26
100 99 99 100 102 101 100 101 98 99 
81 56 96
98 102 102 100 101 102 101 98 102 100 
82 18 6
100 100 102 100 99 100 102 101 98 99 
83 19 55
99 98 98 100 102 100 102 99 99 98 
84 89 96
98 102 98 99 99 98 99 98 100 100 
85 21 91
98 102 99 98 100 99 100 102 101 102 
86 59 95
99 102 98 101 98 99 98 100 100 100 
87 16 74
100 101 101 100 98 98 102 98 98 100 
88 69 68
101 98 101 100 102 101 101 100 101 102 
89 63 46
100 100 100 102 98 102 102 102 100 102 
90 94 58
98 101 98 100 98 101 99 99 101 98 
91 71 25
98 101 101 98 102 99 98 101 98 102 
92 13 48
101 101 100 100 101 98 98 98 98 98 
93 23 79
101 101 102 101 98 99 102 99 99 100 
94 94 32
98 102 102 99 98 102 101 99 100 100 
95 89 68
101 101 100 98 98 99 101 98 100 102 
96 44 63
98 102 98 100 102 99 98 102 100 99 
97 98 33
98 99 101 98 101 102 102 101 102 102 
98 10 66
98 100 98 102 102 99 102 99 98 99 
99 71 62
100 98 101 102 100 98 100 102 99 100 
100 12 53
101 99 98 101 98 99 101 100 99 98 
101 10 41
99 101 99 102 102 100 98 100 102 101 
102 54 74
99 98 98 102 98 99 99 101 102 102 
103 14 37
100 99 102 101 100 101 101 98 101 100 
104 20 93
99 100 99 98 100 98 99 101 100 99 
105 9 13
102 99 101 102 100 99 98 98 98 99 
106 4 70
102 102 102 100 101 99 100 102 101 101 
107 77 38
101 102 99 99 98 99 98 98 102 98 
108 70 28
102 102 102 102 99 102 101 100 98 102 
109 23 54
98 102 102 98 102 101 101 101 100 99 
110 2 34
102 101 98 98 102 102 100 101 98 101 
111 98 94
101 100 101 101 101 100 102 102 101 101 
112 92 63
99 99 100 99 102 101 102 101 100 99 
113 67 54
100 101 99 102 102 98 98 100 102 101 
114 68 73
98 99 101 98 100 100 100 98 101 98 
115 42 54
98 100 101 102 101 102 100 100 98 101 
116 83 57
98 100 101 102 98 100 102 100 99 102 
117 13 9
99 99 98 98 99 102 98 102 99 98 
118 94 38
100 99 102 102 99 101 98 102 98 98 
119 41 3
100 102 99 101 102 98 101 98 100 102 
120 68 46
98 102 102 99 98 98 98 102 99 100 
121 84 100
100 98 98 101 98 99 100 100 98 102 
122 9 2
102 99 102 99 100 101 100 100 101 101 
123 2 31
101 101 102 99 100 102 101 98 102 101 
124 26 97
102 100 101 100 99 101 101 99 100 102 
125 30 52
101 99 102 101 100 100 101 98 100 102 
126 70 6
98 100 100 102 98 100 98 98 102 98 
127 68 57
99 100 102 101 100 101 102 100 100 98 
128 41 100
102 98 99 100 102 98 102 102 100 99 
129 41 19
98 100 101 102 102 100 98 98 99 99 
130 41 26
98 98 100 100 100 102 99 102 102 100 
131 84 79
101 102 102 98 100 102 98 100 99 98 
132 2 82
100 102 99 99 98 100 99 98 102 99 
133 100 39
98 98 102 98 98 100 101 98 99 101 
134 98 74
102 101 98 99 101 102 100 101 98 98 
135 60 46
102 100 101 98 101 100 99 102 101 98 
136 5 76
98 102 98 99 102 100 100 102 98 102 
137 8 32
98 99 99 98 99 98 99 101 100 102 
138 51 32
101 99 100 101 100 99 101 100 100 98 
139 76 90
101 102 101 98 99 98 101 99 101 102 
140 73 37
102 98 102 102 99 98 100 102 101 99 
141 61 98
102 101 99 99 102 102 98 102 101 98 
142 82 87
100 98 101 98 102 100 100 99 102 101 
143 13 83
98 99 101 102 100 101 99 99 102 98 
144 80 16
102 100 102 102 100 100 99 98 100 99 
145 8 5
101 102 100 102 98 102 99 98 100 102 
146 37 40
98 98 100 102 98 99 102 102 101 98 
147 84 99
100 102 98 98 100 100 99 98 102 101 
148 92 45
102 102 102 99 102 101 100 99 101 102 
149 31 14
100 99 100 99 99 100 99 101 102 99 
150 66 62
101 101 102 100 99 98 101 98 98 101 
151 9 22
101 98 100 99 102 102 102 100 98 101 
152 81 89
98 99 101 102 100 99 101 98 102 100 
153 61 97
100 101 101 102 101 100 100 99 100 99 
154 83 10
98 101 101 100 99 98 100 102 99 99 
155 11 6
100 101 100 99 98 100 102 98 101 98 
156 97 67
102 102 98 101 98 102 100 101 101 100 
157 86 7
100 101 98 101 99 101 98 101 99 101 
158 22 40
100 101 99 98 98 100 100 102 99 102 
159 88 45
101 100 100 99 102 102 98 100 102 100 
160 33 16
98 98 98 102 101 102 101 98 102 99 
161 32 90
101 98 101 100 102 100 101 102 102 98 
162 77 62
99 101 98 99 98 102 101 99 102 102 
163 36 63
98 98 98 102 99 99 98 99 101 98 
164 36 45
100 101 101 102 98 99 100 100 102 100 
165 69 98
99 101 101 99 102 98 98 102 100 98 
166 1 89
101 98 99 99 100 102 100 100 100 101 
167 12 34
102 101 100 99 100 100 101 101 98 101 
168 52 56
101 100 99 98 100 100 98 99 102 101 
169 45 78
100 100 102 100 98 100 100 99 100 102 
170 95 65
99 102 102 101 100 99 101 100 98 100 
171 40 35
102 99 98 98 98 100 100 102 99 101 
172 72 54
98 101 99 100 102 99 101 100 98 101 
173 47 41
99 99 100 99 101 100 98 102 101 101 
174 86 81
98 102 100 101 101 101 101 98 102 102 
175 31 56
100 101 101 101 101 99 101 102 102 98 
176 51 89
102 99 102 98 99 102 98 101 99 100 
177 67 85
101 102 99 102 98 99 102 101 98 102 
178 57 74
100 99 98 100 101 98 100 98 101 99 
179 61 30
101 98 100 102 98 98 98 98 99 99 
180 100 83
101 98 98 98 100 101 98 102 99 98 
181 52 95
99 101 102 99 100 102 99 98 100 98 
182 100 5
99 102 102 100 98 98 99 98 98 99 
183 1 75
99 99 102 100 101 98 102 102 99 101 
184 34 99
98 99 101 102 99 102 101 102 98 102 
185 50 46
102 98 101 99 102 98 99 98 99 98 
186 26 63
100 102 99 98 102 99 101 102 100 101 
187 96 92
100 98 98 100 102 99 98 98 100 101 
188 25 19
101 98 98 100 100 98 102 99 102 100 
189 68 85
99 100 98 101 99 101 102 98 101 100 
190 49 31
101 98 100 100 98 99 98 98 99 101 
191 98 66
101 101 102 98 101 99 99 102 98 99 
192 90 37
99 102 100 98 99 100 100 99 100 102 
193 40 53
99 99 100 102 102 100 100 98 100 99 
194 76 6
102 99 99 102 102 99 99 101 100 98 
195 6 74
100 100 99 102 99 100 101 102 102 100 
196 62 81
102 101 100 102 102 102 99 101 100 101 
197 83 50
99 98 100 101 98 100 101 102 102 102 
198 56 33
100 101 102 101 99 98 98 100 101 101 
199 77 40
102 101 102 100 101 101 99 102 102 101 
200 48 67
100 100 99 101 99 101 100 98 100 99 
201 16 1
99 99 100 99 99 99 100 98 99 99 
202 20 90
98 98 98 99 98 102 100 100 99 98 
203 36 15
102 101 98 101 99 98 101 98 101 100 
204 7 35
98 102 100 101 98 99 100 100 102 102 
205 44 100
101 99 102 99 101 102 99 102 102 99 
206 73 22
101 100 99 100 100 102 101 100 98 98 
207 22 89
102 98 98 101 100 102 102 98 100 101 
208 98 63
98 101 100 102 99 99 100 102 102 101 
209 12 12
98 100 98 98 102 101 101 101 99 102 
210 59 69
98 101 98 100 99 102 99 99 100 101 
211 24 61
98 98 98 99 99 101 102 99 98 102 
212 97 93
101 100 98 102 101 99 102 101 102 102 
213 98 28
102 101 99 101 102 102 102 99 99 99 
214 88 23
99 99 98 102 100 102 99 100 99 101 
215 34 85
102 100 102 101 100 101 101 99 99 102 
216 67 93
98 98 101 99 101 98 99 98 101 99 
217 87 22
100 100 98 101 98 102 102 98 99 98 
218 46 51
101 98 101 100 102 98 102 99 100 101 
219 36 77
98 99 101 102 102 102 100 100 101 100 
220 8 36
101 102 100 100 102 98 100 101 98 99 
221 76 18
101 99 101 98 102 98 101 98 101 101 
222 22 34
102 98 100 100 102 99 98 101 98 100 
223 41 13
102 102 100 98 100 102 100 98 98 100 
224 74 46
101 101 100 99 100 98 99 101 100 98 
225 89 67
100 101 99 102 100 99 99 100 99 101 
226 55 64
100 99 99 98 98 99 100 98 102 99 
227 8 44
99 98 100 98 99 98 99 98 98 101 
228 15 25
99 99 99 100 99 100 101 99 101 99 
229 92 57
100 101 99 99 99 98 98 102 99 102 
230 10 78
99 98 100 99 98 101 98 100 102 102 
231 97 14
99 99 102 100 100 100 98 102 100 99 
232 24 4
100 98 100 98 102 101 102 100 101 101 
233 6 32
99 100 98 101 99 99 99 98 98 100 
234 20 33
99 102 102 101 100 102 101 99 102 100 
235 47 96
98 98 100 98 101 100 99 98 99 99 
236 29 34
98 99 98 100 101 99 102 102 98 98 
237 40 23
102 102 99 98 99 100 98 99 101 102 
238 99 84
101 100 101 98 101 101 98 98 102 100 
239 38 25
101 102 98 98 99 102 102 101 101 98 
240 84 37
101 99 102 101 100 101 99 99 98 100 
241 84 91
98 98 101 100 100 98 99 100 99 100 
242 38 14
101 99 99 102 100 99 98 100 100 98 
243 51 1
101 99 101 98 101 101 98 99 101 101 
244 49 18
99 99 99 100 98 101 100 102 102 98 
245 74 4
100 98 98 99 98 98 101 98 102 99 
246 1 28
99 99 101 102 99 101 101 100 98 102 
247 63 66
102 102 99 99 100 99 102 102 100 100 
248 93 15
100 99 98 101 102 98 99 99 101 99 
249 48 28
100 99 102 100 100 101 102 100 98 101 
250 9 3
102 102 101 101 99 98 98 99 99 98 
251 85 57
100 100 102 101 99 99 98 101 100 99 
252 66 93
98 99 102 100 102 102 102 99 101 100 
253 77 93
102 99 101 101 99 102 102 99 100 98 
254 65 9
99 99 99 99 100 101 101 102 102 102 
255 37 52
98 100 100 101 99 101 100 99 100 100 
256 15 36
100 98 99 99 98 100 102 99 98 100 
257 80 16
100 100 102 99 101 101 102 101 98 99 
258 15 43
100 99 98 99 102 102 99 101 99 98 
259 5 64
100 98 102 101 100 102 98 102 101 102 
260 33 25
102 100 100 100 98 101 99 102 100 99 
261 71 74
100 102 99 101 102 100 99 99 100 100 
262 72 50
101 99 98 102 101 102 101 102 99 100 
263 12 10
99 100 101 98 98 99 101 100 98 99 
264 91 75
101 101 100 98 99 99 99 99 102 99 
265 26 80
100 101 102 102 101 100 101 99 98 101 
266 97 53
99 102 98 99 100 100 98 98 99 98 
267 78 35
99 101 98 98 99 99 98 101 99 99 
268 15 75
101 102 98 98 101 99 101 102 100 98 
269 89 72
100 98 99 101 98 98 100 101 101 101 
270 85 32
99 99 100 100 102 99 102 100 99 99 
271 56 12
98 98 100 100 98 100 99 100 101 102 
272 42 56
98 98 102 98 98 101 100 101 99 99 
273 9 36
100 100 102 98 101 102 101 101 102 101 
274 94 10
98 102 102 98 98 100 99 98 100 98 
275 17 61
98 98 101 99 99 99 101 98 101 100 
276 34 65
100 101 102 101 101 102 98 99 101 102 
277 7 42
99 100 99 98 102 102 100 102 99 99 
278 91 13
100 101 98 101 99 98 102 98 98 101 
279 16 40
101 98 98 101 99 101 102 102 101 101 
280 88 8
100 102 100 102 98 100 101 98 101 98 
281 26 32
100 102 101 101 102 101 102 102 99 99 
282 76 28
102 99 102 100 102 99 98 102 98 102 
283 49 49
101 101 98 99 99 100 102 101 101 100 
284 54 8
101 100 102 102 98 102 101 98 98 100 
285 95 73
98 99 99 101 98 99 101 102 99 101 
286 68 3
98 100 101 101 99 99 100 99 102 101 
287 11 82
100 99 101 98 98 101 102 101 99 100 
288 12 78
101 102 101 99 102 98 102 99 102 100 
289 30 29
98 101 102 102 100 100 101 99 98 99 
290 39 61
102 100 101 101 102 99 100 102 98 98 
291 7 12
100 100 100 102 102 101 100 102 100 101 
292 77 17
98 99 100 98 100 99 101 102 98 99 
293 58 36
98 102 102 98 99 100 100 101 102 102 
294 25 11
98 99 100 100 98 98 101 100 99 100 
295 76 84
98 101 102 99 99 99 101 99 98 102 
296 40 7
100 101 100 101 102 99 99 102 98 101 
297 27 58
98 99 102 99 99 102 99 99 102 99 
298 25 67
102 102 102 98 102 101 101 101 99 100 
299 94 12
102 102 98 99 100 102 101 102 98 102 
300 63 49
99 102 100 98 100 99 101 99 101 101 
301 4 18
101 102 100 98 99 98 101 100 98 101 
302 94 25
100 101 102 98 101 99 101 99 100 100 
303 42 87
102 100 101 100 98 101 99 101 100 101 
304 11 32
98 101 98 100 102 102 100 99 102 101 
305 24 40
99 102 98 102 99 100 98 100 99 98 
306 82 62
99 100 99 98 100 100 99 98 100 102 
307 73 2
98 99 98 102 102 101 102 99 102 102 
308 78 92
101 102 101 102 100 100 100 101 102 102 
309 46 65
101 102 99 100 101 101 102 101 98 102 
310 43 37
102 101 100 102 101 99 100 101 99 100 
311 51 51
102 100 98 99 101 98 98 101 102 99 
312 82 80
99 98 100 101 99 100 98 98 100 100 
313 42 58
99 101 99 102 99 99 102 98 98 102 
314 82 85
99 101 100 101 99 101 100 101 98 100 
315 37 99
99 99 102 101 99 98 99 102 99 102 
316 34 53
98 100 102 98 101 99 99 102 102 102 
317 93 59
102 100 99 100 99 102 98 100 101 99 
318 18 42
102 101 98 98 100 101 102 102 100 101 
319 6 53
102 99 99 99 100 99 102 102 98 100 
320 37 47
101 101 101 99 98 98 102 102 99 102 
321 12 19
102 98 98 101 101 98 98 98 101 102 
322 57 19
100 100 100 100 99 98 98 102 101 98 
323 4 6
100 100 99 101 102 102 102 101 102 102 
324 15 26
99 99 100 99 98 98 102 102 100 101 
325 17 96
101 99 102 102 101 100 99 99 100 98 
326 40 7
102 98 99 99 99 98 101 100 100 98 
327 50 90
98 98 102 102 102 100 102 102 99 98 
328 6 70
98 102 98 100 102 100 98 98 100 99 
329 97 85
102 102 101 99 99 102 100 99 98 99 
330 98 42
99 99 100 100 102 98 99 102 102 102 
331 44 61
101 101 100 98 99 102 99 98 98 100 
332 94 50
99 99 100 101 102 98 99 98 101 99 
333 38 3
99 99 101 100 100 99 102 98 99 99 
334 63 24
100 99 101 98 101 100 102 99 98 99 
335 93 70
101 98 98 100 99 102 99 102 98 100 
336 24 70
101 102 102 100 99 100 98 98 101 98 
337 93 2
102 99 102 102 98 99 102 98 100 99 
338 48 91
98 99 98 101 101 101 100 101 101 102 
339 96 7
99 100 101 102 98 99 100 102 102 101 
340 17 47
98 100 100 102 101 99 102 98 100 102 
341 61 43
98 101 99 98 100 101 101 98 99 101 
342 72 7
99 98 100 99 101 101 102 98 100 99 
343 10 76
98 99 101 100 100 101 98 100 99 101 
344 95 71
99 102 100 102 101 101 98 102 101 98 
345 8 65
98 100 102 101 98 99 101 98 100 99 
346 56 65
100 100 102 98 98 101 99 101 98 98 
347 54 69
102 98 102 102 98 100 98 99 99 98 
348 2 87
99 99 102 98 98 99 102 100 98 98 
349 43 43
102 98 98 102 99 101 102 100 99 101 
350 87 42
100 100 102 101 102 100 100 100 102 101 
351 93 55
102 101 99 102 102 101 101 98 99 101 
352 82 43
102 100 102 98 98 98 101 101 102 98 
353 94 1
100 100 100 101 98 99 100 99 100 98 
354 23 87
99 98 101 100 102 99 102 101 101 98 
355 81 59
100 98 101 100 98 102 100 98 99 100 
356 74 23
101 101 101 100 101 99 101 99 101 101 
357 84 33
102 102 100 100 102 102 101 100 98 101 
358 97 3
100 98 100 102 102 101 99 101 99 99 
359 8 87
102 101 98 101 99 98 100 99 98 98 
360 41 27
102 98 98 99 102 99 102 99 102 101 
361 91 89
99 101 99 102 100 99 101 99 102 101 
362 92 36
101 102 101 98 102 99 100 98 99 100 
363 90 56
99 101 100 98 99 102 101 98 101 100 
364 5 11
101 102 101 100 100 98 100 101 102 101 
365 64 16
102 98 100 98 98 99 99 99 99 98 
366 17 66
102 102 98 102 99 99 99 99 99 100 
367 39 21
100 101 101 101 99 100 98 100 102 100 
368 58 45
99 98 100 102 100 101 99 102 98 99 
369 56 89
98 100 98 101 102 98 101 101 101 100 
370 59 92
99 101 101 98 100 101 100 101 98 102 
371 91 34
98 99 102 100 98 102 98 100 101 100 
372 96 15
98 101 100 98 100 98 100 101 101 100 
373 77 74
98 101 101 101 102 101 101 102 100 100 
374 52 63
99 102 99 98 101 99 102 101 99 102 
375 60 87
102 101 99 98 98 100 101 101 100 101 
376 7 8
100 102 99 102 99 101 101 102 102 102 
377 90 68
100 99 99 98 98 100 99 99 98 101 
378 69 86
100 99 101 98 98 99 100 102 98 98 
379 86 44
98 98 101 102 99 102 100 98 98 98 
380 51 61
100 100 100 100 100 98 102 102 102 101 
381 52 7
102 98 100 100 99 100 100 99 102 98 
382 84 51
98 100 98 100 100 100 101 99 102 100 
383 14 4
102 102 98 98 100 99 101 102 102 98 
384 34 26
102 98 101 101 101 101 98 98 98 100 
385 78 5
98 100 100 99 99 100 100 99 100 100 
386 44 95
98 100 98 102 102 98 99 102 99 100 
387 15 67
98 100 99 101 99 101 102 99 101 100 
388 91 35
102 100 100 99 99 99 101 99 101 101 
389 69 98
99 99 101 100 101 98 98 99 100 99 
390 2 14
99 98 100 102 100 100 99 100 99 101 
391 81 38
102 101 98 102 102 98 102 98 102 102 
392 50 33
102 102 98 101 100 99 102 101 100 99 
393 26 67
98 101 98 99 99 99 98 101 99 100 
394 50 71
98 98 100 102 98 101 101 99 100 102 
395 81 77
98 102 100 102 100 102 99 100 100 99 
396 26 16
100 100 101 102 99 98 99 99 98 102 
397 53 98
102 99 102 102 100 99 98 100 100 100 
398 15 40
101 100 101 98 101 101 99 101 100 99 
399 70 34
99 100 100 102 101 102 99 101 100 100 
400 78 65
101 100 102 98 100 101 99 98 98 102 
401 74 71
102 99 101 99 100 102 100 99 100 102 
402 16 31
98 101 101 101 99 98 102 99 98 101 
403 45 65
101 98 99 101 98 102 99 102 98 99 
404 84 16
99 98 101 98 99 101 98 101 101 99 
405 84 100
101 101 101 101 101 100 100 100 100 99 
406 3 58
98 101 102 101 98 102 98 101 99 101 
407 44 18
99 101 100 99 99 99 99 98 99 102 
408 56 35
99 101 99 98 102 99 101 99 102 102 
409 7 42
101 99 102 102 102 102 101 100 98 100 
410 65 72
98 100 99 99 101 100 101 102 100 102 
411 22 84
98 99 99 100 98 101 101 98 102 98 
412 77 85
102 99 101 102 102 100 99 102 102 102 
413 34 73
99 99 101 98 98 98 98 101 101 100 
414 98 80
98 100 99 99 100 101 100 102 99 99 
415 24 96
101 99 100 98 101 98 102 99 99 98 
416 23 39
100 100 99 98 102 98 99 99 101 101 
417 59 63
101 98 99 102 99 100 100 100 98 102 
418 75 84
102 101 98 100 98 102 98 100 99 102 
419 11 84
102 99 99 102 99 102 100 99 98 101 
420 19 29
100 98 100 101 99 99 99 100 100 101 
421 85 43
100 102 100 99 98 100 99 98 98 100 
422 85 35
100 99 98 102 100 98 102 102 100 100 
423 80 49
101 99 100 100 99 101 100 102 101 102 
424 36 96
101 101 98 98 98 100 102 102 98 100 
425 9 78
100 98 102 98 100 101 98 100 99 101 
426 56 34
99 100 102 99 101 99 100 99 102 102 
427 59 55
99 101 99 100 98 99 99 100 99 100 
428 50 34
101 98 101 102 98 98 102 99 102 101 
429 26 43
99 100 98 98 101 101 100 98 101 101 
430 35 19
102 98 101 99 98 100 99 101 102 99 
431 25 25
99 99 101 98 99 101 102 101 100 99 
432 59 81
98 100 100 101 98 99 102 100 102 102 
433 26 20
101 99 102 101 98 101 102 99 102 100 
434 65 47
100 98 99 99 100 102 100 102 100 102 
435 45 80
101 101 99 100 102 99 101 101 98 100 
436 99 41
100 100 101 102 100 102 100 99 100 101 
437 14 90
100 100 101 99 101 102 99 99 98 102 
438 56 55
99 98 100 101 100 100 98 100 100 101 
439 72 57
98 101 100 100 101 100 101 100 99 101 
440 60 76
100 100 101 100 99 99 100 102 99 99 
441 53 52
102 102 101 101 101 99 102 98 99 101 
442 73 75
99 100 99 102 98 98 102 100 102 98 
443 16 74
99 102 100 100 98 100 101 99 99 99 
444 45 97
102 98 101 98 102 100 102 100 102 99 
445 87 65
101 101 100 101 101 102 99 102 101 98 
446 99 24
102 100 100 101 98 101 99 98 102 98 
447 66 51
100 98 102 100 101 98 101 99 101 98 
448 32 39
102 102 100 100 98 101 101 99 98 100 
449 100 16
98 101 100 99 101 101 99 100 98 100 
450 30 99
101 101 99 101 98 101 102 100 100 101 
451 77 80
99 102 99 99 101 100 102 102 100 99 
452 48 76
99 99 101 101 101 102 99 99 102 98 
453 28 73
101 99 102 100 102 98 100 99 100 98 
454 100 51
102 101 102 100 100 102 102 98 98 102 
455 50 34
102 100 98 98 100 102 100 100 98 101 
456 71 47
102 100 102 99 102 102 101 101 102 98 
457 13 29
102 100 102 102 99 98 100 100 102 102 
458 31 83
101 102 102 98 101 99 102 100 98 101 
459 41 65
102 101 101 102 98 100 100 102 102 101 
460 99 64
98 101 100 98 100 100 102 101 100 98 
461 74 31
100 100 102 100 101 99 100 100 99 100 
462 72 43
102 99 101 102 99 100 102 100 100 99 
463 18 75
102 99 100 101 99 101 98 98 100 99 
464 34 76
100 100 101 98 102 99 102 101 102 101 
465 40 34
100 101 98 102 100 102 101 99 100 101 
466 22 86
99 99 99 101 100 99 99 99 101 99 
467 4 13
102 101 100 102 101 100 100 98 100 102 
468 35 80
101 102 100 100 102 101 102 98 102 98 
469 32 44
101 102 99 99 98 98 98 102 101 101 
470 1 72
100 102 101 99 101 100 99 101 101 98 
471 53 14
102 100 98 98 102 101 102 101 100 100 
472 10 15
100 100 99 98 98 101 101 100 101 99 
473 89 54
98 99 100 99 100 102 102 101 101 99 
474 74 99
100 102 99 102 100 100 99 99 102 102 
475 28 20
100 100 101 98 99 102 102 99 100 101 
476 23 82
102 101 102 101 100 98 99 102 102 100 
477 91 84
102 101 98 99 100 102 98 98 101 99 
478 81 100
100 99 101 102 102 100 99 102 99 98 
479 50 26
98 98 99 100 102 99 100 98 100 102 
480 92 50
101 102 102 102 98 100 101 102 98 99 
481 9 63
102 99 101 100 100 100 102 102 100 98 
482 44 94
101 101 101 98 100 98 100 101 99 101 
483 88 34
100 100 100 101 102 98 98 98 102 98 
484 98 44
100 101 100 99 101 101 102 101 99 102 
485 52 66
102 101 101 100 99 100 98 102 98 100 
486 80 10
98 99 99 102 99 98 100 101 101 99 
487 22 37
99 100 99 100 99 100 98 101 98 101 
488 16 65
99 99 98 101 101 102 100 98 98 101 
489 55 22
98 101 99 101 98 102 99 101 99 100 
490 37 73
98 101 98 100 99 99 99 102 100 99 
491 58 73
98 99 101 100 99 102 98 99 98 101 
492 70 98
100 100 98 101 98 101 99 100 99 101 
493 80 1
102 99 102 101 102 102 99 98 100 99 
494 95 17
100 98 102 100 101 99 102 101 101 98 
495 67 74
101 102 98 100 101 98 100 102 101 101 
496 9 93
102 102 102 100 100 102 101 102 99 102 
497 23 22
98 99 102 102 101 101 100 102 102 98 
498 47 73
100 101 102 100 99 100 102 99 101 99 
499 66 6
100 98 102 101 102 101 99 98 98 101 

