500 10 9955
0 1 10
98 105 91 108 94 107 95 97 92 109 
1 10 4
107 99 104 103 97 100 92 102 99 105 
2 8 2
100 100 106 93 103 96 92 92 91 106 
3 3 8
103 107 107 97 98 96 90 95 106 104 
4 1 6
94 95 109 96 90 96 99 93 98 95 
5 7 3
93 91 106 106 107 98 96 100 107 93 
6 1 6
99 100 92 107 107 94 95 103 99 94 
7 10 3
93 90 107 101 107 93 95 90 106 91 
8 10 6
91 105 98 108 108 108 105 109 98 107 
9 10 8
92 96 101 93 92 92 107 95 93 104 
10 10 3
100 104 95 96 98 104 102 91 91 102 
11 1 2
100 105 100 100 95 101 98 97 107 109 
12 3 3
91 90 99 106 96 108 99 106 95 96 
13 6 6
90 109 96 91 101 108 102 91 96 104 
14 4 2
108 101 100 97 92 102 109 106 94 99 
15 5 2
109 95 109 106 101 104 91 101 103 90 
16 5 7
108 98 99 106 93 103 97 91 94 99 
17 9 10
104 90 105 108 99 109 91 90 95 91 
18 8 7
97 100 90 103 100 106 99 91 95 109 
19 8 9
94 107 91 98 96 91 109 90 91 104 
20 2 3
96 102 93 93 95 102 109 95 92 101 
21 9 4
98 109 96 103 108 93 103 92 102 96 
22 4 10
97 92 101 91 99 104 105 105 109 100 
23 9 5
92 99 99 95 103 109 100 91 109 106 
24 7 10
101 101 102 94 107 97 105 94 91 96 
25 8 1
91 95 107 90 105 105 106 108 107 108 
26 6 1
107 107 101 106 95 99 96 106 90 100 
27 1 8
99 105 103 100 104 93 103 97 98 100 
28 10 4
108 105 103 105 95 90 95 93 99 98 
29 2 5
99 99 101 99 101 93 108 102 101 93 
30 4 8
96 98 94 96 108 93 92 106 100 105 
31 4 7
98 90 101 99 98 104 94 107 106 97 
32 9 8
92 98 102 103 102 105 100 100 105 96 
33 8 4
99 101 92 102 108 107 98 96 108 101 
34 7 7
107 102 106 103 109 96 103 91 105 95 
35 8 10
102 99 91 97 106 108 90 107 99 104 
36 2 9
102 91 96 92 102 104 90 100 96 106 
37 6 8
105 98 101 92 103 108 91 107 109 92 
38 5 8
103 107 107 104 101 108 104 105 90 103 
39 8 5
97 100 104 96 96 92 105 103 100 96 
40 6 7
106 98 103 106 93 108 105 98 97 102 
41 5 1
101 91 96 93 104 105 97 103 95 104 
42 2 5
106 97 99 108 103 107 104 92 107 90 
43 9 3
108 95 90 95 108 97 97 91 98 95 
44 5 5
91 93 109 108 107 101 104 95 100 106 
45 5 6
103 108 107 100 108 97 93 98 103 105 
46 6 2
92 103 94 92 108 90 106 101 93 106 
47 3 4
109 98 108 99 94 92 94 107 91 104 
48 1 2
91 105 102 104 100 107 107 95 92 103 
49 10 4
103 106 94 107 94 108 100 105 97 98 
50 7 2
93 102 91 106 96 91 97 98 106 109 
51 5 9
99 102 105 93 95 105 106 101 93 103 
52 1 10
101 100 104 108 100 92 100 103 104 101 
53 10 2
94 99 91 102 90 105 100 91 109 108 
54 6 8
103 91 90 98 104 90 97 96 100 103 
55 7 3
105 96 108 99 99 109 92 103 90 93 
56 6 2
101 98 92 92 96 97 101 101 91 101 
57 10 8
93 96 95 95 109 92 108 104 90 98 
58 6 1
97 108 105 90 103 91 91 106 91 105 
59 2 8
105 104 108 106 108 99 105 91 97 91 
60 8 9
93 107 94 93 95 109 95 94 99 91 
61 5 6
104 95 93 105 103 104 104 98 99 94 
62 7 10
103 101 90 90 102 97 108 97 94 92 
63 4 2
103 98 96 93 91 100 100 105 98 103 
64 3 4
98 106 91 99 90 107 98 95 90 90 
65 8 6
98 105 102 94 99 105 96 105 106 94 
66 9 10
96 90 107 96 103 109 109 91 98 102 
67 3 1
99 92 96 92 93 93 97 93 101 109 
68 8 3
97 95 97 105 99 107 94 98 107 91 
69 5 4
103 104 94 91 96 109 91 98 91 109 
70 1 5
105 99 97 108 98 97 92 97 102 100 
71 5 5
109 109 92 99 102 98 102 95 92 98 
72 9 2
109 102 91 91 101 93 107 108 102 107 
73 7 3
94 109 90 98 91 104 92 102 95 106 
74 2 9
95 95 105 109 96 104 102 95 96 103 
75 9 10
106 106 98 98 103 94 103 99 105 95 
76 8 7
101 102 99 107 98 92 97 95 90 104 
77 8 7
90 99 93 96 93 92 98 101 100 98 
78 3 6
94 95 94 90 100 91 98 91 95 107 
79 1 7
102 99 101 102 94 90 100 94 100 103 
80 4 6
97 101 106 107 109 98 102 93 95 106 
81 6 6
100 94 99 97 103 109 103 95 99 107 
82 8 6
107 97 99 97 91 102 94 98 105 91 
83 9 5
91 100 100 97 109 107 104 91 91 105 
84 9 6
105 104 90 106 101 100 91 90 107 92 
85 1 1
105 94 101 100 107 91 107 109 93 109 
86 9 5
106 94 105 108 90 106 95 97 92 107 
87 6 4
97 98 103 107 100 95 109 95 100 92 
88 9 8
93 95 108 97 94 98 103 102 103 99 
89 3 6
107 97 102 109 95 109 94 94 97 99 
90 4 8
105 103 105 107 105 93 106 101 98 105 
91 1 5
105 93 98 90 94 101 95 103 100 99 
92 3 8
98 98 102 97 108 95 95 95 100 90 
93 3 9
93 108 99 93 95 101 109 91 96 97 
94 4 2
100 109 94 91 90 99 98 91 107 102 
95 9 8
108 103 102 90 95 96 108 90 107 109 
96 4 3
100 104 105 107 104 91 90 94 102 106 
97 8 3
95 96 103 105 108 104 104 98 109 109 
98 10 6
95 97 95 104 109 91 99 91 105 106 
99 1 2
107 100 108 99 97 105 92 94 91 97 
100 2 3
103 96 90 103 95 91 108 92 91 105 
101 10 1
106 108 91 94 104 102 95 102 104 93 
102 4 4
101 105 100 94 105 91 106 98 109 99 
103 4 7
92 101 109 93 97 98 93 105 108 107 
104 10 3
91 107 106 105 102 100 91 93 107 101 
105 9 3
94 106 103 94 107 96 90 90 100 101 
106 4 10
109 109 94 107 98 106 92 99 103 108 
107 7 8
98 99 91 96 90 91 100 95 99 105 
108 10 8
104 99 109 94 91 104 103 102 95 99 
109 3 4
95 94 104 100 104 93 98 93 102 91 
110 2 4
104 93 100 105 109 109 92 103 90 103 
111 8 4
98 92 108 103 93 102 109 99 98 103 
112 2 3
106 101 107 91 94 108 104 108 92 106 
113 7 4
97 98 96 109 104 105 95 92 99 93 
114 8 3
105 96 103 105 102 107 107 90 98 105 
115 2 4
95 97 93 109 93 99 102 92 100 108 
116 3 7
95 97 108 104 100 107 109 107 106 94 
117 3 9
91 91 90 100 106 104 105 104 91 100 
118 4 8
102 96 109 104 106 103 100 104 90 90 
119 1 3
107 109 101 103 94 105 103 95 107 104 
120 8 6
90 104 109 91 95 95 100 99 101 92 
121 4 10
97 95 95 98 95 96 92 92 95 104 
122 9 2
99 91 109 96 97 108 102 97 103 93 
123 2 1
98 93 109 101 107 104 93 95 109 98 
124 6 7
104 97 108 102 91 108 103 101 102 94 
125 10 2
93 91 109 98 107 102 108 95 97 99 
126 10 6
105 102 92 104 90 97 100 105 104 90 
127 8 7
101 102 109 93 107 98 104 102 92 95 
128 1 10
99 100 106 107 109 95 104 104 107 106 
129 1 9
105 92 103 99 104 102 95 95 106 106 
130 1 6
95 105 107 97 102 99 96 104 109 92 
131 4 9
98 99 94 95 107 94 105 102 96 90 
132 2 2
102 109 96 91 105 97 96 90 104 106 
133 10 9
95 95 94 95 90 97 93 90 106 98 
134 8 4
94 103 95 101 103 109 102 108 100 100 
135 10 6
99 107 108 105 103 107 96 109 93 100 
136 5 6
100 109 105 96 109 102 102 94 95 99 
137 8 2
90 101 91 100 91 90 106 93 107 104 
138 1 2
93 106 92 108 97 96 103 107 107 90 
139 6 10
103 109 103 100 91 90 103 91 93 104 
140 3 7
104 90 109 94 96 100 97 99 108 91 
141 1 8
109 103 96 106 104 104 95 109 103 100 
142 2 7
92 105 98 95 99 102 92 106 94 103 
143 3 3
105 101 93 104 102 93 101 101 99 100 
144 10 6
94 107 104 99 97 97 106 100 92 106 
145 8 5
98 99 102 94 105 94 96 100 97 99 
146 7 10
95 90 92 104 100 91 99 104 108 105 
147 4 9
92 109 90 95 97 97 91 105 99 103 
148 2 5
99 99 104 106 109 93 97 106 93 99 
149 1 4
92 101 97 91 96 92 101 98 104 101 
150 6 2
108 108 99 97 101 90 93 90 100 108 
151 9 2
103 105 107 106 94 109 99 97 100 98 
152 1 9
100 101 98 94 92 96 108 90 94 97 
153 1 7
97 93 98 99 103 107 92 96 102 101 
154 3 10
100 93 98 102 101 90 102 104 101 91 
155 1 6
97 98 107 101 105 107 109 105 103 90 
156 7 7
99 109 95 103 100 109 92 103 93 92 
157 6 7
92 108 90 103 101 93 100 108 101 98 
158 2 10
107 103 96 100 95 92 107 104 91 104 
159 8 5
103 92 107 106 94 104 105 97 94 97 
160 3 6
100 105 95 104 93 109 103 90 94 101 
161 2 10
103 90 93 97 104 92 93 109 94 90 
162 7 2
96 93 90 101 100 94 108 91 109 94 
163 6 3
105 90 105 109 101 96 90 106 108 105 
164 6 5
107 108 93 104 100 101 97 107 104 97 
165 9 8
101 108 108 101 104 95 95 99 107 90 
166 1 9
108 90 106 106 97 94 102 107 92 98 
167 2 4
109 108 92 96 107 92 93 98 90 103 
168 2 6
108 107 106 105 107 107 105 106 99 93 
169 5 8
97 107 104 92 95 107 97 106 97 99 
170 5 5
101 99 94 93 92 106 108 102 95 97 
171 10 5
94 96 100 95 100 97 92 99 106 98 
172 2 4
95 108 91 102 109 106 98 92 95 103 
173 7 1
91 106 102 96 93 102 90 109 108 93 
174 6 1
100 109 92 108 98 103 93 95 94 94 
175 1 6
102 108 108 108 93 106 108 94 94 100 
176 1 9
104 101 109 95 96 94 95 98 106 97 
177 7 5
103 99 91 99 95 101 94 108 100 104 
178 7 4
92 96 100 97 98 90 97 105 93 96 
179 1 10
93 95 107 109 95 105 105 100 106 106 
180 10 3
98 105 90 100 92 98 105 94 96 95 
181 2 5
96 108 99 91 107 99 101 90 97 90 
182 10 5
106 104 104 102 100 95 96 100 90 96 
183 1 5
96 106 109 102 103 100 109 109 91 98 
184 4 9
100 106 108 99 106 99 103 94 105 109 
185 10 6
94 105 98 106 104 90 101 90 106 100 
186 6 3
102 94 91 95 94 96 93 104 92 103 
187 6 2
92 90 105 107 109 106 105 105 102 93 
188 5 9
93 105 100 102 107 105 104 91 109 97 
189 8 5
96 92 100 98 106 108 109 100 108 97 
190 9 1
93 105 107 97 100 91 95 95 106 98 
191 8 6
93 93 109 105 93 96 101 99 90 91 
192 10 7
101 99 97 100 106 97 102 101 92 99 
193 10 3
101 106 107 109 94 97 107 90 92 106 
194 6 6
104 96 96 104 109 106 101 93 107 100 
195 6 4
107 107 106 109 96 97 93 99 94 102 
196 2 1
109 108 102 104 104 109 101 98 107 108 
197 3 10
96 95 102 93 105 107 98 94 104 94 
198 6 3
102 108 104 98 101 105 90 92 103 103 
199 7 10
94 98 109 92 108 103 101 94 109 93 
200 8 7
102 97 101 108 101 108 92 105 107 106 
201 6 1
101 106 92 106 91 101 97 95 101 96 
202 10 10
90 100 95 101 95 94 107 107 101 90 
203 6 5
109 108 100 98 96 95 98 100 103 92 
204 7 5
95 104 102 98 90 101 107 102 104 104 
205 4 10
108 91 99 91 103 94 106 94 104 96 
206 3 2
93 102 101 107 97 99 93 102 105 105 
207 2 9
109 100 90 103 107 94 94 105 107 103 
208 8 3
100 103 97 94 101 101 107 104 94 98 
209 2 2
100 97 105 95 104 98 103 103 101 104 
210 9 9
100 93 105 97 106 94 91 96 107 98 
211 4 1
90 90 105 106 91 108 109 101 95 104 
212 7 3
93 92 95 104 98 106 104 108 109 99 
213 8 8
104 108 96 93 109 99 94 101 91 101 
214 8 3
91 96 95 109 102 104 101 97 106 98 
215 4 5
94 97 104 93 107 93 93 101 91 99 
216 7 3
100 100 93 101 103 100 96 105 98 101 
217 7 2
107 107 90 103 95 104 99 100 91 105 
218 6 1
108 90 103 102 99 90 94 101 92 98 
219 6 7
100 91 93 109 94 99 102 92 108 102 
220 8 6
108 99 107 102 94 105 92 93 105 106 
221 6 8
98 101 98 100 109 105 108 100 98 103 
222 2 4
104 95 97 102 99 96 90 98 105 107 
223 1 3
94 104 97 90 92 104 107 100 95 107 
224 4 6
103 93 97 91 107 90 96 93 107 95 
225 9 7
102 98 96 109 107 96 101 92 91 108 
226 5 4
102 101 96 100 90 101 97 95 104 96 
227 8 4
96 95 97 105 101 105 91 105 105 98 
228 5 5
96 96 96 97 106 102 93 91 93 91 
229 2 7
102 108 91 96 106 90 100 104 96 99 
230 10 8
106 100 102 101 100 108 105 107 94 104 
231 7 4
96 101 104 92 102 107 100 94 97 101 
232 4 4
102 95 107 100 104 108 109 92 98 93 
233 6 2
91 102 90 108 96 106 101 95 90 107 
234 10 3
96 99 99 103 102 94 98 106 99 107 
235 7 6
105 95 107 105 98 92 96 100 96 96 
236 9 4
105 101 100 97 98 91 109 104 100 90 
237 10 3
94 109 101 95 106 107 90 101 93 99 
238 9 4
93 107 103 100 93 103 105 100 94 107 
239 8 5
108 99 100 90 91 99 104 108 98 95 
240 4 7
93 106 109 108 107 108 91 91 105 97 
241 4 1
90 100 103 107 97 100 91 107 101 102 
242 8 4
103 101 101 104 107 96 100 102 92 100 
243 1 1
98 101 103 105 108 98 95 101 108 108 
244 9 8
91 91 96 102 95 93 107 109 104 90 
245 4 4
97 105 105 91 95 95 103 95 99 96 
246 1 8
96 96 108 94 106 108 103 107 90 109 
247 3 6
104 109 106 91 102 91 94 109 107 102 
248 3 5
107 96 90 108 94 90 96 101 108 106 
249 8 8
97 91 94 97 102 108 94 97 100 103 
250 9 3
104 94 103 93 106 95 100 96 101 100 
251 5 7
92 92 109 103 101 96 90 108 97 106 
252 6 3
105 91 109 107 104 109 109 91 93 102 
253 7 3
99 96 108 103 106 104 99 101 107 90 
254 5 9
96 106 96 96 102 93 108 109 94 99 
255 7 2
90 97 102 93 101 98 97 91 97 107 
256 5 6
102 105 96 91 105 92 99 91 100 97 
257 10 6
92 107 104 96 108 93 99 108 100 91 
258 5 3
92 91 105 91 109 99 106 93 106 105 
259 5 4
107 95 94 98 102 94 105 104 103 99 
260 3 5
94 92 92 97 105 98 91 99 92 106 
261 1 4
107 109 106 103 104 102 106 101 107 102 
262 2 10
98 96 105 104 98 109 108 94 91 102 
263 2 10
91 102 108 105 90 91 98 107 90 106 
264 1 5
98 108 107 95 101 91 96 101 109 91 
265 6 10
102 93 94 104 98 97 93 91 90 103 
266 7 3
96 94 100 96 102 102 90 90 101 100 
267 8 5
101 93 95 100 106 101 100 98 96 96 
268 5 5
103 99 105 95 93 101 108 99 97 90 
269 9 2
102 90 101 93 100 90 107 103 93 93 
270 5 2
96 96 102 102 94 96 109 107 106 96 
271 6 2
100 95 102 107 95 102 91 107 103 94 
272 2 6
95 100 99 90 95 103 102 93 101 106 
273 9 6
92 97 94 100 103 109 103 93 94 108 
274 4 10
100 104 109 105 100 102 101 105 92 90 
275 7 1
95 90 93 106 106 101 93 100 108 97 
276 4 5
97 108 109 93 98 94 95 101 108 94 
277 7 2
106 107 106 100 99 94 92 104 106 96 
278 1 3
107 103 105 98 91 90 94 90 100 93 
279 6 10
98 90 100 108 106 98 109 94 108 98 
280 8 8
102 99 92 99 105 102 103 95 108 90 
281 6 2
102 99 93 93 94 108 104 94 101 106 
282 6 8
94 96 94 92 104 101 100 109 90 94 
283 9 9
98 103 95 96 96 92 99 108 93 102 
284 4 8
93 97 94 104 105 109 103 90 95 107 
285 5 3
90 106 101 103 90 101 103 99 106 108 
286 8 3
90 107 103 93 91 96 92 106 104 108 
287 1 2
107 106 103 105 95 98 109 108 106 92 
288 2 8
103 94 108 91 104 95 94 96 104 107 
289 10 9
105 93 94 99 92 97 93 101 105 106 
290 9 1
94 107 108 103 109 91 92 94 95 90 
291 7 2
107 92 107 94 109 108 102 104 92 98 
292 7 7
105 101 97 100 97 96 93 94 105 91 
293 8 6
105 109 109 90 101 107 102 98 109 99 
294 5 1
90 106 107 92 95 95 108 102 106 107 
295 6 4
105 108 109 101 101 106 108 96 105 99 
296 10 7
97 93 97 108 94 101 91 94 90 108 
297 7 8
105 106 99 101 96 94 96 91 104 96 
298 5 7
104 104 94 100 94 93 98 93 96 97 
299 4 2
109 104 105 101 102 104 98 109 100 99 
300 3 9
96 99 92 90 97 96 108 91 103 93 
301 4 8
108 94 102 95 101 95 98 92 90 93 
302 4 5
107 103 94 90 93 96 98 91 97 92 
303 2 7
99 102 98 92 105 93 101 103 97 93 
304 1 2
90 108 95 102 104 109 107 101 94 103 
305 4 10
101 94 90 109 96 92 95 97 96 95 
306 2 2
91 102 96 90 97 107 101 90 97 99 
307 3 2
90 91 95 94 104 98 94 96 94 94 
308 8 2
108 104 108 94 102 102 107 103 94 94 
309 6 5
103 99 106 102 108 98 104 108 100 109 
310 3 7
109 108 92 94 93 101 97 103 96 107 
311 1 1
99 97 105 96 93 90 100 98 99 96 
312 2 10
96 105 107 98 96 102 95 95 92 97 
313 2 8
101 98 101 99 96 91 109 105 90 104 
314 2 5
96 93 102 98 91 103 97 98 90 107 
315 7 9
91 91 94 93 91 95 91 94 96 94 
316 4 3
95 102 109 95 108 91 91 94 94 104 
317 3 9
109 102 96 102 91 104 100 92 98 96 
318 8 2
94 108 95 100 92 108 104 109 92 103 
319 6 3
104 96 106 101 102 91 99 94 95 97 
320 7 7
103 108 98 91 95 95 104 99 106 109 
321 2 9
99 95 100 93 108 105 105 95 103 94 
322 7 9
107 107 92 92 106 100 90 99 98 90 
323 4 6
107 107 96 103 99 99 94 108 104 104 
324 5 6
91 91 92 96 95 100 94 104 97 108 
325 7 6
98 106 94 99 98 97 96 96 107 95 
326 10 7
104 105 106 91 91 100 108 92 102 90 
327 10 10
100 95 94 99 94 102 94 94 91 90 
328 6 10
90 94 105 107 99 97 105 105 92 101 
329 7 5
104 104 108 96 96 109 97 106 95 101 
330 8 2
106 91 107 107 104 105 96 104 109 104 
331 4 1
103 108 97 105 91 94 101 105 100 92 
332 4 10
91 91 107 108 94 105 101 90 98 91 
333 8 3
106 106 98 97 92 101 109 105 91 96 
334 3 4
92 96 108 95 98 102 104 91 95 101 
335 3 10
108 105 100 97 106 109 91 94 105 92 
336 4 10
103 104 94 97 91 97 100 105 103 90 
337 3 2
94 96 104 99 100 96 109 90 92 91 
338 8 1
90 91 105 98 93 108 107 98 103 104 
339 6 7
91 107 103 104 100 96 97 104 94 103 
340 7 7
90 97 97 104 98 96 94 90 97 109 
341 1 3
100 108 101 105 102 108 103 95 106 108 
342 2 7
106 100 102 91 93 98 109 105 97 96 
343 10 6
95 96 98 102 107 98 105 97 96 108 
344 5 1
106 109 97 94 108 108 100 104 98 105 
345 8 5
105 97 109 93 95 91 108 100 97 96 
346 6 5
97 92 94 95 90 108 106 98 100 105 
347 4 9
104 105 104 104 100 92 100 96 91 100 
348 2 7
101 101 99 100 100 106 104 107 100 100 
349 3 3
99 100 100 109 96 93 109 102 101 103 
350 7 2
97 107 109 98 109 102 97 92 94 98 
351 3 5
94 108 101 104 99 103 98 100 106 108 
352 2 3
104 102 104 95 95 90 108 103 99 100 
353 4 1
92 102 92 108 90 96 102 106 107 105 
354 3 7
91 100 98 107 99 91 109 93 103 95 
355 1 9
107 100 93 97 90 99 97 105 91 92 
356 4 3
98 108 108 107 103 91 93 96 93 93 
357 4 3
94 104 97 107 109 109 98 107 100 93 
358 7 3
102 105 107 104 99 93 106 108 91 96 
359 8 7
109 93 95 93 96 90 97 101 105 105 
360 1 7
104 90 105 106 94 101 109 106 109 98 
361 1 9
101 108 96 94 107 96 93 106 99 98 
362 2 6
98 109 108 105 104 101 92 90 101 107 
363 10 6
91 98 102 90 106 104 98 90 103 97 
364 5 1
103 109 108 92 97 100 107 98 99 98 
365 4 6
109 95 97 100 105 106 96 106 106 100 
366 7 6
94 94 95 99 101 91 101 106 91 92 
367 9 1
102 98 98 103 106 102 90 97 99 97 
368 8 5
106 105 102 94 107 98 91 104 95 96 
369 6 9
90 97 95 103 99 105 103 103 93 92 
370 9 2
96 108 108 105 107 98 102 103 105 94 
371 1 4
95 101 109 92 100 104 100 92 103 97 
372 6 5
105 98 97 100 92 95 92 98 93 102 
373 7 4
90 98 108 98 94 98 103 99 102 102 
374 2 3
96 104 106 90 103 101 104 98 101 104 
375 10 7
109 103 96 105 95 92 98 108 92 108 
376 7 8
97 109 106 109 101 98 103 99 104 99 
377 10 8
102 106 106 105 100 97 91 91 90 98 
378 9 6
92 106 93 95 105 91 102 104 90 90 
379 6 4
90 100 103 104 101 104 92 105 100 100 
380 1 1
107 102 92 107 102 100 104 104 109 108 
381 2 7
109 105 102 102 106 107 97 106 109 90 
382 4 1
105 107 95 107 97 97 108 106 109 102 
383 4 4
104 109 100 95 107 91 93 99 99 105 
384 4 6
94 90 103 93 103 98 95 90 95 92 
385 8 5
100 97 102 91 101 107 107 96 107 97 
386 4 5
90 97 105 99 104 90 96 109 91 102 
387 5 7
90 102 96 108 96 93 104 106 93 97 
388 1 5
94 97 102 91 96 106 98 96 93 93 
389 9 8
106 96 98 107 108 105 105 101 97 91 
390 2 4
106 105 92 109 92 102 96 97 101 108 
391 1 8
104 98 105 99 94 105 109 90 104 109 
392 10 3
104 94 105 103 107 106 109 103 102 91 
393 6 7
95 93 95 106 91 96 95 98 96 102 
394 10 1
90 90 92 104 90 93 108 96 97 104 
395 1 7
100 109 92 104 102 109 91 107 92 96 
396 6 6
102 92 93 109 96 95 91 96 95 94 
397 3 8
109 101 94 109 107 106 105 97 97 107 
398 5 10
98 97 98 100 103 103 96 108 97 91 
399 10 4
96 92 102 94 108 94 91 108 97 107 
400 8 5
103 102 94 90 92 108 101 100 95 109 
401 4 1
94 101 98 101 102 99 107 101 102 99 
402 6 1
95 98 98 103 96 95 99 101 100 103 
403 5 5
93 105 96 98 105 109 101 109 100 101 
404 4 6
91 90 108 95 91 103 105 108 103 106 
405 4 10
103 103 93 93 108 97 97 92 92 96 
406 3 8
95 103 99 98 95 94 105 108 106 103 
407 4 8
96 108 97 101 96 101 101 90 106 104 
408 6 5
91 93 106 105 99 101 103 96 94 104 
409 7 2
108 91 109 104 104 104 93 102 95 92 
410 5 2
95 97 101 91 103 97 98 104 92 94 
411 2 4
105 96 91 102 90 98 103 100 99 95 
412 7 5
109 101 98 94 104 102 106 109 109 109 
413 4 3
96 91 108 90 95 90 105 103 108 107 
414 8 10
95 92 91 96 97 108 92 109 91 101 
415 4 6
93 101 97 105 93 90 109 91 91 100 
416 3 9
92 107 101 90 104 90 101 101 93 103 
417 9 3
93 90 91 94 101 107 102 97 90 109 
418 5 4
109 103 95 102 105 109 100 107 106 104 
419 1 4
104 91 96 99 96 94 102 91 95 103 
420 9 9
92 100 97 93 91 91 96 102 97 93 
421 5 3
92 104 102 101 90 92 96 105 105 102 
422 5 5
107 106 105 104 92 95 104 94 97 92 
423 10 9
93 96 102 92 91 98 107 94 93 99 
424 6 6
93 103 100 100 95 97 94 104 105 102 
425 9 8
107 105 104 95 107 103 95 102 101 108 
426 6 4
96 102 99 91 103 106 107 106 99 109 
427 9 5
96 93 91 92 105 91 101 102 106 107 
428 10 4
93 105 108 104 95 95 109 101 99 98 
429 6 3
106 92 100 95 103 98 102 90 93 103 
430 5 9
104 95 93 101 105 102 106 108 109 96 
431 5 5
101 106 98 90 106 103 104 103 97 106 
432 9 1
95 92 102 98 105 96 109 92 94 104 
433 6 10
108 91 99 108 90 103 104 101 99 92 
434 5 7
97 100 101 96 97 99 97 94 102 109 
435 5 10
108 93 91 92 99 96 103 98 90 92 
436 9 1
97 102 93 99 97 109 97 96 92 108 
437 4 10
97 102 103 101 93 99 101 91 95 94 
438 6 5
101 90 92 93 92 102 105 92 107 108 
439 2 7
100 108 92 102 98 97 103 97 101 108 
440 10 6
97 92 98 102 96 106 97 99 106 91 
441 3 2
104 109 103 93 108 106 109 90 96 103 
442 3 5
91 107 91 94 105 90 109 92 104 90 
443 6 4
106 104 92 102 105 97 93 91 96 106 
444 5 7
94 105 98 100 99 102 94 92 99 96 
445 7 5
108 108 97 103 108 104 96 104 98 90 
446 9 4
109 92 107 108 100 103 96 105 99 105 
447 6 1
97 100 94 107 98 100 103 96 98 90 
448 2 9
104 99 102 92 100 93 108 91 95 97 
449 10 6
90 108 92 91 103 98 101 102 100 97 
450 10 9
108 93 106 108 105 98 99 92 107 103 
451 7 10
106 104 91 91 103 102 99 104 92 101 
452 8 6
101 101 98 103 108 99 101 106 94 90 
453 8 3
98 106 104 107 99 100 107 96 107 100 
454 10 1
104 98 94 107 102 94 94 105 105 94 
455 10 4
104 102 100 100 102 99 92 102 95 98 
456 1 7
109 97 94 106 99 94 108 93 94 105 
457 3 9
109 107 94 104 91 95 97 97 99 99 
458 1 3
108 94 104 105 103 106 104 102 105 108 
459 1 5
104 108 98 109 95 102 97 94 99 93 
460 9 4
90 108 92 100 97 102 94 108 107 100 
461 4 1
97 97 104 92 108 96 97 102 106 97 
462 2 3
109 101 108 99 96 107 94 97 97 96 
463 8 5
109 91 102 98 101 108 100 100 107 106 
464 4 6
92 102 98 100 109 101 94 108 104 93 
465 10 4
102 93 90 109 92 99 103 91 92 108 
466 2 6
106 101 106 103 97 91 91 91 103 91 
467 4 3
94 98 92 109 93 92 102 105 107 94 
468 5 10
103 109 102 97 99 103 94 95 94 90 
469 2 4
103 94 106 96 95 90 100 99 98 103 
470 1 2
97 94 108 106 98 102 106 103 93 90 
471 3 4
104 107 100 100 99 103 104 93 107 92 
472 10 5
92 102 106 100 95 98 103 102 103 101 
473 9 4
105 106 97 101 107 109 94 93 98 96 
474 4 9
102 109 91 99 92 92 106 106 104 94 
475 8 10
102 102 93 95 106 94 109 101 102 108 
476 3 2
99 108 94 108 107 100 106 99 99 107 
477 1 4
109 108 90 96 92 109 95 105 93 91 
478 1 10
107 101 93 99 99 107 101 109 106 105 
479 10 6
95 95 96 97 104 106 92 95 97 104 
480 2 10
103 99 94 99 100 107 98 109 90 101 
481 9 3
99 101 103 107 97 92 104 94 97 90 
482 4 4
98 108 108 105 102 100 107 108 101 103 
483 8 4
92 97 102 93 109 90 95 90 94 100 
484 8 4
102 93 97 101 93 93 94 93 91 104 
485 2 6
94 98 93 97 91 92 90 94 100 102 
486 10 10
95 106 91 99 96 100 102 108 103 101 
487 2 7
96 107 101 97 101 92 95 98 100 98 
488 6 5
101 106 90 103 98 109 92 95 105 93 
489 5 2
95 108 101 108 100 94 96 98 91 107 
490 7 3
90 103 90 92 91 106 96 94 102 96 
491 8 3
95 101 108 102 96 94 95 101 105 98 
492 10 8
102 97 95 103 95 103 96 107 96 108 
493 10 1
104 96 94 108 94 104 101 100 107 91 
494 5 7
107 90 109 102 98 91 99 103 98 105 
495 7 4
98 94 100 97 93 100 97 99 98 93 
496 9 3
99 109 104 97 102 99 93 99 91 104 
497 3 2
105 101 104 94 108 103 107 109 99 90 
498 7 3
92 103 104 92 106 92 104 96 103 91 
499 6 6
92 90 104 93 104 98 106 100 90 93 

