500 10 9944
0 7 6
98 90 95 90 102 106 91 94 108 94 
1 4 10
92 91 94 105 91 105 105 92 108 108 
2 4 8
95 107 98 108 104 104 106 104 96 91 
3 6 9
100 98 104 98 102 97 98 97 91 102 
4 3 3
109 99 94 107 98 107 106 95 96 94 
5 6 2
101 101 97 107 103 92 98 93 100 92 
6 4 6
100 101 92 101 105 106 103 96 96 107 
7 5 7
96 90 101 103 107 96 96 98 108 103 
8 6 4
106 95 96 108 98 99 103 108 103 97 
9 2 1
106 104 97 92 93 93 90 91 93 101 
10 5 3
99 102 90 97 96 108 100 104 93 98 
11 5 2
100 108 91 105 95 92 97 103 98 104 
12 6 4
99 105 95 103 108 101 107 98 94 108 
13 8 3
98 100 98 101 100 102 105 102 100 98 
14 8 9
93 97 91 93 103 99 97 93 106 94 
15 9 8
105 95 105 101 93 104 103 101 94 103 
16 6 8
96 100 109 98 100 109 98 103 96 92 
17 8 10
101 106 92 109 90 100 96 105 106 103 
18 10 2
90 94 93 94 108 100 101 94 102 93 
19 5 3
92 103 98 98 105 95 97 108 91 92 
20 10 2
102 98 98 90 91 97 102 91 102 97 
21 9 1
107 91 96 99 94 100 93 108 105 101 
22 7 3
98 96 90 99 98 92 92 102 100 101 
23 4 4
100 107 107 104 94 97 94 103 98 92 
24 5 6
95 107 93 90 91 92 93 99 90 105 
25 2 1
107 103 102 109 106 107 93 109 104 102 
26 4 1
109 100 105 109 102 99 94 107 109 90 
27 1 1
104 95 91 104 102 102 104 92 108 108 
28 2 5
106 106 95 92 98 109 95 97 99 90 
29 10 2
92 93 101 103 105 103 103 99 108 96 
30 6 1
109 99 94 99 98 96 93 106 104 91 
31 9 4
90 105 92 99 98 91 92 100 107 95 
32 4 3
108 98 104 98 104 99 101 95 101 105 
33 5 10
91 100 105 106 101 95 101 93 91 103 
34 5 2
97 96 101 94 102 96 98 92 104 104 
35 2 1
106 104 108 97 99 94 108 93 104 95 
36 2 8
92 92 102 105 97 106 106 96 93 97 
37 3 8
103 93 91 109 107 94 102 95 108 100 
38 3 9
104 92 101 91 97 104 100 100 98 93 
39 6 6
109 92 104 104 91 106 91 97 109 105 
40 7 10
109 108 104 108 98 109 96 105 91 99 
41 7 2
93 108 93 101 91 90 108 103 92 102 
42 8 7
91 91 93 90 106 91 91 105 90 106 
43 6 1
97 93 97 98 102 105 91 97 104 94 
44 1 8
95 91 90 109 103 90 97 96 103 100 
45 10 10
94 90 106 94 106 104 106 93 107 106 
46 5 1
101 95 99 107 92 90 95 97 91 107 
47 9 7
99 96 103 92 98 102 101 102 102 90 
48 9 2
104 107 106 101 103 102 103 106 100 93 
49 5 3
105 101 101 106 98 91 104 100 97 109 
50 3 9
101 106 90 106 106 99 99 92 96 107 
51 6 2
100 101 97 102 104 91 106 91 102 97 
52 10 4
90 93 93 90 93 105 98 96 93 98 
53 5 10
99 93 103 105 103 109 96 105 100 96 
54 8 7
97 93 99 102 92 108 107 104 91 102 
55 5 5
109 92 93 93 101 107 92 102 103 98 
56 9 7
109 96 91 91 102 90 107 102 105 96 
57 5 8
106 103 101 107 95 108 104 94 90 107 
58 8 4
96 92 106 109 100 106 107 91 104 100 
59 3 8
92 101 101 107 99 97 96 95 90 108 
60 3 6
106 98 91 98 107 99 102 94 93 98 
61 6 6
106 95 96 100 97 98 99 100 109 90 
62 8 1
97 104 95 97 94 109 94 102 90 108 
63 1 8
97 102 103 92 102 91 97 90 96 95 
64 2 4
103 90 105 94 91 93 106 90 107 91 
65 1 2
102 106 103 102 104 95 100 103 100 105 
66 6 5
106 104 105 104 109 96 90 94 108 105 
67 1 10
108 106 102 97 107 102 90 100 98 95 
68 5 4
101 94 106 103 102 94 97 98 108 92 
69 6 9
90 105 92 109 92 93 100 103 109 92 
70 3 10
104 103 101 105 100 95 100 91 92 108 
71 5 5
92 104 92 91 106 99 101 107 106 103 
72 7 10
98 96 94 90 99 106 99 105 99 90 
73 3 1
107 94 103 109 93 90 103 107 104 98 
74 1 1
107 91 109 104 97 105 95 97 104 99 
75 8 6
95 106 92 105 98 95 97 96 91 90 
76 6 5
90 101 104 96 109 94 107 106 108 106 
77 3 8
94 97 94 100 106 102 95 92 98 109 
78 10 10
106 106 105 108 98 102 104 91 93 98 
79 8 3
95 106 101 93 95 103 90 91 103 106 
80 2 10
98 98 93 99 97 94 108 94 102 95 
81 5 2
99 98 104 103 107 103 97 92 100 100 
82 8 8
106 99 98 99 95 101 100 104 101 104 
83 6 9
108 95 104 101 100 98 94 101 107 108 
84 5 7
93 94 90 103 104 99 102 100 108 90 
85 2 6
93 92 91 104 98 106 103 108 91 109 
86 2 4
98 107 105 107 97 101 93 101 105 105 
87 5 3
94 107 94 92 99 106 99 95 100 101 
88 10 9
97 94 98 91 94 100 106 94 97 101 
89 2 6
105 106 96 92 101 92 94 105 101 99 
90 10 4
107 108 108 97 91 99 107 99 104 95 
91 3 1
97 108 96 105 92 109 92 99 105 90 
92 2 9
104 106 95 108 107 96 93 96 106 91 
93 6 9
92 92 109 98 109 91 108 97 101 106 
94 5 6
105 98 104 92 98 96 102 104 104 107 
95 3 4
105 105 99 102 98 104 100 93 98 91 
96 2 8
104 92 104 107 108 98 93 104 106 99 
97 9 7
97 91 101 103 100 105 106 96 93 107 
98 9 4
101 90 96 109 91 100 109 105 102 103 
99 3 1
104 97 106 100 99 95 109 106 108 92 
100 1 9
107 108 104 102 106 94 98 109 94 96 
101 2 8
106 100 94 98 93 99 101 107 106 109 
102 1 8
106 109 104 104 103 106 93 100 104 99 
103 6 3
104 93 92 100 91 103 98 108 93 94 
104 9 9
103 91 98 92 91 98 109 107 109 103 
105 5 3
91 109 104 106 98 91 100 92 106 102 
106 4 9
107 103 106 90 107 104 101 101 106 109 
107 4 10
97 94 108 108 108 92 100 101 91 106 
108 10 1
108 100 94 104 92 99 102 102 104 98 
109 5 3
105 105 105 93 104 90 94 103 94 92 
110 2 5
107 103 96 108 100 95 90 90 105 107 
111 5 1
96 97 92 103 97 96 95 104 92 102 
112 10 9
102 103 104 106 98 95 93 95 101 99 
113 4 4
104 106 103 92 95 97 102 93 96 104 
114 7 7
102 91 102 96 95 92 105 107 97 99 
115 7 6
96 99 90 99 100 106 92 94 102 105 
116 7 8
105 100 90 91 106 99 109 99 100 102 
117 8 9
104 104 95 103 105 93 99 92 94 99 
118 4 5
95 96 101 99 103 99 108 98 90 101 
119 3 7
90 91 107 92 103 95 100 109 109 98 
120 4 8
101 104 91 98 105 94 92 91 100 103 
121 3 5
93 103 94 93 94 96 101 106 98 91 
122 9 4
96 91 95 107 99 100 94 102 94 95 
123 1 2
100 105 94 102 98 97 98 93 102 103 
124 9 7
109 100 94 109 101 92 95 99 105 92 
125 7 7
102 93 99 98 98 91 109 100 106 94 
126 6 8
93 93 90 105 106 109 93 98 91 97 
127 8 5
91 94 95 107 96 93 103 100 96 104 
128 9 8
98 100 99 94 96 94 103 99 98 104 
129 7 7
95 109 94 108 96 94 104 109 98 109 
130 7 8
92 92 107 91 106 98 98 106 108 107 
131 2 5
104 96 95 92 90 103 108 107 102 93 
132 8 1
109 91 99 109 90 108 96 105 90 94 
133 7 9
102 94 95 92 103 108 108 97 94 105 
134 2 8
98 90 104 90 105 104 92 104 105 101 
135 4 9
91 102 93 91 106 109 92 90 105 97 
136 5 9
107 94 98 103 109 99 100 109 91 107 
137 10 7
101 103 92 108 106 98 96 108 90 99 
138 10 9
90 103 90 105 90 104 106 99 100 94 
139 4 10
95 103 98 97 92 109 93 103 94 108 
140 3 1
96 100 108 108 90 100 96 90 93 108 
141 9 7
94 94 95 104 98 90 105 103 96 105 
142 1 9
104 106 104 100 104 108 100 102 98 91 
143 1 1
101 98 103 96 96 91 92 100 95 90 
144 7 6
102 101 108 108 96 101 109 102 109 103 
145 3 6
93 94 107 101 95 109 102 98 109 95 
146 6 6
96 99 97 93 99 105 98 104 96 108 
147 3 5
99 101 106 90 106 100 95 109 96 104 
148 4 3
95 97 102 94 102 97 91 100 107 90 
149 6 9
105 103 102 91 101 107 107 103 90 95 
150 6 10
105 101 98 104 107 101 108 93 108 100 
151 10 3
108 91 94 97 91 99 107 107 92 100 
152 1 7
109 98 101 109 103 106 90 99 109 99 
153 6 8
102 103 102 93 93 101 107 103 102 92 
154 1 5
93 108 93 108 90 103 94 101 91 97 
155 3 6
93 93 106 93 102 101 102 106 94 94 
156 10 8
97 99 91 90 101 103 96 104 101 99 
157 5 4
104 98 104 106 97 107 101 101 90 109 
158 7 5
100 100 90 96 96 102 95 103 91 108 
159 6 5
102 93 100 105 94 105 109 109 105 95 
160 6 4
104 108 96 104 107 102 100 109 104 93 
161 6 1
97 100 95 98 99 93 94 91 96 104 
162 9 2
99 109 92 107 95 99 90 109 97 96 
163 7 7
100 98 105 94 101 102 106 108 92 91 
164 9 4
106 92 106 93 99 95 96 100 94 98 
165 8 2
107 97 103 106 95 101 102 105 109 109 
166 2 2
101 97 91 95 91 90 91 99 104 107 
167 3 4
104 108 104 101 108 91 102 97 91 107 
168 4 7
98 97 92 98 96 95 101 99 95 94 
169 8 9
94 98 97 101 95 90 104 102 100 90 
170 4 2
92 97 98 93 95 94 91 103 101 105 
171 4 1
91 106 101 96 91 108 94 107 108 93 
172 9 7
105 105 98 108 105 101 109 99 108 109 
173 5 4
93 96 99 97 91 104 107 92 93 90 
174 1 7
101 106 95 99 90 96 95 97 91 103 
175 6 9
94 106 108 93 106 104 108 101 90 97 
176 9 3
104 97 106 107 98 99 95 109 95 100 
177 9 8
106 96 95 99 109 92 108 94 109 98 
178 10 6
92 107 108 93 107 107 107 93 106 95 
179 3 5
96 107 105 102 109 106 91 106 92 108 
180 6 2
91 105 107 90 93 98 97 96 96 95 
181 2 6
104 100 100 101 97 92 97 104 101 93 
182 9 1
101 109 96 103 108 94 96 101 109 106 
183 4 4
94 100 91 92 97 104 99 92 106 109 
184 4 4
91 90 107 94 105 97 105 96 109 103 
185 2 10
107 108 90 107 96 93 102 100 95 103 
186 4 3
97 104 104 105 104 109 108 97 102 98 
187 3 8
105 109 104 104 102 95 93 100 105 105 
188 10 2
108 101 94 105 106 107 98 105 93 104 
189 1 8
104 98 107 96 98 99 103 106 90 109 
190 1 3
107 96 92 102 103 103 96 94 94 100 
191 10 1
109 109 105 92 104 95 102 90 96 99 
192 7 5
100 101 100 100 93 103 92 90 101 107 
193 5 5
100 100 98 105 102 90 97 101 109 93 
194 7 4
90 108 103 96 109 101 103 99 105 93 
195 10 9
98 103 100 109 100 104 94 103 107 94 
196 1 2
94 97 103 94 92 101 99 105 99 93 
197 4 9
96 96 99 91 92 98 109 100 103 99 
198 1 5
106 96 99 95 92 99 96 97 98 101 
199 4 2
92 102 96 93 97 109 93 104 108 102 
200 6 1
102 97 100 96 98 102 92 94 108 101 
201 2 2
102 98 90 90 109 93 101 104 97 99 
202 8 8
91 91 91 109 103 98 109 108 97 99 
203 5 7
92 96 102 102 99 104 95 91 92 95 
204 2 4
98 95 97 98 104 95 105 105 108 98 
205 7 4
106 95 91 94 97 95 102 91 93 94 
206 4 5
108 109 95 102 94 109 96 95 94 103 
207 6 1
100 90 108 98 98 94 102 106 92 95 
208 3 10
101 94 100 96 91 105 101 101 104 98 
209 5 2
97 92 98 93 97 103 96 100 103 94 
210 9 4
90 92 91 92 90 104 101 93 100 103 
211 10 2
99 102 93 105 91 109 96 90 103 96 
212 5 1
109 100 100 94 96 91 99 96 105 101 
213 2 8
95 102 100 105 108 90 109 109 94 104 
214 5 6
95 103 96 108 109 92 100 101 94 103 
215 6 1
96 95 98 103 98 99 91 103 104 101 
216 1 3
93 101 101 98 95 107 95 92 100 93 
217 1 3
95 93 103 91 106 98 101 104 95 90 
218 8 4
99 98 108 93 102 101 97 105 92 100 
219 6 1
98 91 92 108 94 105 90 92 108 103 
220 4 7
104 97 90 101 109 109 107 90 98 97 
221 7 3
100 93 109 95 104 105 95 104 98 109 
222 3 5
104 95 96 94 100 92 100 106 91 92 
223 1 1
92 107 90 92 106 106 104 97 102 103 
224 3 9
90 99 102 90 98 106 95 105 91 93 
225 10 5
95 92 90 108 106 90 108 108 99 101 
226 1 7
97 96 95 101 102 107 99 94 96 103 
227 6 7
100 100 91 101 103 103 105 101 97 98 
228 10 4
98 90 92 100 101 104 106 108 91 91 
229 3 6
100 101 99 98 107 104 104 97 94 98 
230 9 1
91 96 91 90 96 92 93 96 92 107 
231 7 4
94 94 94 95 107 96 100 97 99 109 
232 6 7
96 100 103 100 108 94 90 101 92 103 
233 2 1
98 96 96 100 106 93 106 90 109 102 
234 6 8
108 97 94 109 108 102 108 94 92 93 
235 8 3
109 109 105 103 95 108 103 103 94 90 
236 6 1
105 93 90 104 105 107 101 95 106 98 
237 6 8
90 105 101 104 100 100 108 100 100 103 
238 4 6
101 99 90 97 99 105 90 106 101 102 
239 3 7
100 96 102 108 104 99 95 96 94 99 
240 1 5
109 100 106 91 93 102 98 96 91 98 
241 6 3
106 95 108 97 108 102 103 90 108 107 
242 1 3
96 106 100 92 107 100 107 98 102 95 
243 1 8
107 108 103 108 109 109 102 97 106 100 
244 5 5
93 109 96 91 107 107 96 105 95 106 
245 9 3
109 97 100 101 102 102 109 100 101 94 
246 1 3
105 103 99 102 105 105 108 100 104 107 
247 5 4
104 92 109 101 108 107 103 99 106 105 
248 4 9
98 102 100 101 98 93 103 106 98 104 
249 9 4
99 108 96 105 97 92 109 103 94 108 
250 5 5
97 99 94 105 95 107 93 103 91 96 
251 7 2
91 91 107 99 105 107 94 106 98 100 
252 2 6
102 100 99 106 90 95 93 109 105 97 
253 5 1
106 100 95 107 98 91 108 99 104 98 
254 9 10
95 92 107 103 95 98 91 99 101 100 
255 9 2
105 91 93 92 98 99 92 94 109 109 
256 4 8
90 93 106 104 101 104 105 99 99 102 
257 3 5
103 93 93 94 95 91 97 103 104 100 
258 6 3
90 100 108 101 99 101 109 100 97 97 
259 7 9
104 94 97 93 98 92 99 91 95 94 
260 6 4
108 103 106 102 105 93 97 97 103 95 
261 10 4
99 100 95 106 107 91 96 101 107 104 
262 7 7
98 105 97 95 102 95 98 92 100 106 
263 5 6
90 103 95 103 109 94 106 98 104 91 
264 7 2
105 92 105 94 106 91 100 106 99 100 
265 3 4
97 100 105 107 109 91 104 109 105 109 
266 3 7
105 91 96 99 104 92 103 91 94 98 
267 7 4
91 106 99 92 108 101 105 95 104 92 
268 5 4
94 91 94 101 90 98 107 98 99 93 
269 10 7
107 92 107 91 92 105 96 106 94 106 
270 9 3
109 104 90 95 98 104 100 102 97 104 
271 6 1
93 102 98 94 97 107 90 94 102 100 
272 9 5
95 94 92 99 102 91 94 94 97 94 
273 10 6
100 90 90 100 104 105 100 99 90 108 
274 5 8
97 96 94 109 98 92 96 96 108 98 
275 6 2
99 101 105 98 97 106 106 100 106 106 
276 1 4
101 100 102 101 90 108 101 97 95 105 
277 10 6
99 95 101 109 103 109 92 105 100 99 
278 4 9
96 101 90 104 97 102 107 101 92 92 
279 5 5
90 95 103 107 102 102 93 103 107 104 
280 6 4
103 97 100 94 107 95 104 93 107 96 
281 8 5
108 97 97 102 99 92 96 91 109 101 
282 10 5
94 104 99 103 98 104 98 92 92 108 
283 9 10
94 94 104 91 100 93 107 98 92 95 
284 3 4
109 108 95 108 91 106 104 95 100 94 
285 2 9
100 109 102 102 100 92 93 104 96 99 
286 8 9
95 94 98 97 91 90 101 90 100 98 
287 2 3
106 107 99 96 91 102 106 102 94 91 
288 7 5
93 102 90 92 91 97 92 108 93 101 
289 7 6
93 99 107 96 99 98 100 95 96 109 
290 2 10
94 109 93 98 90 102 104 106 94 104 
291 9 8
91 90 106 106 93 104 91 109 105 101 
292 6 5
109 105 99 107 96 102 99 100 101 94 
293 1 3
98 94 98 94 108 108 92 101 100 100 
294 1 5
106 91 95 101 102 100 105 94 107 94 
295 4 6
106 104 108 109 101 98 93 109 95 93 
296 5 6
91 108 109 102 90 109 108 106 102 105 
297 8 6
95 104 91 104 108 96 99 96 103 97 
298 8 5
98 91 105 103 94 109 98 96 99 97 
299 1 10
96 90 95 109 105 94 106 102 108 99 
300 7 9
97 97 96 102 105 94 106 93 95 94 
301 9 10
93 106 97 95 106 107 104 104 99 102 
302 4 5
106 91 98 105 92 104 105 100 104 92 
303 3 10
96 101 94 101 105 102 102 100 90 90 
304 6 7
107 92 101 109 104 106 93 100 100 94 
305 8 3
108 103 104 102 97 107 103 103 90 99 
306 7 8
103 98 107 104 98 95 92 108 97 95 
307 8 4
104 102 93 94 106 103 106 97 108 101 
308 2 6
90 107 100 102 96 108 109 90 96 98 
309 7 8
95 98 107 102 96 96 95 90 100 91 
310 5 10
104 102 108 94 105 99 91 105 108 101 
311 10 8
99 108 107 97 97 105 96 102 93 93 
312 8 10
91 104 91 102 97 95 101 103 108 91 
313 8 4
100 108 91 91 91 90 108 100 101 97 
314 1 1
92 106 104 107 102 101 97 95 108 90 
315 8 6
96 90 109 106 91 98 91 94 109 92 
316 6 1
105 105 93 96 92 103 106 94 91 100 
317 2 6
104 90 101 94 91 90 99 97 91 90 
318 6 5
91 106 100 90 101 97 90 96 92 93 
319 5 7
98 90 90 100 92 92 105 106 104 96 
320 3 6
97 92 104 90 104 99 96 105 108 99 
321 6 10
106 98 105 101 101 109 97 90 101 90 
322 3 4
104 107 92 98 106 104 106 93 98 92 
323 6 6
94 103 100 92 92 108 101 101 108 108 
324 3 10
99 91 91 90 91 93 95 97 103 109 
325 7 10
96 102 94 104 96 101 91 100 94 102 
326 3 8
92 93 108 90 103 102 91 92 95 105 
327 3 8
100 90 104 93 109 92 94 95 96 90 
328 3 4
101 103 93 106 107 106 105 101 101 95 
329 4 8
107 95 109 92 102 104 91 92 104 98 
330 9 4
92 92 101 99 93 93 104 96 98 99 
331 3 7
107 99 99 91 104 103 108 93 100 107 
332 7 3
101 109 94 95 109 92 101 92 107 104 
333 4 3
99 99 108 107 108 91 105 106 92 95 
334 8 8
108 105 90 90 94 108 92 106 100 108 
335 4 10
91 94 93 100 100 108 92 109 97 90 
336 8 9
103 94 96 106 99 93 95 109 100 95 
337 10 5
106 103 92 96 102 106 97 95 102 93 
338 6 4
91 99 92 91 99 101 101 105 106 107 
339 4 8
102 98 99 104 103 90 98 91 104 93 
340 8 7
109 97 93 93 100 108 108 93 97 91 
341 7 9
94 97 105 90 106 108 100 98 96 109 
342 3 3
101 93 103 95 108 103 93 99 90 96 
343 3 1
106 101 103 105 94 100 106 90 99 101 
344 2 7
100 93 96 98 92 91 102 95 106 96 
345 2 5
109 96 93 101 95 97 91 91 100 96 
346 10 7
98 95 97 100 106 90 106 108 93 104 
347 10 8
105 101 92 101 99 95 107 98 102 102 
348 10 8
90 102 100 100 101 109 99 109 94 106 
349 10 4
106 107 93 109 102 92 106 109 96 100 
350 4 6
106 90 106 98 103 97 107 95 90 97 
351 6 2
97 94 92 101 102 94 106 98 91 90 
352 10 6
104 97 95 90 108 90 98 104 90 94 
353 5 6
101 93 100 93 100 108 104 107 104 99 
354 2 8
103 99 97 96 91 97 102 106 104 99 
355 9 3
99 98 108 91 102 94 97 94 97 99 
356 8 1
109 104 109 104 105 102 103 98 92 90 
357 5 4
109 108 101 104 97 102 108 98 90 99 
358 1 6
103 99 91 103 108 90 93 100 104 104 
359 5 10
97 99 99 99 99 94 94 91 104 98 
360 6 3
102 95 100 102 104 102 99 90 91 100 
361 6 3
101 98 92 107 104 108 109 91 97 98 
362 3 9
94 97 99 109 97 106 103 109 92 93 
363 4 9
106 103 98 99 105 103 91 96 103 105 
364 5 9
103 105 99 102 93 102 91 90 101 92 
365 2 9
109 94 99 103 109 102 91 97 107 100 
366 8 4
105 100 109 91 96 105 99 101 92 100 
367 5 9
104 95 108 107 109 99 97 108 95 106 
368 2 7
91 95 94 108 97 91 93 92 93 93 
369 6 10
100 94 91 95 97 95 93 103 92 91 
370 4 2
92 100 102 109 109 105 105 90 90 109 
371 1 8
102 104 92 106 99 107 107 101 104 108 
372 7 4
105 109 108 99 90 91 93 104 94 105 
373 4 4
92 91 105 93 90 95 92 95 109 106 
374 2 1
96 108 102 90 99 98 95 106 98 93 
375 9 1
107 91 97 91 106 102 94 108 103 109 
376 4 7
106 98 101 98 94 102 98 100 92 102 
377 3 4
91 97 102 91 93 100 103 90 101 102 
378 2 10
95 107 99 108 98 105 106 94 93 97 
379 3 10
101 103 100 104 95 94 99 108 94 103 
380 10 8
93 95 109 96 107 102 107 92 99 97 
381 4 8
92 99 103 107 107 96 106 98 101 108 
382 5 7
93 106 105 97 99 96 96 95 101 107 
383 4 10
99 91 93 108 98 98 97 92 108 90 
384 10 8
96 105 97 99 104 104 96 99 100 103 
385 9 2
109 96 98 93 93 102 102 102 103 97 
386 1 4
106 107 105 104 107 96 103 106 103 90 
387 6 10
96 93 98 98 106 98 90 98 104 90 
388 2 8
102 105 99 95 92 101 100 108 90 95 
389 5 1
93 99 108 107 100 105 106 98 109 107 
390 8 8
95 107 105 90 107 108 107 92 103 109 
391 10 7
92 100 96 105 97 101 95 101 90 93 
392 9 3
100 106 101 99 103 98 99 109 107 94 
393 10 7
93 98 98 106 109 98 94 92 100 101 
394 10 8
104 104 90 96 99 98 91 109 107 102 
395 2 1
102 100 99 91 96 90 97 91 99 98 
396 1 1
98 104 104 108 107 93 97 93 99 98 
397 1 9
98 101 100 95 105 93 106 109 103 107 
398 1 2
108 109 103 109 109 93 109 97 99 96 
399 8 8
99 107 100 109 95 102 99 95 105 101 
400 4 3
104 109 91 109 98 103 101 96 95 94 
401 8 5
109 107 94 98 93 91 97 94 108 100 
402 4 6
92 95 103 108 106 106 90 93 97 104 
403 3 6
97 103 104 102 99 101 99 98 90 103 
404 10 4
104 106 90 95 96 105 102 99 90 95 
405 10 10
103 101 102 90 95 96 106 95 90 92 
406 10 2
103 100 92 104 93 101 99 100 97 99 
407 8 5
95 109 105 107 107 96 96 100 107 100 
408 2 6
107 109 102 107 91 103 100 104 94 102 
409 1 8
93 100 99 93 101 106 99 106 106 94 
410 7 6
92 102 105 109 93 108 96 90 107 108 
411 10 1
94 109 107 98 94 107 97 109 109 99 
412 3 2
95 93 109 103 97 95 108 91 100 96 
413 2 4
94 109 95 92 100 104 102 104 95 99 
414 5 2
109 103 91 108 92 105 91 98 109 91 
415 2 9
108 102 90 98 108 103 91 92 102 108 
416 7 3
94 99 98 100 100 92 93 91 106 106 
417 1 9
102 103 96 93 104 90 103 95 94 95 
418 4 3
108 97 106 93 95 103 107 100 104 96 
419 3 7
98 105 108 106 94 100 105 106 93 103 
420 2 1
95 106 105 99 92 90 93 102 97 90 
421 8 6
103 95 97 97 101 109 93 101 96 103 
422 1 1
93 105 108 109 90 91 99 96 108 106 
423 6 1
106 109 94 106 101 102 103 94 107 90 
424 4 1
101 96 93 107 102 93 90 105 100 100 
425 5 2
102 105 107 92 93 94 104 102 105 108 
426 9 7
100 91 92 109 103 95 101 94 94 97 
427 4 7
100 103 93 91 106 100 94 90 95 103 
428 3 2
99 106 103 95 96 91 93 99 104 108 
429 9 8
93 102 101 109 109 94 97 99 100 101 
430 3 9
91 108 108 108 101 102 109 91 90 94 
431 9 7
95 103 105 101 101 106 100 97 90 103 
432 9 10
100 96 90 90 107 105 100 100 103 98 
433 1 6
102 90 108 102 94 106 100 92 99 108 
434 6 4
104 106 102 104 99 100 95 109 106 95 
435 2 6
90 91 105 96 91 106 101 95 98 99 
436 8 5
107 98 108 108 96 106 101 102 94 93 
437 9 4
96 93 95 104 90 98 90 91 92 97 
438 10 6
105 100 91 93 101 100 90 98 100 100 
439 7 9
96 100 90 92 95 100 106 101 103 103 
440 7 7
103 108 109 97 95 108 93 91 98 106 
441 7 2
96 98 101 107 101 99 95 107 101 108 
442 3 8
98 98 90 104 103 108 90 108 106 109 
443 7 3
99 91 105 99 107 93 90 105 102 93 
444 3 4
102 100 102 94 90 94 103 98 94 103 
445 5 10
94 96 98 90 107 96 104 96 97 91 
446 6 5
95 97 101 107 100 94 102 105 96 106 
447 2 7
91 94 96 107 99 103 97 95 109 97 
448 7 10
103 102 97 102 104 93 98 101 92 109 
449 9 6
105 102 90 91 98 93 109 99 109 96 
450 10 1
101 96 96 92 95 94 101 100 98 109 
451 3 3
104 100 103 98 99 103 103 107 107 95 
452 9 7
98 108 97 109 106 96 90 97 94 108 
453 10 10
92 103 109 100 102 91 95 108 93 100 
454 7 6
106 102 92 103 107 102 109 108 92 109 
455 10 9
95 99 107 100 109 109 101 91 102 93 
456 5 7
106 91 104 90 101 102 107 109 106 109 
457 4 7
93 94 106 96 93 95 94 91 97 104 
458 4 7
103 104 98 95 107 94 91 104 95 97 
459 7 9
101 93 98 98 104 91 104 107 107 100 
460 4 2
97 90 92 104 104 95 91 97 101 91 
461 5 2
95 95 105 92 94 103 100 97 98 108 
462 6 5
101 91 93 99 93 97 92 101 109 106 
463 6 4
103 108 102 94 109 106 95 94 103 102 
464 9 10
95 99 106 95 109 94 109 93 107 93 
465 5 4
92 96 106 91 104 103 96 97 102 100 
466 2 2
108 107 98 93 91 96 102 109 97 90 
467 5 8
106 94 100 104 109 96 97 91 102 105 
468 5 7
98 102 95 90 92 106 94 102 95 94 
469 6 8
100 97 108 100 97 92 99 94 108 101 
470 1 10
107 99 100 91 94 106 109 102 90 94 
471 6 5
90 99 96 108 103 91 107 105 98 105 
472 6 9
99 104 94 98 95 96 107 92 105 90 
473 4 2
98 92 93 99 108 98 93 109 107 92 
474 10 3
93 96 108 94 103 93 94 92 100 98 
475 3 8
96 102 100 91 94 95 102 94 90 97 
476 4 9
98 99 99 107 101 100 90 96 106 108 
477 1 2
103 104 94 105 104 108 93 90 100 95 
478 4 7
92 107 101 104 95 106 95 103 107 104 
479 1 1
95 92 97 103 102 107 105 108 94 101 
480 4 9
99 106 101 102 103 94 100 106 92 91 
481 3 10
100 97 94 97 104 96 98 109 99 97 
482 5 4
106 101 101 90 92 95 101 94 103 92 
483 9 10
108 108 97 102 102 99 101 92 107 105 
484 2 2
104 91 92 93 98 96 106 95 108 90 
485 6 3
95 98 98 100 100 98 99 99 109 106 
486 4 2
96 95 95 105 102 108 96 96 90 98 
487 2 9
96 100 103 106 100 101 99 97 109 99 
488 10 1
108 109 101 107 97 94 90 103 91 95 
489 9 7
93 96 102 105 104 96 94 103 98 107 
490 10 1
90 100 107 90 90 96 92 100 107 95 
491 8 6
91 109 100 93 94 101 91 109 107 95 
492 6 5
101 101 107 101 90 108 91 91 99 100 
493 4 2
107 105 101 96 102 100 101 103 99 104 
494 9 6
95 99 106 104 105 93 100 108 104 109 
495 1 6
108 101 98 109 92 91 90 101 98 101 
496 10 1
103 103 103 92 97 104 97 94 93 93 
497 9 1
97 91 99 103 90 101 90 108 92 98 
498 8 7
91 99 109 99 102 99 99 95 104 105 
499 8 2
99 104 107 94 100 97 105 99 98 106 

