50 10 1000
0 7 6
101 98 98 98 100 99 99 102 101 102 
1 4 10
100 99 102 98 99 98 98 100 101 101 
2 4 8
98 100 101 101 102 102 99 102 99 99 
3 6 9
98 101 102 101 100 100 101 100 99 100 
4 3 3
102 102 102 100 101 100 99 98 99 102 
5 6 2
99 99 100 100 101 100 101 101 98 100 
6 4 6
98 99 100 99 98 99 101 99 99 100 
7 5 7
99 98 99 101 100 99 99 101 101 101 
8 6 4
99 98 99 101 101 102 101 101 101 100 
9 2 1
99 102 100 100 101 101 98 99 101 99 
10 5 3
102 100 98 100 99 101 98 102 101 101 
11 5 2
98 101 99 98 98 100 100 101 101 102 
12 6 4
102 98 98 101 101 99 100 101 102 101 
13 8 3
101 98 101 99 98 100 98 100 98 101 
14 8 9
101 100 99 101 101 102 100 101 99 102 
15 9 8
98 98 98 99 101 102 101 99 102 101 
16 6 8
99 98 102 101 98 102 101 101 99 100 
17 8 10
99 99 100 102 98 98 99 98 99 101 
18 10 2
98 102 101 102 101 98 99 102 100 101 
19 5 3
100 101 101 101 98 98 100 101 99 100 
20 10 2
100 101 101 98 99 100 100 99 100 100 
21 9 1
100 99 99 102 102 98 101 101 98 99 
22 7 3
101 99 98 102 101 100 100 100 98 99 
23 4 4
98 100 100 102 102 100 102 101 101 100 
24 5 6
98 100 101 98 99 100 101 102 98 98 
25 2 1
100 101 100 102 99 100 101 102 102 100 
26 4 1
102 98 98 102 100 102 102 100 102 98 
27 1 1
102 98 99 102 100 100 102 100 101 101 
28 2 5
99 99 98 100 101 102 98 100 102 98 
29 10 2
100 101 99 101 98 101 101 102 101 99 
30 6 1
102 102 102 102 101 99 101 99 102 99 
31 9 4
98 98 100 102 101 99 100 98 100 98 
32 4 3
101 101 102 101 102 102 99 98 99 98 
33 5 10
99 98 98 99 99 98 99 101 99 101 
34 5 2
100 99 99 102 100 99 101 100 102 102 
35 2 1
99 102 101 100 102 102 101 101 102 98 
36 2 8
100 100 100 98 100 99 99 99 101 100 
37 3 8
101 101 99 102 100 102 100 98 101 98 
38 3 9
102 100 99 99 100 102 98 98 101 101 
39 6 6
102 100 102 102 99 99 99 100 102 98 
40 7 10
102 101 102 101 101 102 99 98 99 102 
41 7 2
101 101 101 99 99 98 101 101 100 100 
42 8 7
99 99 101 98 99 99 99 98 98 99 
43 6 1
100 101 100 101 100 98 99 100 102 102 
44 1 8
98 99 98 102 101 98 100 99 101 98 
45 10 10
102 98 99 102 99 102 99 101 100 99 
46 5 1
99 98 102 100 100 98 98 100 99 100 
47 9 7
102 99 101 100 101 100 99 100 100 98 
48 9 2
102 100 99 99 101 100 101 99 98 101 
49 5 3
98 99 99 99 101 99 102 98 100 102 

