50 10 4467
0 47 86
98 90 95 90 102 106 91 94 108 94 
1 94 40
92 91 94 105 91 105 105 92 108 108 
2 74 48
95 107 98 108 104 104 106 104 96 91 
3 16 79
100 98 104 98 102 97 98 97 91 102 
4 23 83
109 99 94 107 98 107 106 95 96 94 
5 36 42
101 101 97 107 103 92 98 93 100 92 
6 24 96
100 101 92 101 105 106 103 96 96 107 
7 5 7
96 90 101 103 107 96 96 98 108 103 
8 46 84
106 95 96 108 98 99 103 108 103 97 
9 22 61
106 104 97 92 93 93 90 91 93 101 
10 95 73
99 102 90 97 96 108 100 104 93 98 
11 45 52
100 108 91 105 95 92 97 103 98 104 
12 36 4
99 105 95 103 108 101 107 98 94 108 
13 88 63
98 100 98 101 100 102 105 102 100 98 
14 48 89
93 97 91 93 103 99 97 93 106 94 
15 89 48
105 95 105 101 93 104 103 101 94 103 
16 36 8
96 100 109 98 100 109 98 103 96 92 
17 58 100
101 106 92 109 90 100 96 105 106 103 
18 60 92
90 94 93 94 108 100 101 94 102 93 
19 45 23
92 103 98 98 105 95 97 108 91 92 
20 50 42
102 98 98 90 91 97 102 91 102 97 
21 59 71
107 91 96 99 94 100 93 108 105 101 
22 87 23
98 96 90 99 98 92 92 102 100 101 
23 14 84
100 107 107 104 94 97 94 103 98 92 
24 15 26
95 107 93 90 91 92 93 99 90 105 
25 92 1
107 103 102 109 106 107 93 109 104 102 
26 74 91
109 100 105 109 102 99 94 107 109 90 
27 31 21
104 95 91 104 102 102 104 92 108 108 
28 42 95
106 106 95 92 98 109 95 97 99 90 
29 80 22
92 93 101 103 105 103 103 99 108 96 
30 36 91
109 99 94 99 98 96 93 106 104 91 
31 19 24
90 105 92 99 98 91 92 100 107 95 
32 64 13
108 98 104 98 104 99 101 95 101 105 
33 15 100
91 100 105 106 101 95 101 93 91 103 
34 85 62
97 96 101 94 102 96 98 92 104 104 
35 12 21
106 104 108 97 99 94 108 93 104 95 
36 52 78
92 92 102 105 97 106 106 96 93 97 
37 63 28
103 93 91 109 107 94 102 95 108 100 
38 13 89
104 92 101 91 97 104 100 100 98 93 
39 6 56
109 92 104 104 91 106 91 97 109 105 
40 27 90
109 108 104 108 98 109 96 105 91 99 
41 57 62
93 108 93 101 91 90 108 103 92 102 
42 48 97
91 91 93 90 106 91 91 105 90 106 
43 26 81
97 93 97 98 102 105 91 97 104 94 
44 51 28
95 91 90 109 103 90 97 96 103 100 
45 80 70
94 90 106 94 106 104 106 93 107 106 
46 5 11
101 95 99 107 92 90 95 97 91 107 
47 59 47
99 96 103 92 98 102 101 102 102 90 
48 89 22
104 107 106 101 103 102 103 106 100 93 
49 75 73
105 101 101 106 98 91 104 100 97 109 

