50 10 987
0 2 4
124 76 113 87 75 113 78 135 94 104 
1 5 5
53 64 52 91 51 99 67 54 118 129 
2 4 9
72 132 70 70 80 123 54 106 149 69 
3 5 5
133 72 111 129 126 125 94 81 92 148 
4 3 4
97 139 97 117 71 122 136 145 104 56 
5 7 8
81 122 143 81 141 89 57 76 111 119 
6 7 1
146 52 123 88 50 96 83 149 137 82 
7 8 1
55 55 106 61 113 74 50 144 98 96 
8 8 10
135 135 116 149 56 74 91 52 76 64 
9 4 9
62 76 127 102 61 146 114 66 51 70 
10 10 5
146 130 61 94 76 138 134 113 75 52 
11 3 4
76 105 88 54 120 81 132 84 59 109 
12 7 1
106 101 86 59 73 118 76 70 98 87 
13 5 7
127 50 139 105 104 54 88 82 109 126 
14 7 2
109 68 66 119 128 52 139 136 55 128 
15 6 10
96 123 51 96 112 115 122 90 68 63 
16 8 5
119 135 107 79 112 143 60 71 62 128 
17 3 3
131 134 130 88 64 77 117 110 51 118 
18 9 4
136 132 105 106 145 52 130 115 90 87 
19 7 5
81 58 125 145 137 120 139 70 104 119 
20 9 9
98 128 130 51 96 88 115 134 122 122 
21 1 8
77 71 134 117 108 80 71 91 141 98 
22 9 9
68 127 148 74 148 58 142 97 136 74 
23 9 4
64 115 119 136 88 60 56 115 81 140 
24 5 2
123 55 85 114 103 73 92 74 51 142 
25 9 10
102 143 96 89 67 97 74 82 62 143 
26 9 3
53 126 69 136 117 53 130 90 58 65 
27 7 5
88 100 88 89 144 88 141 96 81 139 
28 6 10
86 111 83 51 105 53 105 60 130 125 
29 10 10
128 79 141 89 94 97 55 84 99 93 
30 7 4
83 67 139 115 108 77 116 145 138 101 
31 9 6
104 53 56 136 128 105 135 59 86 126 
32 1 1
73 55 64 122 50 142 117 83 59 107 
33 1 9
86 118 65 74 69 65 122 124 68 128 
34 1 10
135 96 60 71 124 112 103 100 69 69 
35 3 2
62 92 54 123 101 57 91 137 125 58 
36 4 6
125 85 71 96 63 131 97 100 129 107 
37 2 5
121 74 54 140 94 128 111 58 70 67 
38 2 4
74 73 60 102 133 124 149 109 111 70 
39 8 8
103 54 127 83 111 51 89 134 75 145 
40 5 2
123 85 79 96 54 61 71 131 136 82 
41 4 2
108 82 82 69 54 139 96 107 143 126 
42 1 7
127 131 140 104 126 114 126 52 101 107 
43 1 9
70 71 139 56 55 124 130 113 108 62 
44 6 3
52 131 69 97 59 112 104 136 93 94 
45 2 3
111 119 76 114 128 76 122 149 149 63 
46 8 6
137 87 118 95 100 105 109 54 87 129 
47 4 9
143 107 135 138 104 128 110 117 149 136 
48 2 8
114 106 78 114 119 136 71 107 73 91 
49 5 6
147 64 131 136 95 135 134 88 92 71 

