50 10 3500
0 47 86
101 98 98 98 100 99 99 102 101 102 
1 94 40
100 99 102 98 99 98 98 100 101 101 
2 74 48
98 100 101 101 102 102 99 102 99 99 
3 16 79
98 101 102 101 100 100 101 100 99 100 
4 23 83
102 102 102 100 101 100 99 98 99 102 
5 36 42
99 99 100 100 101 100 101 101 98 100 
6 24 96
98 99 100 99 98 99 101 99 99 100 
7 5 7
99 98 99 101 100 99 99 101 101 101 
8 46 84
99 98 99 101 101 102 101 101 101 100 
9 22 61
99 102 100 100 101 101 98 99 101 99 
10 95 73
102 100 98 100 99 101 98 102 101 101 
11 45 52
98 101 99 98 98 100 100 101 101 102 
12 36 4
102 98 98 101 101 99 100 101 102 101 
13 88 63
101 98 101 99 98 100 98 100 98 101 
14 48 89
101 100 99 101 101 102 100 101 99 102 
15 89 48
98 98 98 99 101 102 101 99 102 101 
16 36 8
99 98 102 101 98 102 101 101 99 100 
17 58 100
99 99 100 102 98 98 99 98 99 101 
18 60 92
98 102 101 102 101 98 99 102 100 101 
19 45 23
100 101 101 101 98 98 100 101 99 100 
20 50 42
100 101 101 98 99 100 100 99 100 100 
21 59 71
100 99 99 102 102 98 101 101 98 99 
22 87 23
101 99 98 102 101 100 100 100 98 99 
23 14 84
98 100 100 102 102 100 102 101 101 100 
24 15 26
98 100 101 98 99 100 101 102 98 98 
25 92 1
100 101 100 102 99 100 101 102 102 100 
26 74 91
102 98 98 102 100 102 102 100 102 98 
27 31 21
102 98 99 102 100 100 102 100 101 101 
28 42 95
99 99 98 100 101 102 98 100 102 98 
29 80 22
100 101 99 101 98 101 101 102 101 99 
30 36 91
102 102 102 102 101 99 101 99 102 99 
31 19 24
98 98 100 102 101 99 100 98 100 98 
32 64 13
101 101 102 101 102 102 99 98 99 98 
33 15 100
99 98 98 99 99 98 99 101 99 101 
34 85 62
100 99 99 102 100 99 101 100 102 102 
35 12 21
99 102 101 100 102 102 101 101 102 98 
36 52 78
100 100 100 98 100 99 99 99 101 100 
37 63 28
101 101 99 102 100 102 100 98 101 98 
38 13 89
102 100 99 99 100 102 98 98 101 101 
39 6 56
102 100 102 102 99 99 99 100 102 98 
40 27 90
102 101 102 101 101 102 99 98 99 102 
41 57 62
101 101 101 99 99 98 101 101 100 100 
42 48 97
99 99 101 98 99 99 99 98 98 99 
43 26 81
100 101 100 101 100 98 99 100 102 102 
44 51 28
98 99 98 102 101 98 100 99 101 98 
45 80 70
102 98 99 102 99 102 99 101 100 99 
46 5 11
99 98 102 100 100 98 98 100 99 100 
47 59 47
102 99 101 100 101 100 99 100 100 98 
48 89 22
102 100 99 99 101 100 101 99 98 101 
49 75 73
98 99 99 99 101 99 102 98 100 102 

