50 10 3485
0 91 20
138 125 111 148 114 127 95 77 92 129 
1 50 94
87 99 104 123 117 80 52 122 119 65 
2 68 92
60 80 146 113 63 136 132 52 111 146 
3 53 78
123 147 107 117 78 56 110 115 106 64 
4 91 76
94 95 149 116 110 116 59 73 98 55 
5 87 63
93 71 66 106 67 118 136 140 67 93 
6 11 46
99 120 112 107 87 54 135 83 99 134 
7 100 63
53 110 87 101 67 73 115 110 146 131 
8 70 66
51 105 58 68 148 68 65 149 138 127 
9 10 78
132 96 61 133 132 112 147 135 73 84 
10 90 93
60 104 55 56 138 124 122 91 131 82 
11 61 32
100 125 80 140 55 141 118 137 87 129 
12 23 73
91 70 59 66 56 148 59 66 55 116 
13 76 46
90 149 136 71 81 148 102 131 76 84 
14 24 32
128 141 120 117 72 142 89 66 114 99 
15 85 72
149 95 89 106 61 64 51 101 63 90 
16 25 97
88 78 79 66 113 103 97 91 94 119 
17 9 20
64 50 85 128 99 69 51 50 115 91 
18 58 77
57 60 130 123 100 106 119 91 135 149 
19 58 49
54 107 91 98 76 51 69 90 51 104 
20 72 3
76 122 53 93 115 62 69 75 72 101 
21 99 74
58 69 116 143 68 73 143 72 82 136 
22 24 60
137 92 101 91 99 124 145 125 149 100 
23 19 65
112 139 139 135 143 89 60 51 109 126 
24 47 30
101 141 102 134 127 77 145 114 71 96 
25 58 71
71 55 147 70 105 65 86 68 107 128 
26 56 51
67 67 101 126 95 99 56 146 90 60 
27 81 18
139 125 83 60 124 93 83 97 98 80 
28 20 4
148 105 123 105 135 130 55 53 99 58 
29 32 95
59 139 141 99 101 73 68 142 101 53 
30 4 78
96 138 74 96 68 93 52 66 100 125 
31 24 37
58 130 141 59 138 124 54 147 66 97 
32 99 68
72 118 62 123 122 65 100 120 105 76 
33 18 74
119 121 92 122 148 67 58 56 148 101 
34 17 87
127 122 86 143 69 136 63 91 105 75 
35 68 80
142 119 51 97 146 68 70 67 139 64 
36 42 89
82 51 96 132 102 64 70 80 136 106 
37 76 58
145 138 101 52 63 68 131 107 89 132 
38 5 88
103 127 107 144 141 148 84 125 50 83 
39 58 5
97 80 84 136 136 112 145 83 100 96 
40 36 17
66 118 123 106 53 128 145 58 57 102 
41 55 51
101 91 76 53 124 85 57 123 115 144 
42 12 5
106 57 139 108 103 127 124 72 147 50 
43 79 53
128 75 110 135 128 117 137 131 58 115 
44 85 35
51 93 109 68 87 121 124 95 80 66 
45 5 36
143 128 107 140 128 137 93 58 63 105 
46 46 92
72 83 74 132 148 110 66 101 53 126 
47 23 94
149 98 88 79 114 92 114 107 71 124 
48 1 52
111 145 62 124 100 107 67 75 92 143 
49 60 94
103 126 94 107 54 68 100 105 117 138 

