500 10 34999
0 1 10
101 98 99 101 102 100 98 100 100 102 
1 10 4
100 102 102 101 100 98 100 100 102 98 
2 8 2
98 98 99 101 101 99 100 100 99 99 
3 3 8
101 100 100 100 101 99 98 98 99 102 
4 1 6
102 98 102 99 98 99 102 101 101 98 
5 7 3
101 99 99 99 100 101 99 98 100 101 
6 1 6
102 98 100 100 100 102 98 101 102 102 
7 10 3
101 98 100 99 100 101 98 98 99 99 
8 10 6
99 98 101 101 101 101 98 102 101 100 
9 10 8
100 99 99 101 100 100 100 98 101 102 
10 10 3
98 102 98 99 101 102 100 99 99 100 
11 1 2
98 98 98 98 98 99 101 100 100 102 
12 3 3
99 98 102 99 99 101 102 99 98 99 
13 6 6
98 102 99 99 99 101 100 99 99 102 
14 4 2
101 99 98 100 100 100 102 99 102 102 
15 5 2
102 98 102 99 99 102 99 99 101 98 
16 5 7
101 101 102 99 101 101 100 99 102 102 
17 9 10
102 98 98 101 102 102 99 98 98 99 
18 8 7
100 98 98 101 98 99 102 99 98 102 
19 8 9
102 100 99 101 99 99 102 98 99 102 
20 2 3
99 100 101 101 98 100 102 98 100 99 
21 9 4
101 102 99 101 101 101 101 100 100 99 
22 4 10
100 100 99 99 102 102 98 98 102 98 
23 9 5
100 102 102 98 101 102 98 99 102 99 
24 7 10
99 99 100 102 100 100 98 102 99 99 
25 8 1
99 98 100 98 98 98 99 101 100 101 
26 6 1
100 100 99 99 98 102 99 99 98 98 
27 1 8
102 98 101 98 102 101 101 100 101 98 
28 10 4
101 98 101 98 98 98 98 101 102 101 
29 2 5
102 102 99 102 99 101 101 100 99 101 
30 4 8
99 101 102 99 101 101 100 99 98 98 
31 4 7
101 98 99 102 101 102 102 100 99 100 
32 9 8
100 101 100 101 100 98 98 98 98 99 
33 8 4
102 99 100 100 101 100 101 99 101 99 
34 7 7
100 100 99 101 102 99 101 99 98 98 
35 8 10
100 102 99 100 99 101 98 100 102 102 
36 2 9
100 99 99 100 100 102 98 98 99 99 
37 6 8
98 101 99 100 101 101 99 100 102 100 
38 5 8
101 100 100 102 99 101 102 98 98 101 
39 8 5
100 98 102 99 99 100 98 101 98 99 
40 6 7
99 101 101 99 101 101 98 101 100 100 
41 5 1
99 99 99 101 102 98 100 101 98 102 
42 2 5
99 100 102 101 101 100 102 100 100 98 
43 9 3
101 98 98 98 101 100 100 99 101 98 
44 5 5
99 101 102 101 100 99 102 98 98 99 
45 5 6
101 101 100 98 101 100 101 101 101 98 
46 6 2
100 101 102 100 101 98 99 99 101 99 
47 3 4
102 101 101 102 102 100 102 100 99 102 
48 1 2
99 98 100 102 98 100 100 98 100 101 
49 10 4
101 99 102 100 102 101 98 98 100 101 
50 7 2
101 100 99 99 99 99 100 101 99 102 
51 5 9
102 100 98 101 98 98 99 99 101 101 
52 1 10
99 98 102 101 98 100 98 101 102 99 
53 10 2
102 102 99 100 98 98 98 99 102 101 
54 6 8
101 99 98 101 102 98 100 99 98 101 
55 7 3
98 99 101 102 102 102 100 101 98 101 
56 6 2
99 101 100 100 99 100 99 99 99 99 
57 10 8
101 99 98 98 102 100 101 102 98 101 
58 6 1
100 101 98 98 101 99 99 99 99 98 
59 2 8
98 102 101 99 101 102 98 99 100 99 
60 8 9
101 100 102 101 98 102 98 102 102 99 
61 5 6
102 98 101 98 101 102 102 101 102 102 
62 7 10
101 99 98 98 100 100 101 100 102 100 
63 4 2
101 101 99 101 99 98 98 98 101 101 
64 3 4
101 99 99 102 98 100 101 98 98 98 
65 8 6
101 98 100 102 102 98 99 98 99 102 
66 9 10
99 98 100 99 101 102 102 99 101 100 
67 3 1
102 100 99 100 101 101 100 101 99 102 
68 8 3
100 98 100 98 102 100 102 101 100 99 
69 5 4
101 102 102 99 99 102 99 101 99 102 
70 1 5
98 102 100 101 101 100 100 100 100 98 
71 5 5
102 102 100 102 100 101 100 98 100 101 
72 9 2
102 100 99 99 99 101 100 101 100 100 
73 7 3
102 102 98 101 99 102 100 100 98 99 
74 2 9
98 98 98 102 99 102 100 98 99 101 
75 9 10
99 99 101 101 101 102 101 102 98 98 
76 8 7
99 100 102 100 101 100 100 98 98 102 
77 8 7
98 102 101 99 101 100 101 99 98 101 
78 3 6
102 98 102 98 98 99 101 99 98 100 
79 1 7
100 102 99 100 102 98 98 102 98 101 
80 4 6
100 99 99 100 102 101 100 101 98 99 
81 6 6
98 102 102 100 101 102 101 98 102 100 
82 8 6
100 100 102 100 99 100 102 101 98 99 
83 9 5
99 98 98 100 102 100 102 99 99 98 
84 9 6
98 102 98 99 99 98 99 98 100 100 
85 1 1
98 102 99 98 100 99 100 102 101 102 
86 9 5
99 102 98 101 98 99 98 100 100 100 
87 6 4
100 101 101 100 98 98 102 98 98 100 
88 9 8
101 98 101 100 102 101 101 100 101 102 
89 3 6
100 100 100 102 98 102 102 102 100 102 
90 4 8
98 101 98 100 98 101 99 99 101 98 
91 1 5
98 101 101 98 102 99 98 101 98 102 
92 3 8
101 101 100 100 101 98 98 98 98 98 
93 3 9
101 101 102 101 98 99 102 99 99 100 
94 4 2
98 102 102 99 98 102 101 99 100 100 
95 9 8
101 101 100 98 98 99 101 98 100 102 
96 4 3
98 102 98 100 102 99 98 102 100 99 
97 8 3
98 99 101 98 101 102 102 101 102 102 
98 10 6
98 100 98 102 102 99 102 99 98 99 
99 1 2
100 98 101 102 100 98 100 102 99 100 
100 2 3
101 99 98 101 98 99 101 100 99 98 
101 10 1
99 101 99 102 102 100 98 100 102 101 
102 4 4
99 98 98 102 98 99 99 101 102 102 
103 4 7
100 99 102 101 100 101 101 98 101 100 
104 10 3
99 100 99 98 100 98 99 101 100 99 
105 9 3
102 99 101 102 100 99 98 98 98 99 
106 4 10
102 102 102 100 101 99 100 102 101 101 
107 7 8
101 102 99 99 98 99 98 98 102 98 
108 10 8
102 102 102 102 99 102 101 100 98 102 
109 3 4
98 102 102 98 102 101 101 101 100 99 
110 2 4
102 101 98 98 102 102 100 101 98 101 
111 8 4
101 100 101 101 101 100 102 102 101 101 
112 2 3
99 99 100 99 102 101 102 101 100 99 
113 7 4
100 101 99 102 102 98 98 100 102 101 
114 8 3
98 99 101 98 100 100 100 98 101 98 
115 2 4
98 100 101 102 101 102 100 100 98 101 
116 3 7
98 100 101 102 98 100 102 100 99 102 
117 3 9
99 99 98 98 99 102 98 102 99 98 
118 4 8
100 99 102 102 99 101 98 102 98 98 
119 1 3
100 102 99 101 102 98 101 98 100 102 
120 8 6
98 102 102 99 98 98 98 102 99 100 
121 4 10
100 98 98 101 98 99 100 100 98 102 
122 9 2
102 99 102 99 100 101 100 100 101 101 
123 2 1
101 101 102 99 100 102 101 98 102 101 
124 6 7
102 100 101 100 99 101 101 99 100 102 
125 10 2
101 99 102 101 100 100 101 98 100 102 
126 10 6
98 100 100 102 98 100 98 98 102 98 
127 8 7
99 100 102 101 100 101 102 100 100 98 
128 1 10
102 98 99 100 102 98 102 102 100 99 
129 1 9
98 100 101 102 102 100 98 98 99 99 
130 1 6
98 98 100 100 100 102 99 102 102 100 
131 4 9
101 102 102 98 100 102 98 100 99 98 
132 2 2
100 102 99 99 98 100 99 98 102 99 
133 10 9
98 98 102 98 98 100 101 98 99 101 
134 8 4
102 101 98 99 101 102 100 101 98 98 
135 10 6
102 100 101 98 101 100 99 102 101 98 
136 5 6
98 102 98 99 102 100 100 102 98 102 
137 8 2
98 99 99 98 99 98 99 101 100 102 
138 1 2
101 99 100 101 100 99 101 100 100 98 
139 6 10
101 102 101 98 99 98 101 99 101 102 
140 3 7
102 98 102 102 99 98 100 102 101 99 
141 1 8
102 101 99 99 102 102 98 102 101 98 
142 2 7
100 98 101 98 102 100 100 99 102 101 
143 3 3
98 99 101 102 100 101 99 99 102 98 
144 10 6
102 100 102 102 100 100 99 98 100 99 
145 8 5
101 102 100 102 98 102 99 98 100 102 
146 7 10
98 98 100 102 98 99 102 102 101 98 
147 4 9
100 102 98 98 100 100 99 98 102 101 
148 2 5
102 102 102 99 102 101 100 99 101 102 
149 1 4
100 99 100 99 99 100 99 101 102 99 
150 6 2
101 101 102 100 99 98 101 98 98 101 
151 9 2
101 98 100 99 102 102 102 100 98 101 
152 1 9
98 99 101 102 100 99 101 98 102 100 
153 1 7
100 101 101 102 101 100 100 99 100 99 
154 3 10
98 101 101 100 99 98 100 102 99 99 
155 1 6
100 101 100 99 98 100 102 98 101 98 
156 7 7
102 102 98 101 98 102 100 101 101 100 
157 6 7
100 101 98 101 99 101 98 101 99 101 
158 2 10
100 101 99 98 98 100 100 102 99 102 
159 8 5
101 100 100 99 102 102 98 100 102 100 
160 3 6
98 98 98 102 101 102 101 98 102 99 
161 2 10
101 98 101 100 102 100 101 102 102 98 
162 7 2
99 101 98 99 98 102 101 99 102 102 
163 6 3
98 98 98 102 99 99 98 99 101 98 
164 6 5
100 101 101 102 98 99 100 100 102 100 
165 9 8
99 101 101 99 102 98 98 102 100 98 
166 1 9
101 98 99 99 100 102 100 100 100 101 
167 2 4
102 101 100 99 100 100 101 101 98 101 
168 2 6
101 100 99 98 100 100 98 99 102 101 
169 5 8
100 100 102 100 98 100 100 99 100 102 
170 5 5
99 102 102 101 100 99 101 100 98 100 
171 10 5
102 99 98 98 98 100 100 102 99 101 
172 2 4
98 101 99 100 102 99 101 100 98 101 
173 7 1
99 99 100 99 101 100 98 102 101 101 
174 6 1
98 102 100 101 101 101 101 98 102 102 
175 1 6
100 101 101 101 101 99 101 102 102 98 
176 1 9
102 99 102 98 99 102 98 101 99 100 
177 7 5
101 102 99 102 98 99 102 101 98 102 
178 7 4
100 99 98 100 101 98 100 98 101 99 
179 1 10
101 98 100 102 98 98 98 98 99 99 
180 10 3
101 98 98 98 100 101 98 102 99 98 
181 2 5
99 101 102 99 100 102 99 98 100 98 
182 10 5
99 102 102 100 98 98 99 98 98 99 
183 1 5
99 99 102 100 101 98 102 102 99 101 
184 4 9
98 99 101 102 99 102 101 102 98 102 
185 10 6
102 98 101 99 102 98 99 98 99 98 
186 6 3
100 102 99 98 102 99 101 102 100 101 
187 6 2
100 98 98 100 102 99 98 98 100 101 
188 5 9
101 98 98 100 100 98 102 99 102 100 
189 8 5
99 100 98 101 99 101 102 98 101 100 
190 9 1
101 98 100 100 98 99 98 98 99 101 
191 8 6
101 101 102 98 101 99 99 102 98 99 
192 10 7
99 102 100 98 99 100 100 99 100 102 
193 10 3
99 99 100 102 102 100 100 98 100 99 
194 6 6
102 99 99 102 102 99 99 101 100 98 
195 6 4
100 100 99 102 99 100 101 102 102 100 
196 2 1
102 101 100 102 102 102 99 101 100 101 
197 3 10
99 98 100 101 98 100 101 102 102 102 
198 6 3
100 101 102 101 99 98 98 100 101 101 
199 7 10
102 101 102 100 101 101 99 102 102 101 
200 8 7
100 100 99 101 99 101 100 98 100 99 
201 6 1
99 99 100 99 99 99 100 98 99 99 
202 10 10
98 98 98 99 98 102 100 100 99 98 
203 6 5
102 101 98 101 99 98 101 98 101 100 
204 7 5
98 102 100 101 98 99 100 100 102 102 
205 4 10
101 99 102 99 101 102 99 102 102 99 
206 3 2
101 100 99 100 100 102 101 100 98 98 
207 2 9
102 98 98 101 100 102 102 98 100 101 
208 8 3
98 101 100 102 99 99 100 102 102 101 
209 2 2
98 100 98 98 102 101 101 101 99 102 
210 9 9
98 101 98 100 99 102 99 99 100 101 
211 4 1
98 98 98 99 99 101 102 99 98 102 
212 7 3
101 100 98 102 101 99 102 101 102 102 
213 8 8
102 101 99 101 102 102 102 99 99 99 
214 8 3
99 99 98 102 100 102 99 100 99 101 
215 4 5
102 100 102 101 100 101 101 99 99 102 
216 7 3
98 98 101 99 101 98 99 98 101 99 
217 7 2
100 100 98 101 98 102 102 98 99 98 
218 6 1
101 98 101 100 102 98 102 99 100 101 
219 6 7
98 99 101 102 102 102 100 100 101 100 
220 8 6
101 102 100 100 102 98 100 101 98 99 
221 6 8
101 99 101 98 102 98 101 98 101 101 
222 2 4
102 98 100 100 102 99 98 101 98 100 
223 1 3
102 102 100 98 100 102 100 98 98 100 
224 4 6
101 101 100 99 100 98 99 101 100 98 
225 9 7
100 101 99 102 100 99 99 100 99 101 
226 5 4
100 99 99 98 98 99 100 98 102 99 
227 8 4
99 98 100 98 99 98 99 98 98 101 
228 5 5
99 99 99 100 99 100 101 99 101 99 
229 2 7
100 101 99 99 99 98 98 102 99 102 
230 10 8
99 98 100 99 98 101 98 100 102 102 
231 7 4
99 99 102 100 100 100 98 102 100 99 
232 4 4
100 98 100 98 102 101 102 100 101 101 
233 6 2
99 100 98 101 99 99 99 98 98 100 
234 10 3
99 102 102 101 100 102 101 99 102 100 
235 7 6
98 98 100 98 101 100 99 98 99 99 
236 9 4
98 99 98 100 101 99 102 102 98 98 
237 10 3
102 102 99 98 99 100 98 99 101 102 
238 9 4
101 100 101 98 101 101 98 98 102 100 
239 8 5
101 102 98 98 99 102 102 101 101 98 
240 4 7
101 99 102 101 100 101 99 99 98 100 
241 4 1
98 98 101 100 100 98 99 100 99 100 
242 8 4
101 99 99 102 100 99 98 100 100 98 
243 1 1
101 99 101 98 101 101 98 99 101 101 
244 9 8
99 99 99 100 98 101 100 102 102 98 
245 4 4
100 98 98 99 98 98 101 98 102 99 
246 1 8
99 99 101 102 99 101 101 100 98 102 
247 3 6
102 102 99 99 100 99 102 102 100 100 
248 3 5
100 99 98 101 102 98 99 99 101 99 
249 8 8
100 99 102 100 100 101 102 100 98 101 
250 9 3
102 102 101 101 99 98 98 99 99 98 
251 5 7
100 100 102 101 99 99 98 101 100 99 
252 6 3
98 99 102 100 102 102 102 99 101 100 
253 7 3
102 99 101 101 99 102 102 99 100 98 
254 5 9
99 99 99 99 100 101 101 102 102 102 
255 7 2
98 100 100 101 99 101 100 99 100 100 
256 5 6
100 98 99 99 98 100 102 99 98 100 
257 10 6
100 100 102 99 101 101 102 101 98 99 
258 5 3
100 99 98 99 102 102 99 101 99 98 
259 5 4
100 98 102 101 100 102 98 102 101 102 
260 3 5
102 100 100 100 98 101 99 102 100 99 
261 1 4
100 102 99 101 102 100 99 99 100 100 
262 2 10
101 99 98 102 101 102 101 102 99 100 
263 2 10
99 100 101 98 98 99 101 100 98 99 
264 1 5
101 101 100 98 99 99 99 99 102 99 
265 6 10
100 101 102 102 101 100 101 99 98 101 
266 7 3
99 102 98 99 100 100 98 98 99 98 
267 8 5
99 101 98 98 99 99 98 101 99 99 
268 5 5
101 102 98 98 101 99 101 102 100 98 
269 9 2
100 98 99 101 98 98 100 101 101 101 
270 5 2
99 99 100 100 102 99 102 100 99 99 
271 6 2
98 98 100 100 98 100 99 100 101 102 
272 2 6
98 98 102 98 98 101 100 101 99 99 
273 9 6
100 100 102 98 101 102 101 101 102 101 
274 4 10
98 102 102 98 98 100 99 98 100 98 
275 7 1
98 98 101 99 99 99 101 98 101 100 
276 4 5
100 101 102 101 101 102 98 99 101 102 
277 7 2
99 100 99 98 102 102 100 102 99 99 
278 1 3
100 101 98 101 99 98 102 98 98 101 
279 6 10
101 98 98 101 99 101 102 102 101 101 
280 8 8
100 102 100 102 98 100 101 98 101 98 
281 6 2
100 102 101 101 102 101 102 102 99 99 
282 6 8
102 99 102 100 102 99 98 102 98 102 
283 9 9
101 101 98 99 99 100 102 101 101 100 
284 4 8
101 100 102 102 98 102 101 98 98 100 
285 5 3
98 99 99 101 98 99 101 102 99 101 
286 8 3
98 100 101 101 99 99 100 99 102 101 
287 1 2
100 99 101 98 98 101 102 101 99 100 
288 2 8
101 102 101 99 102 98 102 99 102 100 
289 10 9
98 101 102 102 100 100 101 99 98 99 
290 9 1
102 100 101 101 102 99 100 102 98 98 
291 7 2
100 100 100 102 102 101 100 102 100 101 
292 7 7
98 99 100 98 100 99 101 102 98 99 
293 8 6
98 102 102 98 99 100 100 101 102 102 
294 5 1
98 99 100 100 98 98 101 100 99 100 
295 6 4
98 101 102 99 99 99 101 99 98 102 
296 10 7
100 101 100 101 102 99 99 102 98 101 
297 7 8
98 99 102 99 99 102 99 99 102 99 
298 5 7
102 102 102 98 102 101 101 101 99 100 
299 4 2
102 102 98 99 100 102 101 102 98 102 
300 3 9
99 102 100 98 100 99 101 99 101 101 
301 4 8
101 102 100 98 99 98 101 100 98 101 
302 4 5
100 101 102 98 101 99 101 99 100 100 
303 2 7
102 100 101 100 98 101 99 101 100 101 
304 1 2
98 101 98 100 102 102 100 99 102 101 
305 4 10
99 102 98 102 99 100 98 100 99 98 
306 2 2
99 100 99 98 100 100 99 98 100 102 
307 3 2
98 99 98 102 102 101 102 99 102 102 
308 8 2
101 102 101 102 100 100 100 101 102 102 
309 6 5
101 102 99 100 101 101 102 101 98 102 
310 3 7
102 101 100 102 101 99 100 101 99 100 
311 1 1
102 100 98 99 101 98 98 101 102 99 
312 2 10
99 98 100 101 99 100 98 98 100 100 
313 2 8
99 101 99 102 99 99 102 98 98 102 
314 2 5
99 101 100 101 99 101 100 101 98 100 
315 7 9
99 99 102 101 99 98 99 102 99 102 
316 4 3
98 100 102 98 101 99 99 102 102 102 
317 3 9
102 100 99 100 99 102 98 100 101 99 
318 8 2
102 101 98 98 100 101 102 102 100 101 
319 6 3
102 99 99 99 100 99 102 102 98 100 
320 7 7
101 101 101 99 98 98 102 102 99 102 
321 2 9
102 98 98 101 101 98 98 98 101 102 
322 7 9
100 100 100 100 99 98 98 102 101 98 
323 4 6
100 100 99 101 102 102 102 101 102 102 
324 5 6
99 99 100 99 98 98 102 102 100 101 
325 7 6
101 99 102 102 101 100 99 99 100 98 
326 10 7
102 98 99 99 99 98 101 100 100 98 
327 10 10
98 98 102 102 102 100 102 102 99 98 
328 6 10
98 102 98 100 102 100 98 98 100 99 
329 7 5
102 102 101 99 99 102 100 99 98 99 
330 8 2
99 99 100 100 102 98 99 102 102 102 
331 4 1
101 101 100 98 99 102 99 98 98 100 
332 4 10
99 99 100 101 102 98 99 98 101 99 
333 8 3
99 99 101 100 100 99 102 98 99 99 
334 3 4
100 99 101 98 101 100 102 99 98 99 
335 3 10
101 98 98 100 99 102 99 102 98 100 
336 4 10
101 102 102 100 99 100 98 98 101 98 
337 3 2
102 99 102 102 98 99 102 98 100 99 
338 8 1
98 99 98 101 101 101 100 101 101 102 
339 6 7
99 100 101 102 98 99 100 102 102 101 
340 7 7
98 100 100 102 101 99 102 98 100 102 
341 1 3
98 101 99 98 100 101 101 98 99 101 
342 2 7
99 98 100 99 101 101 102 98 100 99 
343 10 6
98 99 101 100 100 101 98 100 99 101 
344 5 1
99 102 100 102 101 101 98 102 101 98 
345 8 5
98 100 102 101 98 99 101 98 100 99 
346 6 5
100 100 102 98 98 101 99 101 98 98 
347 4 9
102 98 102 102 98 100 98 99 99 98 
348 2 7
99 99 102 98 98 99 102 100 98 98 
349 3 3
102 98 98 102 99 101 102 100 99 101 
350 7 2
100 100 102 101 102 100 100 100 102 101 
351 3 5
102 101 99 102 102 101 101 98 99 101 
352 2 3
102 100 102 98 98 98 101 101 102 98 
353 4 1
100 100 100 101 98 99 100 99 100 98 
354 3 7
99 98 101 100 102 99 102 101 101 98 
355 1 9
100 98 101 100 98 102 100 98 99 100 
356 4 3
101 101 101 100 101 99 101 99 101 101 
357 4 3
102 102 100 100 102 102 101 100 98 101 
358 7 3
100 98 100 102 102 101 99 101 99 99 
359 8 7
102 101 98 101 99 98 100 99 98 98 
360 1 7
102 98 98 99 102 99 102 99 102 101 
361 1 9
99 101 99 102 100 99 101 99 102 101 
362 2 6
101 102 101 98 102 99 100 98 99 100 
363 10 6
99 101 100 98 99 102 101 98 101 100 
364 5 1
101 102 101 100 100 98 100 101 102 101 
365 4 6
102 98 100 98 98 99 99 99 99 98 
366 7 6
102 102 98 102 99 99 99 99 99 100 
367 9 1
100 101 101 101 99 100 98 100 102 100 
368 8 5
99 98 100 102 100 101 99 102 98 99 
369 6 9
98 100 98 101 102 98 101 101 101 100 
370 9 2
99 101 101 98 100 101 100 101 98 102 
371 1 4
98 99 102 100 98 102 98 100 101 100 
372 6 5
98 101 100 98 100 98 100 101 101 100 
373 7 4
98 101 101 101 102 101 101 102 100 100 
374 2 3
99 102 99 98 101 99 102 101 99 102 
375 10 7
102 101 99 98 98 100 101 101 100 101 
376 7 8
100 102 99 102 99 101 101 102 102 102 
377 10 8
100 99 99 98 98 100 99 99 98 101 
378 9 6
100 99 101 98 98 99 100 102 98 98 
379 6 4
98 98 101 102 99 102 100 98 98 98 
380 1 1
100 100 100 100 100 98 102 102 102 101 
381 2 7
102 98 100 100 99 100 100 99 102 98 
382 4 1
98 100 98 100 100 100 101 99 102 100 
383 4 4
102 102 98 98 100 99 101 102 102 98 
384 4 6
102 98 101 101 101 101 98 98 98 100 
385 8 5
98 100 100 99 99 100 100 99 100 100 
386 4 5
98 100 98 102 102 98 99 102 99 100 
387 5 7
98 100 99 101 99 101 102 99 101 100 
388 1 5
102 100 100 99 99 99 101 99 101 101 
389 9 8
99 99 101 100 101 98 98 99 100 99 
390 2 4
99 98 100 102 100 100 99 100 99 101 
391 1 8
102 101 98 102 102 98 102 98 102 102 
392 10 3
102 102 98 101 100 99 102 101 100 99 
393 6 7
98 101 98 99 99 99 98 101 99 100 
394 10 1
98 98 100 102 98 101 101 99 100 102 
395 1 7
98 102 100 102 100 102 99 100 100 99 
396 6 6
100 100 101 102 99 98 99 99 98 102 
397 3 8
102 99 102 102 100 99 98 100 100 100 
398 5 10
101 100 101 98 101 101 99 101 100 99 
399 10 4
99 100 100 102 101 102 99 101 100 100 
400 8 5
101 100 102 98 100 101 99 98 98 102 
401 4 1
102 99 101 99 100 102 100 99 100 102 
402 6 1
98 101 101 101 99 98 102 99 98 101 
403 5 5
101 98 99 101 98 102 99 102 98 99 
404 4 6
99 98 101 98 99 101 98 101 101 99 
405 4 10
101 101 101 101 101 100 100 100 100 99 
406 3 8
98 101 102 101 98 102 98 101 99 101 
407 4 8
99 101 100 99 99 99 99 98 99 102 
408 6 5
99 101 99 98 102 99 101 99 102 102 
409 7 2
101 99 102 102 102 102 101 100 98 100 
410 5 2
98 100 99 99 101 100 101 102 100 102 
411 2 4
98 99 99 100 98 101 101 98 102 98 
412 7 5
102 99 101 102 102 100 99 102 102 102 
413 4 3
99 99 101 98 98 98 98 101 101 100 
414 8 10
98 100 99 99 100 101 100 102 99 99 
415 4 6
101 99 100 98 101 98 102 99 99 98 
416 3 9
100 100 99 98 102 98 99 99 101 101 
417 9 3
101 98 99 102 99 100 100 100 98 102 
418 5 4
102 101 98 100 98 102 98 100 99 102 
419 1 4
102 99 99 102 99 102 100 99 98 101 
420 9 9
100 98 100 101 99 99 99 100 100 101 
421 5 3
100 102 100 99 98 100 99 98 98 100 
422 5 5
100 99 98 102 100 98 102 102 100 100 
423 10 9
101 99 100 100 99 101 100 102 101 102 
424 6 6
101 101 98 98 98 100 102 102 98 100 
425 9 8
100 98 102 98 100 101 98 100 99 101 
426 6 4
99 100 102 99 101 99 100 99 102 102 
427 9 5
99 101 99 100 98 99 99 100 99 100 
428 10 4
101 98 101 102 98 98 102 99 102 101 
429 6 3
99 100 98 98 101 101 100 98 101 101 
430 5 9
102 98 101 99 98 100 99 101 102 99 
431 5 5
99 99 101 98 99 101 102 101 100 99 
432 9 1
98 100 100 101 98 99 102 100 102 102 
433 6 10
101 99 102 101 98 101 102 99 102 100 
434 5 7
100 98 99 99 100 102 100 102 100 102 
435 5 10
101 101 99 100 102 99 101 101 98 100 
436 9 1
100 100 101 102 100 102 100 99 100 101 
437 4 10
100 100 101 99 101 102 99 99 98 102 
438 6 5
99 98 100 101 100 100 98 100 100 101 
439 2 7
98 101 100 100 101 100 101 100 99 101 
440 10 6
100 100 101 100 99 99 100 102 99 99 
441 3 2
102 102 101 101 101 99 102 98 99 101 
442 3 5
99 100 99 102 98 98 102 100 102 98 
443 6 4
99 102 100 100 98 100 101 99 99 99 
444 5 7
102 98 101 98 102 100 102 100 102 99 
445 7 5
101 101 100 101 101 102 99 102 101 98 
446 9 4
102 100 100 101 98 101 99 98 102 98 
447 6 1
100 98 102 100 101 98 101 99 101 98 
448 2 9
102 102 100 100 98 101 101 99 98 100 
449 10 6
98 101 100 99 101 101 99 100 98 100 
450 10 9
101 101 99 101 98 101 102 100 100 101 
451 7 10
99 102 99 99 101 100 102 102 100 99 
452 8 6
99 99 101 101 101 102 99 99 102 98 
453 8 3
101 99 102 100 102 98 100 99 100 98 
454 10 1
102 101 102 100 100 102 102 98 98 102 
455 10 4
102 100 98 98 100 102 100 100 98 101 
456 1 7
102 100 102 99 102 102 101 101 102 98 
457 3 9
102 100 102 102 99 98 100 100 102 102 
458 1 3
101 102 102 98 101 99 102 100 98 101 
459 1 5
102 101 101 102 98 100 100 102 102 101 
460 9 4
98 101 100 98 100 100 102 101 100 98 
461 4 1
100 100 102 100 101 99 100 100 99 100 
462 2 3
102 99 101 102 99 100 102 100 100 99 
463 8 5
102 99 100 101 99 101 98 98 100 99 
464 4 6
100 100 101 98 102 99 102 101 102 101 
465 10 4
100 101 98 102 100 102 101 99 100 101 
466 2 6
99 99 99 101 100 99 99 99 101 99 
467 4 3
102 101 100 102 101 100 100 98 100 102 
468 5 10
101 102 100 100 102 101 102 98 102 98 
469 2 4
101 102 99 99 98 98 98 102 101 101 
470 1 2
100 102 101 99 101 100 99 101 101 98 
471 3 4
102 100 98 98 102 101 102 101 100 100 
472 10 5
100 100 99 98 98 101 101 100 101 99 
473 9 4
98 99 100 99 100 102 102 101 101 99 
474 4 9
100 102 99 102 100 100 99 99 102 102 
475 8 10
100 100 101 98 99 102 102 99 100 101 
476 3 2
102 101 102 101 100 98 99 102 102 100 
477 1 4
102 101 98 99 100 102 98 98 101 99 
478 1 10
100 99 101 102 102 100 99 102 99 98 
479 10 6
98 98 99 100 102 99 100 98 100 102 
480 2 10
101 102 102 102 98 100 101 102 98 99 
481 9 3
102 99 101 100 100 100 102 102 100 98 
482 4 4
101 101 101 98 100 98 100 101 99 101 
483 8 4
100 100 100 101 102 98 98 98 102 98 
484 8 4
100 101 100 99 101 101 102 101 99 102 
485 2 6
102 101 101 100 99 100 98 102 98 100 
486 10 10
98 99 99 102 99 98 100 101 101 99 
487 2 7
99 100 99 100 99 100 98 101 98 101 
488 6 5
99 99 98 101 101 102 100 98 98 101 
489 5 2
98 101 99 101 98 102 99 101 99 100 
490 7 3
98 101 98 100 99 99 99 102 100 99 
491 8 3
98 99 101 100 99 102 98 99 98 101 
492 10 8
100 100 98 101 98 101 99 100 99 101 
493 10 1
102 99 102 101 102 102 99 98 100 99 
494 5 7
100 98 102 100 101 99 102 101 101 98 
495 7 4
101 102 98 100 101 98 100 102 101 101 
496 9 3
102 102 102 100 100 102 101 102 99 102 
497 3 2
98 99 102 102 101 101 100 102 102 98 
498 7 3
100 101 102 100 99 100 102 99 101 99 
499 6 6
100 98 102 101 102 101 99 98 98 101 

