50 10 3504
0 84 87
102 90 118 110 111 117 124 96 87 102 
1 91 60
88 101 115 101 97 111 86 93 92 104 
2 83 31
87 98 92 110 104 77 97 83 94 92 
3 94 57
86 117 104 98 96 94 109 112 123 99 
4 16 71
88 101 116 105 81 98 87 95 121 106 
5 6 26
109 102 111 80 121 104 88 82 99 120 
6 83 46
89 92 109 89 118 75 112 83 101 103 
7 89 85
78 76 79 124 107 85 101 93 114 87 
8 27 87
119 114 120 95 109 103 92 76 122 77 
9 18 93
77 81 76 105 111 116 90 114 119 94 
10 41 30
106 92 122 96 106 100 84 102 92 81 
11 98 54
111 90 81 108 94 99 103 96 107 104 
12 4 20
95 93 83 90 115 124 121 98 93 120 
13 47 52
96 80 104 113 89 103 116 75 118 75 
14 35 65
99 89 112 81 118 116 102 90 84 111 
15 33 52
112 103 100 82 99 96 83 120 104 112 
16 36 94
93 103 118 86 103 104 101 79 118 88 
17 14 39
81 115 79 93 103 113 94 92 92 121 
18 25 44
95 108 115 124 97 100 119 115 80 114 
19 55 87
94 107 117 89 122 82 80 79 123 86 
20 23 29
124 118 121 93 115 97 86 85 80 76 
21 62 31
103 80 95 111 119 101 97 90 83 91 
22 83 59
99 112 87 99 75 111 77 124 104 75 
23 69 72
98 106 106 105 108 119 85 88 124 106 
24 100 97
84 98 88 93 115 120 101 91 109 115 
25 91 85
101 117 111 82 120 81 104 93 112 87 
26 49 73
84 84 111 85 117 112 81 76 88 97 
27 22 56
94 124 96 79 114 86 115 92 80 103 
28 28 51
109 83 95 99 97 94 121 106 105 109 
29 93 73
97 75 100 110 97 124 115 117 123 88 
30 99 91
99 115 84 106 94 111 107 80 119 79 
31 80 70
98 101 75 80 85 117 104 109 118 80 
32 22 68
79 88 86 79 101 84 119 77 77 81 
33 85 22
117 93 103 114 97 83 83 123 111 83 
34 54 49
78 108 108 123 115 79 92 121 93 104 
35 1 47
113 122 124 115 78 108 88 122 78 117 
36 87 26
77 121 100 113 82 104 111 85 89 96 
37 61 5
103 102 75 123 81 77 119 122 124 118 
38 40 3
103 78 75 106 122 113 84 76 110 109 
39 40 93
90 102 79 104 124 89 110 104 118 110 
40 78 1
113 96 124 114 92 113 117 120 118 119 
41 30 91
107 115 116 94 101 107 86 117 85 92 
42 24 62
106 84 115 100 121 92 102 109 115 101 
43 25 58
89 93 80 83 87 111 75 121 101 119 
44 17 53
103 104 121 115 122 95 76 105 106 118 
45 58 28
87 111 89 80 87 115 87 104 85 94 
46 90 75
80 116 95 108 112 113 113 91 95 109 
47 57 18
81 85 124 112 80 84 92 93 120 108 
48 74 59
98 112 114 108 82 103 82 89 96 104 
49 1 60
93 113 100 113 99 108 82 106 118 83 

