500 10 44760
0 2 84
104 96 93 107 95 93 98 95 94 104 
1 15 65
93 104 92 91 91 99 107 94 98 109 
2 74 19
92 92 90 90 100 103 94 106 109 109 
3 95 25
93 92 91 109 106 105 94 101 92 108 
4 73 44
97 99 97 97 91 102 96 105 104 96 
5 17 38
101 102 103 101 101 109 97 96 91 99 
6 7 91
106 92 103 108 90 96 103 109 97 102 
7 68 61
95 95 106 101 93 94 90 104 98 96 
8 78 40
95 95 96 109 96 94 91 92 96 104 
9 94 79
102 96 107 102 101 106 94 106 91 90 
10 80 65
106 90 101 94 96 98 94 93 95 92 
11 63 84
96 105 108 94 100 101 92 104 99 109 
12 87 21
106 101 106 99 93 98 96 90 98 107 
13 65 27
107 90 99 105 104 94 108 102 109 106 
14 37 82
109 108 106 99 108 92 99 96 95 108 
15 96 30
96 103 91 96 92 95 102 90 108 103 
16 48 25
99 95 107 99 92 103 100 91 102 108 
17 43 43
91 94 90 108 104 97 97 90 91 98 
18 59 64
96 92 105 106 105 92 90 95 90 107 
19 47 55
101 98 105 105 97 100 99 90 104 99 
20 59 69
98 108 90 91 96 108 95 94 102 102 
21 41 68
97 91 94 97 108 100 91 91 101 98 
22 89 79
108 107 108 94 108 98 102 97 96 94 
23 49 34
104 95 99 96 108 100 96 95 101 100 
24 85 42
103 95 105 94 103 93 92 94 91 102 
25 49 100
102 103 96 109 107 97 94 102 102 103 
26 19 3
93 106 109 96 97 93 90 90 98 105 
27 57 15
108 100 108 109 104 108 101 96 101 99 
28 86 50
106 91 103 91 105 93 105 100 90 105 
29 50 100
108 99 101 109 94 97 95 104 99 93 
30 27 44
103 107 99 95 108 97 96 105 98 101 
31 49 96
104 93 96 96 108 105 95 99 106 106 
32 1 81
93 95 104 102 90 102 97 103 99 107 
33 51 69
106 98 105 94 109 105 102 104 108 108 
34 61 50
95 96 100 91 104 92 103 100 109 109 
35 23 72
102 92 94 103 101 97 91 97 105 98 
36 64 96
105 105 91 96 103 91 97 100 109 107 
37 72 55
101 94 94 100 94 108 91 98 90 107 
38 82 24
94 93 100 102 93 104 109 109 91 90 
39 58 28
103 94 107 103 91 91 109 94 95 105 
40 75 22
103 105 99 96 94 101 91 91 96 102 
41 34 22
108 102 102 109 94 99 96 107 103 106 
42 91 7
107 91 100 104 106 94 106 92 101 107 
43 1 9
90 91 99 96 95 104 90 93 108 102 
44 36 63
92 91 109 97 99 92 104 96 93 94 
45 42 73
91 99 96 94 108 96 102 109 109 103 
46 58 6
97 107 98 95 100 105 109 94 107 109 
47 4 99
103 107 95 98 104 108 90 97 109 96 
48 32 78
94 106 98 94 99 96 91 107 93 91 
49 55 26
107 104 91 96 95 95 94 108 92 91 
50 79 49
101 109 105 100 107 109 90 104 105 98 
51 11 25
96 101 103 92 94 90 97 91 104 91 
52 8 52
96 94 91 90 95 109 99 107 100 106 
53 20 41
105 101 104 100 102 106 97 108 109 90 
54 81 4
90 90 95 96 91 94 107 97 98 100 
55 40 47
100 98 105 102 107 104 102 102 108 108 
56 36 51
96 92 98 95 92 99 99 105 99 96 
57 2 31
100 101 99 109 91 98 95 93 99 90 
58 37 27
96 90 100 94 109 95 104 95 97 105 
59 84 43
106 102 107 95 108 100 97 90 103 98 
60 40 28
98 106 100 107 98 108 105 97 109 108 
61 24 11
93 108 97 93 95 100 95 91 104 104 
62 39 65
106 107 95 100 95 106 107 103 103 109 
63 64 54
108 100 102 99 98 106 109 94 96 108 
64 100 52
91 94 102 97 100 92 102 96 109 107 
65 97 45
103 95 99 108 95 94 94 93 97 106 
66 65 88
102 105 101 100 103 92 91 96 96 95 
67 75 9
97 108 105 96 105 93 92 90 99 94 
68 92 7
90 97 91 97 93 95 105 98 90 108 
69 39 46
91 102 94 109 107 108 90 107 106 105 
70 64 44
100 108 105 101 92 108 107 104 95 108 
71 23 82
105 99 99 105 109 109 103 102 93 107 
72 65 82
97 94 108 105 109 103 100 91 101 95 
73 14 66
106 100 90 91 91 104 92 106 105 93 
74 65 15
105 99 97 108 96 93 101 95 97 91 
75 13 99
97 92 109 100 109 102 106 105 105 98 
76 78 97
92 101 94 107 105 98 93 92 107 92 
77 1 16
95 94 102 102 95 94 92 102 96 92 
78 24 99
104 101 103 91 101 92 107 95 96 92 
79 35 54
92 107 105 90 90 97 97 107 101 90 
80 43 58
94 94 91 93 96 106 91 103 97 96 
81 35 79
91 94 93 97 108 99 90 90 97 105 
82 13 20
92 90 98 96 90 100 93 94 105 106 
83 8 54
103 98 108 102 97 95 93 98 91 108 
84 96 40
98 97 109 105 104 102 96 98 94 104 
85 55 5
107 99 98 94 96 106 107 109 106 98 
86 24 56
103 96 93 104 107 100 95 95 99 106 
87 33 84
90 108 102 94 94 108 98 91 98 107 
88 86 35
95 105 95 103 93 90 99 98 97 94 
89 75 45
97 109 91 98 97 103 102 98 93 106 
90 93 28
96 91 91 104 100 108 90 105 103 95 
91 1 89
96 91 98 95 108 104 91 107 95 92 
92 26 94
97 107 91 100 95 103 99 102 104 92 
93 79 65
91 109 101 96 94 94 105 92 95 105 
94 80 64
100 90 90 105 92 96 98 91 105 91 
95 72 94
105 103 107 91 105 105 108 106 104 99 
96 44 72
103 100 103 101 107 103 96 97 95 109 
97 36 81
107 105 91 94 107 103 107 94 108 104 
98 46 54
92 93 92 106 95 107 97 100 97 103 
99 62 37
108 98 94 93 109 101 93 106 108 107 
100 81 56
92 100 109 90 106 95 103 108 90 97 
101 36 66
94 104 106 93 109 99 90 107 99 106 
102 34 69
97 98 94 95 95 107 103 97 97 102 
103 100 24
99 103 92 92 102 99 97 107 105 105 
104 61 16
107 90 94 96 106 99 97 93 100 93 
105 62 96
90 104 105 109 108 104 93 98 109 107 
106 3 33
108 99 99 103 107 91 90 96 92 107 
107 73 99
96 101 104 106 105 97 94 97 91 109 
108 28 20
95 92 109 95 109 91 99 107 93 100 
109 3 53
101 93 108 95 90 92 94 96 104 100 
110 16 42
107 109 98 100 100 97 91 105 99 103 
111 73 61
96 91 99 91 93 102 103 105 105 93 
112 13 56
96 98 103 102 108 98 95 97 109 95 
113 98 10
103 101 95 104 94 107 105 100 101 94 
114 33 55
106 107 91 93 91 104 108 109 92 94 
115 4 14
102 98 90 94 103 100 103 108 103 108 
116 14 78
98 90 109 109 106 93 95 95 91 97 
117 69 15
103 109 103 97 93 106 90 97 106 103 
118 84 70
105 107 98 98 105 103 107 93 95 106 
119 75 62
102 90 108 103 109 97 109 94 108 102 
120 32 54
90 94 102 106 107 106 107 94 103 107 
121 93 1
100 99 94 105 107 100 99 99 92 97 
122 75 54
96 103 107 94 107 91 99 99 95 92 
123 38 35
100 105 108 93 102 92 93 105 101 109 
124 43 21
92 93 100 94 101 106 108 99 100 97 
125 7 80
98 105 99 103 99 96 109 109 91 107 
126 3 7
109 108 103 92 99 97 93 101 101 95 
127 29 95
91 96 93 93 103 99 93 92 107 102 
128 68 7
108 97 96 102 106 90 100 106 100 105 
129 11 81
92 103 93 103 100 101 109 102 107 105 
130 16 64
106 108 107 103 92 94 102 103 93 100 
131 6 81
100 97 98 91 92 108 103 106 102 106 
132 3 95
98 91 96 107 106 104 90 103 94 107 
133 19 68
104 100 90 107 90 107 107 93 106 95 
134 17 59
106 99 104 90 107 98 104 95 100 91 
135 96 99
105 105 101 109 95 92 108 109 102 108 
136 17 46
97 96 98 93 101 106 91 109 95 98 
137 20 95
106 104 90 108 105 97 107 92 92 90 
138 54 100
92 102 108 97 100 97 94 100 103 94 
139 14 57
90 97 106 95 105 105 109 93 99 101 
140 95 77
100 101 108 95 101 102 94 96 106 93 
141 26 19
92 99 98 105 95 92 101 95 99 109 
142 63 17
105 103 101 106 107 95 103 97 106 93 
143 13 41
97 107 108 93 102 105 92 104 106 100 
144 82 42
102 94 96 103 94 98 91 101 91 103 
145 80 79
108 102 96 97 98 100 109 105 97 99 
146 80 92
94 91 107 90 101 100 91 106 105 109 
147 22 72
97 93 104 90 106 103 109 96 96 107 
148 46 87
97 106 91 97 95 90 100 91 91 98 
149 82 6
108 104 91 95 95 104 106 102 107 100 
150 26 6
94 106 94 92 103 99 98 102 96 99 
151 52 64
92 92 95 93 92 108 98 102 95 91 
152 39 91
98 96 105 95 99 90 101 103 106 105 
153 68 62
106 97 95 104 98 107 108 100 109 105 
154 7 34
103 96 95 100 90 93 91 98 92 98 
155 14 12
98 106 106 106 93 93 99 102 92 104 
156 47 83
101 106 95 92 101 101 105 107 99 91 
157 88 10
106 98 107 108 106 93 91 106 101 107 
158 65 8
102 103 109 104 98 107 99 101 96 104 
159 35 18
95 99 104 104 92 104 106 101 92 95 
160 10 72
98 101 109 102 90 94 101 103 99 92 
161 48 70
109 106 91 95 100 105 105 97 106 91 
162 55 80
105 100 100 100 105 101 91 106 104 102 
163 49 16
98 109 98 108 91 97 97 102 106 98 
164 11 79
105 95 108 102 108 102 93 104 104 103 
165 5 10
106 107 107 93 91 107 108 100 98 108 
166 61 2
107 97 104 103 98 106 94 93 103 92 
167 88 32
104 100 95 98 105 91 99 102 100 97 
168 88 53
106 95 92 95 105 92 96 102 91 102 
169 79 10
98 92 95 91 94 102 95 100 105 100 
170 11 51
94 101 104 104 100 91 96 97 108 90 
171 73 74
92 108 108 106 101 98 95 101 100 92 
172 74 27
97 108 98 92 90 100 94 106 91 109 
173 4 45
90 99 101 101 92 105 94 106 103 104 
174 13 77
92 100 90 94 102 103 92 109 93 92 
175 54 76
102 108 94 96 107 97 100 99 98 91 
176 41 11
106 107 97 91 101 101 100 96 91 100 
177 3 95
105 95 95 100 109 109 107 102 107 91 
178 19 47
90 98 105 99 91 106 101 99 95 100 
179 23 57
92 102 104 93 104 107 107 99 104 105 
180 12 34
104 99 107 93 92 105 99 105 105 106 
181 45 29
94 97 107 99 108 102 108 102 94 102 
182 76 20
91 95 90 97 90 94 103 96 95 100 
183 30 68
108 100 92 95 96 108 104 101 108 93 
184 21 17
105 100 90 102 93 97 93 106 102 105 
185 85 85
109 107 92 94 109 101 94 107 103 108 
186 84 41
107 99 101 105 94 93 93 102 104 105 
187 5 50
92 109 107 97 104 103 101 104 92 96 
188 91 23
99 104 101 93 103 96 93 92 105 96 
189 58 73
91 102 94 97 97 90 98 91 109 96 
190 89 54
101 90 109 104 108 100 98 97 94 109 
191 51 18
96 95 101 103 101 90 95 95 102 91 
192 65 12
91 103 103 90 101 103 104 92 95 103 
193 69 4
93 106 101 90 98 91 99 96 97 91 
194 72 31
91 99 97 96 100 102 99 102 95 104 
195 85 29
98 108 100 103 94 109 107 109 97 98 
196 12 48
91 91 95 90 92 107 101 105 96 100 
197 14 89
92 93 90 109 107 95 97 107 105 100 
198 52 12
99 98 101 98 98 92 98 99 105 103 
199 91 10
100 103 95 98 105 100 107 108 103 99 
200 90 24
96 107 90 92 97 93 103 98 93 106 
201 9 12
101 106 103 96 100 105 106 102 90 103 
202 22 36
93 108 95 99 109 105 102 96 94 94 
203 49 72
90 103 101 93 92 101 97 103 98 90 
204 92 59
97 97 100 97 102 93 92 106 103 90 
205 78 14
105 91 109 109 95 109 92 107 94 95 
206 2 47
106 98 101 94 90 93 104 109 92 107 
207 27 36
90 90 93 104 90 90 97 105 91 108 
208 7 79
107 90 106 103 95 99 90 92 99 93 
209 19 2
96 103 90 91 100 96 98 92 108 101 
210 77 92
93 105 108 106 103 95 96 92 95 104 
211 97 4
93 98 95 102 93 93 95 100 98 95 
212 84 91
93 101 103 92 92 91 103 107 107 101 
213 34 3
98 109 107 96 104 95 99 99 95 104 
214 15 69
99 109 100 100 95 103 90 90 94 95 
215 3 99
97 97 105 106 101 90 100 109 102 109 
216 58 19
94 96 97 91 90 103 100 92 103 102 
217 53 91
96 94 100 92 100 95 91 99 94 98 
218 18 16
91 97 97 103 97 94 93 93 101 100 
219 6 24
94 97 107 99 109 91 109 95 96 91 
220 81 89
96 103 99 101 91 96 108 104 103 95 
221 20 13
92 92 98 95 103 103 90 99 90 108 
222 91 12
109 91 99 107 92 99 107 99 92 96 
223 13 76
102 100 100 108 98 99 92 100 102 100 
224 8 58
93 97 108 105 95 98 109 107 99 98 
225 35 64
107 102 102 109 100 94 96 93 97 106 
226 14 16
108 105 107 100 96 94 109 91 101 107 
227 50 30
107 98 96 108 106 102 91 95 106 96 
228 97 48
92 92 100 99 109 93 106 99 100 103 
229 100 9
99 100 100 103 109 101 92 106 109 90 
230 27 68
102 109 102 99 95 98 98 90 100 108 
231 62 62
103 108 100 105 93 91 94 103 101 96 
232 39 11
107 90 108 106 90 106 93 94 106 105 
233 66 14
105 103 103 95 93 97 109 98 95 99 
234 25 81
101 90 95 104 96 93 95 93 93 105 
235 52 76
102 104 102 90 91 99 103 106 93 109 
236 74 19
96 102 109 93 92 105 93 95 105 99 
237 100 42
102 106 106 98 102 97 105 106 103 109 
238 57 95
99 91 92 102 90 97 92 96 90 91 
239 42 55
106 95 101 101 96 100 94 100 109 102 
240 99 52
109 96 109 94 95 105 100 104 106 102 
241 19 70
102 91 97 102 92 99 108 101 104 99 
242 95 33
101 109 92 100 93 103 103 93 109 94 
243 48 57
109 100 93 98 92 91 107 96 104 94 
244 59 70
103 98 90 109 99 104 101 91 95 96 
245 64 70
109 99 94 100 103 93 96 95 103 99 
246 86 29
93 92 104 107 108 95 96 94 103 96 
247 16 44
103 109 106 108 95 101 109 106 102 93 
248 7 39
109 94 93 102 104 90 90 99 92 97 
249 67 13
102 95 106 107 101 102 102 106 93 98 
250 96 89
102 96 94 94 100 100 92 99 96 107 
251 14 13
107 96 91 101 103 98 94 107 103 102 
252 27 77
94 109 103 109 109 90 97 101 108 93 
253 69 49
95 100 99 102 98 105 94 107 91 96 
254 50 87
96 103 105 101 95 91 109 92 90 94 
255 62 13
106 91 105 105 94 93 105 100 96 95 
256 23 47
102 108 93 103 94 102 101 92 107 96 
257 86 16
109 95 99 90 91 92 94 108 93 109 
258 14 21
93 98 100 99 95 94 105 107 104 100 
259 83 72
93 95 103 102 93 109 97 93 106 106 
260 84 78
109 109 105 104 108 90 104 103 99 106 
261 75 47
90 91 106 97 102 100 108 97 106 101 
262 60 100
92 97 92 100 105 107 98 96 98 105 
263 2 88
106 105 102 107 102 97 105 94 98 101 
264 32 73
104 91 109 100 103 109 91 97 108 106 
265 99 94
95 96 102 104 103 103 103 91 90 95 
266 71 45
102 96 99 103 99 102 95 93 104 107 
267 46 60
106 109 96 96 105 94 109 102 92 93 
268 67 29
106 109 99 107 95 90 91 99 108 92 
269 75 20
97 102 105 103 99 90 102 107 101 100 
270 44 7
97 104 101 91 108 107 99 104 99 101 
271 44 67
93 107 97 103 109 92 102 108 96 97 
272 12 36
90 105 102 101 108 105 100 95 99 91 
273 19 100
100 98 96 109 101 99 95 104 96 103 
274 8 59
97 101 98 103 109 102 90 101 97 102 
275 23 66
109 94 92 90 107 91 90 98 91 96 
276 88 73
97 95 108 96 100 107 106 107 98 94 
277 51 60
106 100 100 94 104 95 91 95 91 94 
278 46 60
95 107 97 96 105 96 100 93 101 98 
279 10 42
95 95 100 95 91 102 95 108 104 97 
280 35 61
94 97 95 96 101 101 95 98 90 94 
281 27 37
92 106 109 104 106 90 97 103 95 100 
282 20 7
92 106 106 107 93 100 107 98 108 105 
283 87 22
108 93 92 108 97 90 104 99 99 95 
284 16 6
95 105 109 92 95 108 91 109 96 107 
285 89 90
90 108 99 108 103 97 101 101 100 103 
286 22 70
96 106 109 105 103 96 90 109 103 101 
287 94 31
91 104 100 97 102 108 107 102 98 108 
288 43 42
96 95 94 106 101 96 96 107 104 107 
289 53 48
105 102 108 99 94 102 101 107 96 91 
290 46 51
102 104 104 90 102 106 104 108 92 108 
291 68 86
106 95 92 100 104 104 100 91 108 98 
292 91 35
102 104 102 101 105 107 91 109 101 106 
293 93 96
94 108 96 108 106 95 93 95 100 95 
294 56 37
101 107 107 92 108 90 106 100 104 90 
295 2 82
107 105 91 90 93 95 98 97 93 104 
296 99 92
109 91 106 91 109 94 107 92 91 104 
297 45 40
104 91 92 90 91 105 92 101 100 105 
298 44 86
90 101 95 93 107 93 96 98 106 105 
299 90 16
109 108 108 102 95 92 94 101 105 108 
300 53 58
103 104 90 106 99 93 91 91 97 96 
301 85 77
91 92 95 108 107 96 103 98 107 93 
302 82 83
96 107 103 103 105 107 100 98 101 92 
303 25 33
108 108 103 107 106 99 103 108 102 100 
304 57 50
107 91 100 104 95 101 98 93 90 103 
305 97 96
101 109 105 92 91 102 97 109 100 90 
306 17 7
92 92 106 104 102 102 105 99 104 95 
307 36 100
98 105 104 98 99 100 93 90 99 101 
308 55 52
93 91 92 95 104 101 101 106 103 90 
309 63 66
102 107 97 108 105 104 99 105 100 93 
310 65 92
104 109 101 93 100 107 96 95 101 91 
311 91 66
102 104 103 107 104 105 104 108 94 91 
312 38 60
98 108 105 100 92 101 91 98 92 94 
313 84 94
91 92 108 94 93 91 99 105 105 92 
314 73 70
99 96 97 104 90 106 103 90 105 90 
315 31 50
93 93 99 96 109 102 101 102 104 91 
316 58 10
92 96 94 107 91 98 108 100 105 108 
317 45 68
104 100 97 91 92 99 92 96 94 93 
318 65 64
98 105 105 92 106 94 102 101 93 98 
319 41 25
107 109 96 94 107 93 93 93 103 100 
320 58 48
101 101 95 97 105 99 100 93 106 107 
321 58 66
92 91 106 95 92 106 91 109 97 109 
322 56 65
92 108 90 97 90 99 105 93 90 102 
323 91 88
104 102 92 100 99 90 105 93 103 93 
324 81 76
102 103 96 109 103 91 106 105 101 106 
325 36 44
95 92 96 107 104 106 107 98 90 109 
326 72 91
109 108 95 95 92 108 90 96 101 97 
327 86 77
90 91 94 94 99 109 97 96 91 104 
328 97 76
92 103 106 93 102 109 95 94 107 92 
329 50 12
90 99 107 94 98 105 90 91 98 94 
330 46 79
105 102 106 106 108 102 94 103 95 102 
331 89 91
101 95 104 90 109 93 102 90 94 91 
332 17 66
106 106 96 107 103 93 105 98 97 101 
333 38 67
94 91 101 91 103 101 101 106 106 95 
334 17 36
90 90 97 107 104 105 92 92 102 90 
335 80 18
93 104 107 100 108 104 98 104 97 101 
336 16 33
92 109 98 100 106 107 108 107 107 95 
337 47 72
91 98 104 95 90 95 104 105 90 101 
338 46 51
96 96 94 95 107 101 108 90 100 96 
339 43 48
105 90 106 103 108 92 106 101 92 92 
340 89 43
98 92 107 90 95 104 100 93 102 96 
341 10 71
99 97 92 102 95 94 109 91 107 97 
342 87 76
91 92 96 93 107 96 107 95 98 96 
343 18 46
90 97 99 103 95 108 105 104 107 99 
344 7 63
103 107 93 92 106 91 107 107 94 105 
345 41 14
91 107 108 91 93 97 97 106 104 106 
346 42 12
96 106 95 93 107 94 107 100 91 103 
347 34 59
104 92 105 100 100 98 93 101 107 103 
348 46 14
90 94 99 96 90 92 107 108 108 93 
349 94 68
97 100 107 90 93 92 100 108 107 108 
350 49 8
96 102 100 93 107 97 106 108 101 107 
351 25 64
109 92 91 99 107 104 106 106 107 96 
352 37 41
98 97 100 107 95 101 106 93 93 97 
353 47 1
96 105 100 108 102 105 91 102 107 93 
354 22 95
99 100 100 96 106 108 109 106 107 99 
355 95 55
90 100 107 105 99 106 98 106 101 108 
356 67 76
95 97 97 92 100 91 98 102 101 100 
357 11 8
91 99 93 108 101 99 103 93 102 92 
358 72 94
100 101 91 91 91 97 99 97 105 106 
359 82 58
99 92 99 102 102 90 109 103 91 105 
360 85 5
106 99 98 90 101 109 104 92 92 105 
361 96 84
93 94 100 100 103 94 97 104 96 99 
362 28 11
91 108 106 104 95 90 109 92 99 97 
363 63 93
108 98 96 90 94 104 93 109 100 96 
364 90 84
100 98 108 106 99 95 108 100 93 104 
365 66 90
96 94 93 97 93 107 90 103 96 108 
366 74 31
102 98 91 105 104 92 108 94 100 98 
367 73 21
103 93 92 99 107 109 100 94 105 95 
368 24 39
92 105 101 98 104 106 100 108 95 101 
369 34 80
95 94 106 106 102 90 98 108 105 92 
370 80 14
104 91 99 99 96 102 90 98 98 93 
371 30 35
90 101 94 107 93 108 98 90 104 106 
372 77 47
107 106 94 102 101 105 107 95 106 108 
373 15 23
93 96 93 93 100 94 107 92 105 91 
374 20 51
101 109 101 95 106 109 94 95 98 90 
375 10 60
106 109 106 102 107 92 97 90 99 92 
376 76 12
96 102 103 103 96 94 94 99 93 97 
377 56 92
108 109 106 96 109 96 107 97 95 103 
378 61 55
106 109 97 107 91 92 98 109 97 103 
379 93 26
99 98 104 94 97 99 106 96 90 102 
380 85 53
100 92 109 97 97 101 92 105 100 91 
381 53 24
93 102 92 92 107 97 97 96 97 92 
382 92 96
93 109 91 94 101 107 98 104 109 97 
383 14 80
101 97 104 91 98 109 107 94 93 109 
384 67 22
108 104 97 96 98 100 91 101 99 104 
385 68 54
101 105 109 93 105 102 104 96 90 98 
386 40 49
109 106 94 93 98 101 106 96 107 93 
387 33 26
96 103 98 105 109 98 90 93 93 109 
388 27 71
102 90 98 102 90 98 102 102 106 107 
389 48 25
90 93 101 99 108 105 96 94 91 104 
390 93 81
92 102 93 108 102 91 90 106 91 99 
391 29 75
99 102 96 107 91 103 92 91 98 95 
392 31 47
102 98 93 103 93 105 104 107 109 99 
393 8 52
101 98 97 94 99 97 108 100 102 106 
394 28 54
91 91 97 99 96 99 98 109 108 101 
395 73 54
96 108 100 107 98 100 99 101 100 98 
396 76 100
98 96 91 90 92 98 95 106 100 102 
397 66 29
92 103 109 102 106 94 95 104 92 97 
398 53 43
107 103 103 97 91 91 108 99 97 101 
399 82 70
90 97 107 92 109 93 100 103 98 92 
400 38 66
96 92 101 90 100 93 93 109 106 98 
401 100 51
99 107 109 98 99 91 100 91 98 97 
402 64 80
100 95 95 101 97 92 98 95 107 109 
403 67 80
105 91 108 101 99 107 91 101 97 103 
404 40 29
104 99 91 104 107 106 95 109 91 100 
405 83 42
95 100 96 92 92 94 91 107 95 101 
406 69 68
99 92 108 98 105 99 106 91 101 107 
407 68 1
103 102 109 96 105 104 109 102 94 108 
408 47 47
92 97 93 90 108 94 97 109 96 95 
409 60 74
96 105 104 107 94 103 107 99 107 99 
410 69 65
93 97 106 109 107 92 96 102 91 91 
411 93 93
107 109 101 105 106 101 98 92 108 104 
412 1 76
97 107 106 95 108 94 99 91 94 108 
413 2 2
90 109 103 92 102 107 96 100 106 107 
414 86 53
90 96 105 101 90 97 108 90 106 104 
415 58 16
101 96 98 105 106 99 98 107 90 104 
416 52 14
101 107 93 90 96 90 94 109 96 109 
417 91 100
108 90 109 105 104 106 92 107 104 100 
418 45 52
90 103 90 90 109 101 95 92 90 98 
419 75 19
91 109 107 97 108 109 96 99 109 95 
420 25 87
91 96 93 98 106 98 109 98 103 109 
421 62 25
92 96 108 104 97 103 102 98 102 92 
422 76 83
91 104 101 103 101 97 101 103 95 96 
423 22 75
96 102 92 101 101 105 105 103 104 104 
424 48 22
109 101 99 101 103 106 103 97 92 107 
425 73 55
106 93 109 92 91 90 106 98 94 100 
426 80 76
108 97 90 102 103 109 103 102 92 104 
427 16 77
92 90 105 95 107 97 109 104 92 108 
428 49 44
100 106 93 104 96 105 91 94 104 103 
429 77 28
102 91 101 104 105 96 92 108 96 107 
430 84 25
94 92 100 108 102 100 92 92 96 107 
431 17 93
94 107 99 108 100 107 95 104 109 106 
432 21 87
92 93 106 91 102 109 95 99 103 97 
433 68 86
99 91 97 105 109 105 109 93 94 90 
434 75 87
108 109 90 99 98 103 105 92 98 102 
435 4 41
93 90 99 99 109 99 96 98 100 96 
436 64 42
91 93 107 108 93 101 94 103 92 107 
437 63 51
100 100 103 108 104 98 100 99 99 102 
438 79 69
91 107 107 93 93 102 95 106 105 92 
439 35 12
95 109 106 97 98 109 108 108 91 93 
440 89 36
101 100 94 102 104 105 91 105 102 100 
441 12 28
92 106 93 100 100 100 103 105 91 99 
442 15 30
98 94 109 99 97 97 106 101 99 103 
443 64 65
98 106 101 102 96 92 109 91 100 92 
444 64 61
102 106 97 95 95 104 104 96 108 103 
445 68 67
102 94 99 92 107 94 96 107 91 107 
446 10 100
102 98 102 92 92 105 105 97 101 104 
447 53 38
98 97 93 97 102 92 95 95 96 104 
448 48 16
100 95 102 101 104 91 93 96 91 105 
449 42 65
101 106 101 92 92 93 101 101 92 96 
450 51 36
99 105 90 97 91 109 93 101 94 97 
451 76 91
99 100 107 100 95 108 96 98 96 107 
452 4 89
103 104 101 105 103 91 92 104 98 104 
453 42 2
103 106 95 99 94 90 90 95 92 99 
454 8 88
97 104 98 95 93 101 95 106 107 107 
455 85 11
108 108 94 109 103 108 90 96 104 95 
456 77 11
107 98 105 109 107 105 109 106 91 97 
457 62 65
108 96 103 105 93 99 108 104 97 104 
458 54 21
102 103 109 109 101 97 99 98 105 107 
459 69 53
94 97 90 95 96 91 91 94 109 104 
460 12 96
105 99 91 105 106 104 97 90 109 96 
461 100 11
95 91 109 90 100 109 94 104 108 94 
462 60 25
107 90 90 99 97 101 94 92 103 95 
463 78 2
101 95 91 100 93 91 103 99 92 94 
464 30 73
93 96 96 103 92 107 107 102 107 99 
465 62 77
102 107 109 95 104 106 96 95 103 90 
466 68 58
91 90 96 105 106 97 109 109 95 107 
467 65 49
104 103 90 93 92 103 90 105 100 101 
468 73 37
109 101 103 103 101 90 92 94 103 98 
469 20 50
97 108 91 103 97 95 91 103 109 103 
470 17 82
108 98 98 90 109 91 106 109 94 99 
471 65 76
91 96 109 104 96 100 94 103 90 107 
472 27 48
92 109 90 91 94 98 105 92 107 105 
473 43 89
98 100 97 102 109 101 109 91 99 108 
474 68 96
90 93 99 90 90 97 109 93 109 109 
475 77 44
90 93 108 107 109 102 95 109 105 95 
476 13 87
98 101 97 108 92 97 103 92 100 92 
477 36 12
92 104 96 91 96 92 106 96 108 96 
478 16 90
109 102 98 104 107 90 90 96 94 90 
479 5 19
109 99 90 99 102 97 102 96 92 108 
480 88 81
103 93 108 101 100 103 102 91 107 90 
481 28 8
103 109 103 107 101 99 105 100 100 97 
482 1 83
105 102 90 99 93 97 91 106 93 109 
483 40 86
94 101 108 103 93 95 90 106 94 95 
484 86 89
96 102 108 107 90 100 101 97 105 102 
485 49 19
109 91 96 104 90 95 109 106 98 107 
486 10 52
104 92 90 101 97 95 109 104 108 107 
487 32 31
98 104 99 93 96 107 103 108 108 109 
488 93 71
106 94 108 94 91 109 97 98 91 97 
489 20 42
95 108 105 93 97 108 95 105 102 104 
490 91 72
101 93 99 91 92 91 101 100 95 91 
491 27 80
90 104 97 92 103 108 105 108 106 100 
492 14 64
90 108 101 94 102 91 97 105 107 106 
493 77 52
100 109 92 105 90 98 96 91 104 95 
494 36 9
93 100 108 109 102 102 105 94 92 96 
495 41 96
109 98 92 106 106 109 98 96 100 92 
496 3 92
100 90 94 95 96 101 95 99 103 93 
497 2 6
97 106 91 100 104 91 107 95 91 109 
498 55 59
100 104 94 91 106 108 94 96 109 90 
499 24 58
101 90 96 94 94 109 91 93 97 92 

