500 10 44684
0 2 4
99 101 88 112 100 88 103 110 119 79 
1 5 5
78 89 77 116 76 124 92 79 93 104 
2 4 9
97 107 95 95 105 98 79 81 124 94 
3 5 5
108 97 86 104 101 100 119 106 117 123 
4 3 4
122 114 122 92 96 97 111 120 79 81 
5 7 8
106 97 118 106 116 114 82 101 86 94 
6 7 1
121 77 98 113 75 121 108 124 112 107 
7 8 1
80 80 81 86 88 99 75 119 123 121 
8 8 10
110 110 91 124 81 99 116 77 101 89 
9 4 9
87 101 102 77 86 121 89 91 76 95 
10 10 5
121 105 86 119 101 113 109 88 100 77 
11 3 4
101 80 113 79 95 106 107 109 84 84 
12 7 1
81 76 111 84 98 93 101 95 123 112 
13 5 7
102 75 114 80 79 79 113 107 84 101 
14 7 2
84 93 91 94 103 77 114 111 80 103 
15 6 10
121 98 76 121 87 90 97 115 93 88 
16 8 5
94 110 82 104 87 118 85 96 87 103 
17 3 3
106 109 105 113 89 102 92 85 76 93 
18 9 4
111 107 80 81 120 77 105 90 115 112 
19 7 5
106 83 100 120 112 95 114 95 79 94 
20 9 9
123 103 105 76 121 113 90 109 97 97 
21 1 8
102 96 109 92 83 105 96 116 116 123 
22 9 9
93 102 123 99 123 83 117 122 111 99 
23 9 4
89 90 94 111 113 85 81 90 106 115 
24 5 2
98 80 110 89 78 98 117 99 76 117 
25 9 10
77 118 121 114 92 122 99 107 87 118 
26 9 3
78 101 94 111 92 78 105 115 83 90 
27 7 5
113 75 113 114 119 113 116 121 106 114 
28 6 10
111 86 108 76 80 78 80 85 105 100 
29 10 10
103 104 116 114 119 122 80 109 124 118 
30 7 4
108 92 114 90 83 102 91 120 113 76 
31 9 6
79 78 81 111 103 80 110 84 111 101 
32 1 1
98 80 89 97 75 117 92 108 84 82 
33 1 9
111 93 90 99 94 90 97 99 93 103 
34 1 10
110 121 85 96 99 87 78 75 94 94 
35 3 2
87 117 79 98 76 82 116 112 100 83 
36 4 6
100 110 96 121 88 106 122 75 104 82 
37 2 5
96 99 79 115 119 103 86 83 95 92 
38 2 4
99 98 85 77 108 99 124 84 86 95 
39 8 8
78 79 102 108 86 76 114 109 100 120 
40 5 2
98 110 104 121 79 86 96 106 111 107 
41 4 2
83 107 107 94 79 114 121 82 118 101 
42 1 7
102 106 115 79 101 89 101 77 76 82 
43 1 9
95 96 114 81 80 99 105 88 83 87 
44 6 3
77 106 94 122 84 87 79 111 118 119 
45 2 3
86 94 101 89 103 101 97 124 124 88 
46 8 6
112 112 93 120 75 80 84 79 112 104 
47 4 9
118 82 110 113 79 103 85 92 124 111 
48 2 8
89 81 103 89 94 111 96 82 98 116 
49 5 6
122 89 106 111 120 110 109 113 117 96 
50 9 9
76 114 90 75 102 124 105 119 80 83 
51 1 5
121 106 108 97 99 115 122 96 79 106 
52 8 2
91 119 116 85 90 94 84 92 85 101 
53 10 1
100 76 109 105 87 121 82 83 104 115 
54 1 4
105 105 100 111 86 109 112 102 103 105 
55 10 7
75 123 90 87 102 109 77 77 113 113 
56 6 1
111 117 83 90 107 114 94 90 94 121 
57 2 1
105 116 84 84 96 123 80 98 124 95 
58 7 7
81 115 105 119 104 90 119 90 82 80 
59 4 3
121 77 82 90 123 85 122 105 78 83 
60 10 8
83 121 75 82 93 113 110 102 104 93 
61 4 1
108 93 102 118 100 85 110 96 89 119 
62 9 5
81 112 120 85 120 111 112 78 108 114 
63 4 4
103 75 107 84 93 81 94 79 101 123 
64 10 2
86 109 97 102 105 87 117 111 124 112 
65 7 5
98 110 124 83 100 89 89 78 92 121 
66 5 8
77 110 116 105 108 117 106 121 101 80 
67 5 9
92 93 120 91 80 118 87 105 104 89 
68 2 7
105 82 86 122 78 100 110 83 85 103 
69 9 6
96 97 119 124 102 93 85 122 111 80 
70 4 4
75 103 100 106 117 93 112 99 100 123 
71 3 2
100 84 114 110 114 104 108 87 78 102 
72 5 2
122 99 103 110 104 118 105 106 96 80 
73 4 6
101 75 115 76 76 89 107 101 100 98 
74 5 5
80 124 102 83 101 118 116 100 92 96 
75 3 9
92 117 104 115 124 117 81 100 120 123 
76 8 7
87 86 99 112 110 113 78 117 112 107 
77 1 6
100 119 117 117 90 79 117 107 121 97 
78 4 9
89 106 98 86 106 77 82 120 91 107 
79 5 4
97 112 120 85 95 122 102 122 116 95 
80 3 8
99 109 116 98 81 91 96 98 122 121 
81 5 9
76 119 98 92 103 84 95 75 122 90 
82 3 10
87 115 93 81 85 85 88 109 120 81 
83 8 4
98 103 103 97 102 90 78 103 86 103 
84 6 10
113 92 114 110 109 77 81 123 119 99 
85 5 5
112 94 113 109 101 121 112 124 101 93 
86 4 6
108 101 108 119 82 105 110 120 124 101 
87 3 4
105 113 107 99 89 113 103 76 83 92 
88 6 5
90 100 110 118 118 85 124 103 112 109 
89 5 5
92 84 116 93 112 98 77 93 88 111 
90 3 8
101 96 106 109 115 93 95 80 118 80 
91 1 9
91 76 93 80 113 119 76 82 80 117 
92 6 4
92 102 86 105 90 78 84 117 99 117 
93 9 5
86 124 96 81 79 99 120 97 100 90 
94 10 4
85 105 95 90 97 121 83 116 100 96 
95 2 4
100 108 112 76 100 90 93 111 89 114 
96 4 2
88 115 118 116 82 98 81 92 80 104 
97 6 1
102 120 96 79 92 118 122 119 103 109 
98 6 4
77 88 117 91 80 112 112 95 102 108 
99 2 7
83 93 79 88 124 116 118 101 113 92 
100 1 6
87 105 124 115 91 120 118 93 85 112 
101 6 6
99 99 111 78 84 124 115 92 94 121 
102 4 9
112 103 119 100 120 102 108 82 82 107 
103 10 4
104 118 117 117 107 104 82 82 80 120 
104 1 6
122 75 109 91 121 94 112 108 75 108 
105 2 6
85 119 80 94 103 79 118 83 124 112 
106 3 3
93 84 114 98 82 76 115 81 77 102 
107 3 9
121 86 109 121 120 122 119 82 116 124 
108 8 10
80 97 104 80 84 106 114 102 118 105 
109 3 3
106 118 83 110 95 107 109 91 119 95 
110 6 2
92 84 123 85 85 102 106 90 124 88 
111 3 1
121 86 114 116 118 117 118 100 110 78 
112 3 6
111 123 98 107 93 113 100 112 124 100 
113 8 10
78 106 100 79 119 122 90 115 86 79 
114 3 5
121 102 106 108 106 119 113 94 117 89 
115 4 4
77 103 75 79 78 75 88 83 108 113 
116 4 8
113 105 94 124 111 78 80 110 106 112 
117 9 5
108 84 108 102 98 111 115 102 91 118 
118 4 10
120 122 103 103 110 118 82 98 100 101 
119 5 2
107 105 123 88 94 92 104 79 103 87 
120 2 4
75 99 107 91 92 91 112 89 88 92 
121 3 1
85 124 99 110 102 75 124 84 107 122 
122 5 4
91 78 82 119 92 116 124 94 90 107 
123 8 5
75 100 123 88 117 117 88 80 116 114 
124 3 1
117 118 105 99 116 81 103 84 85 112 
125 7 10
103 80 124 118 114 111 104 114 86 102 
126 3 7
94 93 88 87 84 82 108 76 76 90 
127 9 5
96 81 78 108 118 84 88 97 92 87 
128 8 7
123 122 121 87 101 75 95 121 95 110 
129 1 1
117 118 108 118 85 86 114 107 92 120 
130 6 4
81 103 112 98 117 79 107 118 78 105 
131 6 1
105 102 103 76 87 113 108 81 107 91 
132 3 5
103 116 101 122 111 119 85 118 99 122 
133 9 8
79 75 85 82 105 92 112 88 121 90 
134 7 9
81 124 89 115 92 93 109 120 85 86 
135 6 9
80 80 116 104 80 87 123 84 87 83 
136 7 6
102 81 83 98 96 101 106 104 100 123 
137 10 5
91 79 115 103 90 112 102 97 117 95 
138 4 10
107 77 83 122 85 102 119 115 108 79 
139 4 7
105 122 111 80 120 80 124 88 84 116 
140 5 7
105 96 123 100 116 77 99 101 81 108 
141 6 9
87 94 83 120 100 97 76 80 94 114 
142 3 7
120 88 106 81 82 100 108 112 121 108 
143 3 1
112 112 93 118 97 120 87 109 91 95 
144 2 2
117 109 121 88 99 83 106 96 96 88 
145 10 9
113 87 91 112 123 105 104 110 92 124 
146 10 2
119 116 102 85 86 85 76 81 120 124 
147 2 2
82 78 119 105 91 98 84 81 111 102 
148 6 7
82 101 96 102 100 75 95 96 116 123 
149 2 6
83 109 86 80 110 109 101 117 112 95 
150 6 6
119 111 89 107 88 84 93 97 111 114 
151 2 4
117 97 110 108 97 93 113 107 80 76 
152 9 1
113 91 110 100 114 85 106 108 121 120 
153 8 2
81 112 110 119 103 112 83 95 84 120 
154 7 4
88 121 90 95 75 78 86 113 97 123 
155 4 2
83 121 121 81 118 88 94 77 77 79 
156 7 3
116 81 80 77 76 86 110 92 84 76 
157 8 10
81 123 122 103 121 88 116 81 86 112 
158 5 8
77 108 84 79 113 82 114 106 91 119 
159 5 8
80 94 109 89 97 99 101 106 97 100 
160 10 2
113 76 104 77 115 119 86 118 104 97 
161 8 10
104 111 76 120 105 110 90 112 81 76 
162 5 10
100 105 85 75 80 96 96 121 99 77 
163 9 6
123 84 83 103 106 82 122 87 121 123 
164 1 9
110 100 93 117 103 97 98 79 79 108 
165 5 10
81 102 82 108 106 82 123 105 93 83 
166 1 2
92 82 89 88 83 101 119 118 78 87 
167 8 2
109 85 110 113 120 116 124 77 95 82 
168 8 3
91 110 107 110 120 117 111 87 76 77 
169 9 10
103 97 80 106 109 117 90 95 80 75 
170 1 1
119 86 79 89 95 116 91 112 103 75 
171 3 4
117 83 113 121 86 93 80 116 115 87 
172 4 7
82 113 123 87 115 85 89 111 96 94 
173 4 5
85 94 106 116 97 80 89 91 88 79 
174 3 7
97 95 95 89 107 118 117 114 108 117 
175 4 6
77 93 89 101 112 92 95 124 113 76 
176 1 1
81 82 102 96 86 116 75 111 86 95 
177 3 5
90 120 110 75 114 114 102 117 82 116 
178 9 7
85 113 120 124 116 111 86 124 120 115 
179 3 7
107 97 119 118 119 122 112 84 119 100 
180 2 4
89 114 102 98 107 120 94 120 110 91 
181 5 9
79 82 102 124 123 77 83 107 99 77 
182 6 10
76 90 105 122 115 119 108 81 110 85 
183 10 8
83 75 87 120 91 83 99 96 93 78 
184 1 7
80 105 75 107 108 102 78 111 117 110 
185 5 5
104 92 117 89 104 96 109 112 98 123 
186 4 1
82 84 86 100 89 108 118 97 89 120 
187 5 10
97 84 112 92 119 98 76 99 117 121 
188 1 3
94 99 86 118 98 121 108 107 80 121 
189 8 3
106 77 119 122 122 75 123 96 84 111 
190 9 4
86 115 104 79 113 95 103 82 119 114 
191 1 8
111 110 76 118 106 85 90 90 87 86 
192 5 2
86 88 108 95 76 98 99 87 90 78 
193 9 4
98 121 86 95 113 86 114 101 122 116 
194 2 1
76 114 122 91 75 87 104 87 100 89 
195 5 9
113 83 115 78 89 84 82 114 82 93 
196 2 8
106 76 100 105 117 122 86 120 111 85 
197 4 9
97 118 75 124 82 110 102 122 120 95 
198 2 2
104 83 76 113 103 87 113 84 90 88 
199 1 10
85 78 80 123 90 95 112 113 88 114 
200 10 4
101 92 95 97 112 98 108 93 108 111 
201 9 2
76 121 98 91 85 90 101 97 95 108 
202 2 6
78 83 100 94 124 90 117 101 109 89 
203 9 2
115 108 116 98 97 76 112 98 123 85 
204 2 9
102 92 105 122 77 78 107 81 88 85 
205 8 4
100 96 114 84 110 114 107 102 99 100 
206 2 7
101 113 96 99 75 88 109 104 107 92 
207 7 6
95 85 118 109 95 95 122 120 116 113 
208 7 9
102 115 81 78 90 84 75 117 124 98 
209 9 2
111 78 105 96 95 81 83 117 93 76 
210 7 2
98 100 113 91 88 120 121 117 110 79 
211 7 4
88 123 120 87 98 88 90 85 93 120 
212 4 1
78 116 108 97 117 86 88 92 112 76 
213 4 3
123 104 122 111 109 120 114 124 120 109 
214 5 9
124 104 105 95 100 88 85 105 79 120 
215 3 9
82 92 90 121 96 75 75 94 107 124 
216 8 9
119 121 92 116 105 108 85 107 88 117 
217 3 1
81 89 95 87 85 100 86 94 119 103 
218 8 6
106 92 112 88 92 119 108 88 116 75 
219 6 4
109 92 82 124 84 86 114 90 101 86 
220 1 9
111 118 84 106 96 101 123 79 118 110 
221 10 3
107 77 103 100 78 108 75 114 75 83 
222 1 2
94 106 104 122 117 84 112 104 77 121 
223 3 6
97 85 105 93 123 124 107 105 77 85 
224 8 8
118 82 123 120 90 113 84 112 94 113 
225 5 4
122 97 117 124 95 79 101 118 92 81 
226 4 6
83 120 122 85 81 79 94 76 86 92 
227 10 10
82 83 91 103 121 77 116 120 101 111 
228 7 8
117 97 115 84 104 78 101 114 75 98 
229 10 9
104 95 85 118 114 86 97 121 94 115 
230 7 8
117 94 87 94 80 83 93 75 105 83 
231 2 2
88 113 75 90 88 76 99 118 96 111 
232 9 1
122 85 83 91 75 111 108 119 81 120 
233 6 4
80 108 88 110 118 102 124 83 90 124 
234 5 1
76 75 100 99 111 88 110 108 98 120 
235 2 6
107 109 97 115 106 114 78 111 98 94 
236 4 9
121 97 104 88 97 80 118 100 80 94 
237 10 2
107 111 101 83 107 102 110 91 88 84 
238 7 5
124 86 107 97 105 82 117 101 105 96 
239 2 5
101 110 106 106 81 105 99 115 94 77 
240 9 2
104 111 94 119 120 100 115 119 111 97 
241 9 10
107 86 122 87 107 114 93 86 99 124 
242 5 3
106 94 97 75 98 98 78 78 84 99 
243 8 7
124 115 78 113 87 96 82 121 109 79 
244 9 10
118 103 105 94 104 99 76 86 120 101 
245 4 10
124 94 99 85 118 98 91 120 88 94 
246 6 9
118 117 99 102 123 110 121 119 88 101 
247 6 4
78 94 81 123 120 96 94 121 117 118 
248 7 9
94 99 108 107 119 95 85 114 87 112 
249 7 3
97 90 81 112 116 97 107 121 118 113 
250 6 9
87 91 109 79 85 115 117 104 91 102 
251 4 3
122 101 76 86 88 93 99 112 108 107 
252 7 7
79 84 98 124 124 95 112 86 113 98 
253 9 9
90 85 104 107 113 120 119 112 96 121 
254 10 7
91 98 100 76 80 76 104 87 85 79 
255 2 3
101 76 100 90 99 118 90 115 81 120 
256 3 7
117 93 108 88 89 107 76 107 82 101 
257 6 6
104 90 104 115 96 117 79 123 118 104 
258 4 1
98 103 85 104 100 109 100 92 79 85 
259 3 2
118 110 78 77 88 114 92 118 81 121 
260 4 8
114 114 100 109 93 115 79 118 94 91 
261 5 7
75 76 91 82 87 75 103 82 111 106 
262 10 10
97 102 117 105 100 102 83 91 93 110 
263 2 8
101 80 107 122 97 82 120 99 83 86 
264 2 3
89 86 104 75 118 114 76 92 93 121 
265 9 4
100 81 87 119 118 88 108 96 95 90 
266 1 5
97 91 94 108 104 77 80 118 89 112 
267 6 10
101 124 101 121 120 99 114 97 107 78 
268 7 9
91 124 124 112 90 95 106 114 113 77 
269 5 10
82 107 90 98 94 85 107 122 86 85 
270 4 7
112 109 106 96 113 122 124 79 124 76 
271 4 7
98 102 82 88 104 107 107 113 91 122 
272 2 6
85 120 107 96 83 100 105 120 84 86 
273 9 10
85 93 81 84 96 124 100 119 101 108 
274 8 9
92 116 123 108 114 87 95 76 82 77 
275 3 6
104 79 87 115 92 106 115 103 76 121 
276 8 3
122 90 93 101 75 102 111 92 93 109 
277 1 10
121 95 85 79 99 110 96 80 116 109 
278 6 10
90 112 112 91 110 101 115 108 116 83 
279 10 2
110 120 85 80 106 87 90 103 109 102 
280 5 1
89 82 90 81 116 86 90 83 75 79 
281 7 7
107 91 94 99 101 105 92 88 100 105 
282 10 7
117 111 111 102 88 95 112 103 103 80 
283 7 2
93 78 107 93 82 85 79 114 104 100 
284 6 6
80 110 94 107 90 113 116 84 101 102 
285 9 10
75 103 94 103 108 82 76 76 85 108 
286 2 10
121 101 84 100 78 101 105 84 88 76 
287 4 1
116 109 115 92 87 103 82 87 83 103 
288 3 2
111 120 119 121 106 91 91 102 119 102 
289 3 8
80 107 83 94 109 77 76 102 111 116 
290 6 1
97 79 89 105 107 81 99 93 77 93 
291 8 6
111 110 87 105 89 89 105 96 123 113 
292 1 5
117 119 87 106 110 82 106 84 86 121 
293 3 6
79 93 91 83 111 110 118 100 95 80 
294 6 7
96 112 82 97 103 75 81 95 119 95 
295 2 2
102 110 116 115 108 110 113 112 78 79 
296 9 2
114 116 91 86 124 99 122 97 86 79 
297 5 10
79 76 87 75 96 90 107 76 75 100 
298 4 6
85 106 100 88 112 98 81 103 91 100 
299 10 6
124 113 113 87 120 107 79 76 110 93 
300 3 8
108 109 85 111 84 78 96 96 112 121 
301 5 7
96 117 80 113 92 121 78 93 112 118 
302 2 3
101 112 108 88 80 112 95 113 96 107 
303 5 3
113 123 78 102 121 114 78 93 107 85 
304 7 10
82 86 95 119 80 76 103 108 115 88 
305 7 6
76 94 110 97 76 87 82 114 85 85 
306 7 7
77 97 101 109 107 107 110 114 119 80 
307 6 10
83 90 109 123 104 105 118 105 124 106 
308 5 2
118 86 117 80 99 86 86 101 108 115 
309 3 6
97 122 82 93 80 119 94 90 85 78 
310 5 2
109 84 96 108 115 102 111 110 116 106 
311 1 6
117 79 118 102 119 80 119 93 79 76 
312 8 10
123 83 100 85 87 116 76 123 77 99 
313 4 4
76 97 103 119 78 96 84 120 100 77 
314 3 10
84 91 112 89 95 101 98 95 110 75 
315 1 10
118 108 124 121 84 107 116 87 79 96 
316 8 10
117 91 79 92 96 103 113 105 120 103 
317 5 8
79 95 112 116 97 94 117 91 79 118 
318 5 4
103 80 100 107 101 109 117 96 78 123 
319 1 5
102 104 81 99 82 78 118 88 98 105 
320 8 8
76 76 90 82 120 104 95 98 111 122 
321 8 6
107 76 111 110 77 101 86 104 82 94 
322 6 5
97 123 105 122 105 114 120 108 115 87 
323 1 8
119 87 87 105 84 95 120 118 98 108 
324 1 6
87 118 81 94 88 86 111 110 86 91 
325 6 4
80 107 101 122 119 91 112 113 105 124 
326 2 1
94 93 110 120 77 93 95 91 86 102 
327 6 7
115 96 89 79 114 124 122 121 106 99 
328 7 6
117 108 91 98 107 114 90 79 82 77 
329 10 2
95 94 102 109 123 90 85 116 113 99 
330 6 9
100 117 101 81 93 97 109 88 80 77 
331 9 1
116 80 119 75 84 118 87 105 89 116 
332 7 6
81 101 81 122 78 78 100 103 122 76 
333 8 7
99 96 106 106 98 96 96 91 101 90 
334 7 6
85 105 92 102 99 110 117 107 87 75 
335 10 8
78 79 122 75 83 109 93 109 82 76 
336 6 3
97 114 123 75 81 92 113 92 122 80 
337 7 2
116 113 79 80 115 110 99 120 115 96 
338 6 1
81 91 109 90 92 76 123 115 115 121 
339 3 8
90 105 91 88 113 87 111 106 77 117 
340 9 3
103 87 112 95 110 109 95 118 77 81 
341 10 1
84 82 87 77 80 79 124 96 112 92 
342 7 6
106 97 81 108 92 121 102 120 83 91 
343 8 6
75 112 114 78 120 123 100 79 82 114 
344 7 3
118 82 108 107 101 96 82 82 119 90 
345 1 4
86 92 83 96 108 102 92 111 89 81 
346 2 2
81 91 90 88 82 99 102 75 106 88 
347 4 9
109 117 90 105 85 83 118 96 102 78 
348 6 4
105 89 124 121 95 117 82 103 83 98 
349 4 8
122 95 92 105 108 77 115 93 122 83 
350 9 8
91 117 105 118 122 102 81 103 116 82 
351 5 4
124 107 116 84 82 109 101 81 82 121 
352 7 1
123 102 85 122 110 86 81 78 78 112 
353 7 1
91 80 105 83 87 80 96 87 112 88 
354 2 5
124 75 75 81 121 113 124 121 92 84 
355 5 5
95 75 82 100 114 81 103 81 86 83 
356 7 6
90 112 112 77 75 86 123 77 86 75 
357 1 8
116 84 78 83 96 124 88 118 77 97 
358 2 4
105 76 76 116 86 92 94 102 80 81 
359 2 8
94 107 84 107 107 95 114 98 106 120 
360 5 5
121 124 123 75 96 94 119 77 97 120 
361 6 4
88 89 85 95 98 119 102 119 101 114 
362 8 1
86 93 111 119 90 95 124 87 94 122 
363 3 3
93 83 121 115 79 119 98 94 85 111 
364 10 4
105 93 103 81 84 80 93 95 98 79 
365 6 10
101 89 78 122 88 92 115 108 101 113 
366 4 1
107 123 76 120 109 117 103 89 85 83 
367 3 1
88 118 117 114 122 84 105 99 100 110 
368 4 9
77 90 96 103 79 121 85 113 120 86 
369 4 10
80 89 121 91 97 95 113 113 90 107 
370 10 4
119 86 114 94 121 87 85 123 103 108 
371 10 5
105 116 99 102 78 83 83 85 99 81 
372 7 7
102 91 109 117 76 90 82 120 101 123 
373 5 3
88 101 98 118 85 79 102 117 120 76 
374 10 1
86 104 86 110 111 114 109 90 83 95 
375 10 10
111 94 81 87 92 97 112 105 124 87 
376 6 2
91 77 78 88 81 99 89 94 78 102 
377 6 2
93 114 81 101 84 91 112 122 110 118 
378 1 5
91 124 112 92 86 87 103 104 92 108 
379 3 6
84 83 119 89 112 124 81 81 115 87 
380 5 3
105 97 124 92 92 86 97 110 85 86 
381 3 4
98 107 77 117 92 122 92 101 82 87 
382 2 6
88 124 76 79 86 112 83 119 84 82 
383 4 10
96 112 89 106 123 94 82 99 78 84 
384 7 2
83 109 122 91 123 115 86 86 114 89 
385 8 4
76 100 124 88 110 87 119 81 75 83 
386 10 9
104 121 99 108 83 116 81 91 102 78 
387 3 6
121 118 113 110 84 83 115 88 108 114 
388 7 1
77 95 103 77 105 93 77 87 91 102 
389 8 5
95 78 116 124 83 100 101 79 96 89 
390 3 1
97 107 118 83 97 96 105 101 116 84 
391 9 5
104 107 111 122 86 108 97 106 113 90 
392 1 7
117 83 78 88 98 120 119 122 104 114 
393 8 2
86 113 102 79 124 82 103 105 117 91 
394 8 4
76 76 112 114 91 94 113 84 103 116 
395 3 4
111 93 75 92 83 85 94 96 75 123 
396 6 10
83 81 106 75 97 83 80 101 85 117 
397 6 9
87 78 114 117 121 89 120 109 107 122 
398 3 3
82 98 88 82 96 116 83 104 122 116 
399 2 10
75 112 122 87 104 88 115 118 93 107 
400 8 6
121 107 76 105 105 78 98 114 101 113 
401 10 1
104 82 104 103 124 86 75 76 123 122 
402 4 10
85 80 100 106 112 87 123 110 122 124 
403 7 10
80 116 93 106 104 92 106 86 102 88 
404 10 9
99 114 106 99 112 121 80 124 76 105 
405 3 2
120 105 101 117 107 119 96 112 110 116 
406 9 8
84 77 103 113 90 94 91 116 86 122 
407 8 1
118 97 124 121 80 109 114 77 89 93 
408 7 7
87 92 108 75 83 79 92 94 81 120 
409 10 4
91 100 89 102 99 108 102 94 82 104 
410 9 5
88 82 91 104 102 87 101 117 106 86 
411 3 3
92 84 86 100 81 96 123 97 123 89 
412 1 6
122 102 121 80 83 89 94 96 99 113 
413 2 2
75 104 118 107 117 112 101 85 121 112 
414 6 3
85 111 100 86 75 102 113 75 81 109 
415 8 6
76 101 113 100 91 114 103 92 95 99 
416 2 4
86 102 98 85 91 85 89 104 121 114 
417 1 10
93 105 124 100 89 81 117 92 109 105 
418 5 2
95 98 95 115 124 96 80 87 75 103 
419 5 9
116 114 122 112 103 114 111 124 94 110 
420 5 7
116 91 78 103 121 123 104 93 98 124 
421 2 5
97 91 113 99 122 88 117 113 77 117 
422 6 3
106 89 106 78 76 82 116 118 100 121 
423 2 5
121 77 117 96 76 80 120 98 99 109 
424 8 2
124 116 84 76 108 111 108 92 77 92 
425 3 5
101 88 124 77 86 95 101 83 99 95 
426 10 6
103 102 75 77 88 124 98 87 117 109 
427 6 7
97 75 120 100 92 92 104 119 107 103 
428 9 4
75 101 78 99 121 110 76 99 89 78 
429 7 8
77 76 116 119 110 81 97 83 81 92 
430 4 5
109 87 95 93 117 95 87 117 121 92 
431 7 3
79 92 94 93 95 122 120 99 124 111 
432 1 7
117 118 121 76 87 104 100 124 118 122 
433 8 6
94 106 102 90 124 120 84 78 89 105 
434 5 7
103 94 85 104 83 108 90 77 103 87 
435 4 1
118 105 114 114 104 84 101 123 115 81 
436 4 2
76 98 122 93 78 96 79 108 117 92 
437 3 1
75 105 78 103 119 83 95 114 114 87 
438 9 9
96 82 92 88 88 107 80 91 80 77 
439 5 2
100 114 121 92 83 84 93 83 116 98 
440 9 6
106 85 99 97 99 80 116 120 87 85 
441 2 8
117 91 118 75 95 105 88 120 96 84 
442 5 10
93 109 114 84 82 102 121 116 114 98 
443 4 5
103 81 86 117 91 97 94 86 115 87 
444 4 1
117 101 82 90 110 99 119 81 83 108 
445 8 7
87 89 84 77 112 99 91 92 106 102 
446 10 10
77 103 87 117 117 100 80 112 76 89 
447 3 8
113 122 118 122 107 87 90 120 101 99 
448 8 6
75 90 107 106 119 116 108 121 96 120 
449 2 5
96 121 76 97 87 78 86 76 77 81 
450 1 6
94 90 105 122 116 104 88 116 119 122 
451 6 1
114 85 112 85 80 103 101 103 101 102 
452 4 9
108 89 116 110 98 116 97 119 83 79 
453 2 2
108 81 120 104 79 95 95 120 107 84 
454 8 8
112 109 93 90 88 96 80 121 112 122 
455 5 1
113 83 79 124 88 123 75 121 79 120 
456 7 1
92 123 80 124 82 90 114 121 76 82 
457 2 5
103 91 88 90 88 124 103 79 82 109 
458 4 1
107 78 94 114 76 122 124 93 120 82 
459 9 3
99 82 75 100 91 86 116 119 104 79 
460 2 6
80 114 76 90 101 79 112 85 84 81 
461 10 1
80 76 104 75 85 124 79 109 83 79 
462 10 5
92 75 95 124 82 106 119 87 98 120 
463 8 2
76 90 86 85 98 86 98 104 87 79 
464 10 3
78 111 81 88 117 92 112 87 92 84 
465 2 7
117 82 114 90 79 91 91 80 108 105 
466 8 8
116 115 111 80 121 92 104 124 80 112 
467 5 9
79 78 85 98 87 98 75 80 105 116 
468 3 7
84 116 118 118 96 85 77 89 78 113 
469 10 10
82 123 76 88 112 90 86 118 94 98 
470 7 2
123 93 113 105 84 86 91 94 79 84 
471 5 6
96 91 114 99 81 85 99 88 85 102 
472 7 8
117 114 115 86 89 83 120 87 102 110 
473 3 9
123 85 82 77 94 96 104 116 114 93 
474 8 6
105 118 84 115 95 112 114 88 104 104 
475 7 4
115 98 83 92 84 77 80 84 90 90 
476 3 7
113 116 102 103 87 122 98 117 115 107 
477 6 2
97 99 101 76 81 77 121 121 103 81 
478 6 10
84 97 123 99 112 85 85 101 79 115 
479 5 9
114 104 85 104 87 122 117 111 97 93 
480 8 1
98 108 103 76 115 118 117 76 92 115 
481 8 8
78 114 108 82 106 114 100 95 95 112 
482 1 3
110 117 95 84 88 82 116 111 118 94 
483 10 6
89 106 113 108 98 90 115 101 79 100 
484 6 9
91 87 83 112 75 85 96 112 80 117 
485 9 9
124 116 81 119 85 120 104 101 103 92 
486 10 2
109 77 105 116 102 90 104 119 103 112 
487 2 1
123 79 94 78 121 92 98 123 83 104 
488 3 1
101 99 123 79 116 84 82 103 86 112 
489 10 2
80 123 110 108 112 93 90 110 97 109 
490 1 2
76 88 94 86 117 86 106 95 110 106 
491 7 10
115 109 82 77 98 103 120 103 101 105 
492 4 4
75 103 76 99 87 116 122 90 82 91 
493 7 2
105 84 97 90 115 123 121 106 109 80 
494 6 9
108 105 113 84 87 77 100 89 107 101 
495 1 6
94 113 87 101 81 114 103 111 75 77 
496 3 2
75 75 99 110 81 86 120 114 118 108 
497 2 6
112 101 96 95 79 86 92 100 76 104 
498 5 9
95 109 119 96 111 123 89 111 124 115 
499 4 8
76 95 121 119 79 124 76 118 102 97 

