500 5 34899
0 1 10
98 105 91 108 94 
1 8 6
97 92 109 99 103 
2 8 10
104 103 97 100 92 
3 3 10
105 97 101 100 100 
4 7 4
103 96 92 92 91 
5 7 3
107 103 107 107 97 
6 9 7
90 95 106 104 100 
7 6 5
95 109 96 90 96 
8 10 4
98 95 96 92 93 
9 2 7
106 107 98 96 100 
10 8 4
100 95 99 100 92 
11 8 8
94 95 103 99 94 
12 10 3
93 90 107 101 107 
13 4 6
90 106 91 99 95 
14 2 6
98 108 108 108 105 
15 10 9
107 99 107 92 96 
16 2 4
92 92 107 95 93 
17 5 10
102 100 104 95 96 
18 9 5
102 91 91 102 90 
19 2 1
105 100 100 95 101 
20 9 8
107 109 92 102 91 
21 1 10
106 96 108 99 106 
22 6 7
105 95 90 109 96 
23 2 2
108 102 91 96 104 
24 4 2
108 101 100 97 92 
25 3 10
106 94 99 94 101 
26 10 6
109 106 101 104 91 
27 2 4
90 94 106 108 98 
28 10 7
93 103 97 91 94 
29 10 9
109 104 90 105 108 
30 10 10
91 90 95 91 107 
31 7 8
100 90 103 100 106 
32 10 2
95 109 107 98 94 
33 8 2
98 96 91 109 90 
34 2 5
101 92 96 102 93 
35 4 6
102 109 95 92 101 
36 9 4
98 109 96 103 108 
37 4 4
92 102 96 93 109 
38 8 3
101 91 99 104 105 
39 6 10
100 108 94 92 99 
40 10 6
103 109 100 91 109 
41 7 7
99 101 101 102 94 
42 8 8
105 94 91 96 107 
43 1 2
95 107 90 105 105 
44 7 9
107 108 105 100 107 
45 8 2
106 95 99 96 106 
46 1 1
90 107 99 105 103 
47 1 5
93 103 97 98 100 
48 10 4
108 105 103 105 95 
49 1 6
93 99 98 101 104 
50 10 10
101 99 101 93 108 
51 3 2
93 93 107 96 98 
52 5 7
108 93 92 106 100 
53 6 4
106 98 90 101 99 
54 9 5
94 107 106 97 108 
55 8 3
98 102 103 102 105 
56 1 1
105 96 107 103 99 
57 2 3
102 108 107 98 96 
58 9 2
106 96 107 102 106 
59 4 10
96 103 91 105 95 
60 8 10
102 99 91 97 106 
61 9 1
107 99 104 91 98 
62 3 2
96 92 102 104 90 
63 1 7
106 105 107 105 98 
64 2 3
103 108 91 107 109 
65 3 5
97 103 107 107 104 
66 2 9
104 105 90 103 107 
67 5 8
100 104 96 96 92 
68 6 4
100 96 105 106 106 
69 9 4
106 93 108 105 98 
70 8 3
104 100 101 91 96 
71 4 5
105 97 103 95 104 
72 2 5
106 97 99 108 103 
73 8 5
92 107 90 108 102 
74 9 6
90 95 108 97 97 
75 2 9
95 94 104 91 93 
76 10 9
107 101 104 95 100 
77 7 5
105 103 108 107 100 
78 9 8
93 98 103 105 95 
79 2 3
103 94 92 108 90 
80 7 2
93 106 92 103 109 
81 9 9
99 94 92 94 107 
82 2 5
90 101 91 105 102 
83 5 1
107 107 95 92 103 
84 10 4
103 106 94 107 94 
85 9 1
105 97 98 106 101 
86 4 3
91 106 96 91 97 
87 9 7
109 104 108 99 102 
88 6 4
95 105 106 101 93 
89 4 1
109 101 100 104 108 
90 1 3
100 103 104 101 99 
91 2 5
99 91 102 90 105 
92 1 2
109 108 95 107 103 
93 2 1
98 104 90 97 96 
94 1 4
106 102 105 96 108 
95 10 10
109 92 103 90 93 
96 6 2
101 98 92 92 96 
97 8 2
101 91 101 109 97 
98 4 7
95 95 109 92 108 
99 5 1
98 105 100 97 108 
100 6 1
103 91 91 106 91 
101 6 2
97 105 104 108 106 
102 9 10
105 91 97 91 97 
103 9 4
107 94 93 95 109 
104 6 5
99 91 94 105 104 
105 6 4
105 103 104 104 98 
106 10 5
106 109 103 101 90 
107 1 3
97 108 97 94 92 
108 4 2
103 98 96 93 91 
109 1 1
105 98 103 92 103 
110 9 7
91 99 90 107 98 
111 6 1
90 107 95 98 105 
112 3 5
99 105 96 105 106 
113 5 9
99 96 90 107 96 
114 4 10
109 91 98 102 92 
115 1 10
92 96 92 93 93 
116 8 4
101 109 97 102 97 
117 6 8
105 99 107 94 98 
118 8 2
104 93 103 104 94 
119 2 7
109 91 98 91 109 
120 1 5
105 99 97 108 98 
121 8 3
97 102 100 104 104 
122 10 10
92 99 102 98 102 
123 6 3
98 108 91 109 102 
124 2 2
101 93 107 108 102 
125 8 7
102 94 109 90 98 
126 2 5
92 102 95 106 91 
127 9 6
95 105 109 96 104 
128 3 6
96 103 108 99 106 
129 7 9
98 103 94 103 99 
130 6 6
107 106 101 102 99 
131 8 9
92 97 95 90 104 
132 8 7
90 99 93 96 93 
133 3 9
101 100 98 102 105 
134 5 6
94 90 100 91 98 
135 2 6
107 100 96 102 99 
136 2 3
94 90 100 94 100 
137 4 4
95 97 101 106 107 
138 10 9
102 93 95 106 105 
139 6 1
94 99 97 103 109 
140 4 6
99 107 107 95 107 
141 8 10
97 91 102 94 98 
142 6 2
108 104 91 100 100 
143 8 10
107 104 91 91 105 
144 9 6
105 104 90 106 101 
145 1 2
90 107 92 90 100 
146 6 5
101 100 107 91 107 
147 10 4
109 108 104 106 94 
148 6 9
90 106 95 97 92 
149 8 6
103 97 98 103 107 
150 1 6
109 95 100 92 98 
151 8 4
95 108 97 94 98 
152 4 3
103 99 92 95 107 
153 8 3
109 95 109 94 94 
154 8 10
103 107 105 103 105 
155 8 6
93 106 101 98 105 
156 1 5
105 93 98 90 94 
157 2 6
103 100 99 102 97 
158 9 9
102 97 108 95 95 
159 6 1
90 92 108 93 108 
160 10 4
95 101 109 91 96 
161 8 4
101 100 109 94 91 
162 1 10
98 91 107 102 98 
163 8 9
103 102 90 95 96 
164 9 1
107 109 93 92 100 
165 5 6
107 104 91 90 94 
166 3 7
107 102 95 96 103 
167 6 9
104 104 98 109 109 
168 10 6
95 97 95 104 109 
169 2 10
91 105 106 100 91 
170 8 1
108 99 97 105 92 
171 5 2
97 101 102 103 96 
172 1 4
95 91 108 92 91 
173 6 10
90 106 108 91 94 
174 5 3
95 102 104 93 103 
175 4 2
105 100 94 105 91 
176 7 9
109 99 103 106 92 
177 2 10
93 97 98 93 105 
178 9 8
109 102 91 107 106 
179 6 3
100 91 93 107 101 
180 9 3
94 106 103 94 107 
181 7 1
90 100 101 93 99 
182 10 10
94 107 98 106 92 
183 10 4
108 106 107 98 99 
184 2 7
90 91 100 95 99 
185 6 10
97 104 99 109 94 
186 2 5
103 102 95 99 92 
187 4 6
94 104 100 104 93 
188 9 4
102 91 91 103 104 
189 4 1
105 109 109 92 103 
190 1 4
107 103 98 92 108 
191 4 4
102 109 99 98 103 
192 2 3
106 101 107 91 94 
193 9 5
108 92 106 96 103 
194 8 9
96 109 104 105 95 
195 3 10
93 97 102 105 96 
196 4 6
102 107 107 90 98 
197 6 2
103 95 97 93 109 
198 4 10
102 92 100 108 92 
199 7 6
97 108 104 100 107 
200 10 8
106 94 102 98 91 
201 2 1
100 106 104 105 104 
202 2 1
103 107 102 96 109 
203 5 7
103 100 104 90 90 
204 1 3
107 109 101 103 94 
205 6 4
95 107 104 97 95 
206 1 5
109 91 95 95 100 
207 10 2
92 93 109 97 95 
208 6 9
95 96 92 92 95 
209 5 9
91 99 91 109 96 
210 8 9
102 97 103 93 91 
211 1 9
93 109 101 107 104 
212 4 6
109 98 95 106 104 
213 8 9
102 91 108 103 101 
214 3 5
99 101 93 91 109 
215 9 8
102 108 95 97 99 
216 10 6
105 102 92 104 90 
217 8 1
105 104 90 97 106 
218 2 3
109 93 107 98 104 
219 3 3
95 90 109 99 100 
220 7 8
109 95 104 104 107 
221 7 1
108 105 92 103 99 
222 5 3
95 95 106 106 90 
223 6 6
105 107 97 102 99 
224 7 5
109 92 93 108 98 
225 10 5
95 107 94 105 102 
226 7 1
91 91 102 109 96 
227 2 6
97 96 90 104 106 
228 10 9
95 95 94 95 90 
229 8 4
90 106 98 107 103 
230 5 4
95 101 103 109 102 
231 9 1
100 109 95 99 107 
232 9 6
103 107 96 109 93 
233 1 5
105 100 109 105 96 
234 10 3
102 94 95 99 97 
235 2 1
101 91 100 91 90 
236 7 4
107 104 100 101 93 
237 7 3
108 97 96 103 107 
238 8 1
105 99 103 109 103 
239 1 2
90 103 91 93 104 
240 3 7
104 90 109 94 96 
241 1 8
99 108 91 90 107 
242 10 4
96 106 104 104 95 
243 10 4
100 91 96 92 105 
244 9 6
99 102 92 106 94 
245 4 3
92 105 101 93 104 
246 3 4
101 101 99 100 109 
247 6 5
107 104 99 97 97 
248 7 1
92 106 97 94 98 
249 10 3
94 105 94 96 100 
250 8 10
106 109 95 90 92 
251 5 1
91 99 104 108 105 
252 4 9
92 109 90 95 97 
253 8 2
105 99 103 101 94 
254 10 10
104 106 109 93 97 
255 7 4
99 100 103 92 101 
256 8 2
96 92 101 98 104 
257 2 6
91 108 108 99 97 
258 2 1
93 90 100 108 98 
259 2 4
105 107 106 94 109 
260 10 8
100 98 90 98 100 
261 2 9
94 92 96 108 90 
262 5 8
90 106 97 93 98 
263 10 4
107 92 96 102 101 
264 3 10
100 93 98 102 101 
265 1 3
104 101 91 100 95 
266 8 9
107 101 105 107 109 
267 6 4
90 106 96 99 109 
268 6 4
100 109 92 103 93 
269 3 6
96 92 108 90 103 
270 2 4
100 108 101 98 91 
271 10 8
103 96 100 95 92 
272 8 5
91 104 97 94 103 
273 3 8
106 94 104 105 97 
274 5 8
102 105 100 105 95 
275 5 4
109 103 90 94 101 
276 2 10
103 90 93 97 104 
277 3 4
109 94 90 106 91 
278 7 4
90 101 100 94 108 
279 2 10
94 105 92 105 90 
280 6 10
101 96 90 106 108 
281 6 6
94 107 108 93 104 
282 1 2
97 107 104 97 98 
283 8 2
108 108 101 104 95 
284 6 10
107 90 90 98 108 
285 1 7
106 97 94 102 107 
286 3 9
101 103 109 108 92 
287 7 8
92 93 98 90 103 
288 2 6
108 107 106 105 107 
289 8 6
106 99 93 94 107 
290 8 8
104 92 95 107 97 
291 7 8
99 104 94 101 99 
292 5 4
92 106 108 102 95 
293 8 10
104 94 96 100 95 
294 1 8
92 99 106 98 101 
295 4 6
108 91 102 109 106 
296 9 3
95 103 96 90 91 
297 7 3
96 93 102 90 109 
298 9 4
95 90 100 109 92 
299 9 9
103 93 95 94 94 
300 1 6
102 108 108 108 93 
301 7 9
94 94 100 100 98 
302 5 2
109 95 96 94 95 
303 9 7
97 96 94 103 99 
304 2 10
95 101 94 108 100 
305 5 7
103 92 96 100 97 
306 9 1
97 105 93 96 90 
307 10 4
95 107 109 95 105 
308 6 1
106 106 109 92 98 
309 6 1
100 92 98 105 94 
310 7 6
101 104 96 108 99 
311 2 8
99 101 90 97 90 
312 10 5
106 104 104 102 100 
313 6 7
100 90 96 90 104 
314 7 7
109 102 103 100 109 
315 10 2
98 103 108 100 106 
316 9 10
106 99 103 94 105 
317 10 10
95 94 105 98 106 
318 5 1
101 90 106 100 95 
319 3 3
94 91 95 94 96 
320 4 5
92 103 105 101 92 
321 1 6
107 109 106 105 105 
322 3 4
94 108 93 105 100 
323 3 8
105 104 91 109 97 
324 8 5
96 92 100 98 106 
325 9 10
100 108 97 98 100 
326 4 6
107 97 100 91 95 
327 6 7
98 107 95 93 93 
328 10 6
93 96 101 99 90 
329 2 10
106 101 99 97 100 
330 7 8
102 101 92 99 109 
331 3 2
106 107 109 94 97 
332 8 1
92 106 105 95 104 
333 7 7
104 109 106 101 93 
334 8 1
95 103 107 107 106 
335 10 7
97 93 99 94 102 
336 2 1
109 108 102 104 104 
337 10 2
98 107 108 92 99 
338 7 6
102 93 105 107 98 
339 5 5
94 105 102 102 108 
340 5 9
101 105 90 92 103 
341 4 7
109 94 98 109 92 
342 9 4
101 94 109 93 97 
343 7 3
97 101 108 101 108 
344 3 6
107 106 105 90 101 
345 7 3
106 91 101 97 95 
346 2 7
109 99 90 100 95 
347 2 6
94 107 107 101 90 
348 6 5
109 108 100 98 96 
349 6 9
100 103 92 96 104 
350 6 5
102 98 90 101 107 
351 3 5
104 93 109 108 91 
352 10 2
103 94 106 94 104 
353 7 3
91 93 102 101 107 
354 8 10
93 102 105 105 91 
355 9 10
100 90 103 107 94 
356 5 6
107 103 107 92 100 
357 4 8
94 101 101 107 104 
358 5 9
101 101 100 97 105 
359 6 5
98 103 103 101 104 
360 9 9
100 93 105 97 106 
361 5 2
96 107 98 93 90 
362 1 1
105 106 91 108 109 
363 2 6
104 106 102 93 92 
364 6 5
98 106 104 108 109 
365 10 8
97 104 108 96 93 
366 10 10
94 101 91 101 97 
367 3 2
96 95 109 102 104 
368 2 8
106 98 103 94 94 
369 8 5
93 107 93 93 101 
370 2 10
96 102 100 100 93 
371 2 4
100 96 105 98 101 
372 7 2
107 107 90 103 95 
373 5 10
100 91 105 95 100 
374 9 1
103 102 99 90 94 
375 2 3
98 105 106 100 91 
376 4 10
94 99 102 92 108 
377 3 8
105 108 99 107 102 
378 5 6
92 93 105 106 105 
379 8 9
101 98 100 109 105 
380 9 1
98 103 91 103 104 
381 6 8
102 99 96 90 98 
382 6 8
90 102 94 104 97 
383 1 3
104 107 100 95 107 
384 4 6
103 93 97 91 107 
385 1 7
93 107 95 98 96 
386 3 9
96 109 107 96 101 
387 3 2
108 104 93 102 101 
388 7 1
90 101 97 95 104 
389 7 8
93 96 95 97 105 
390 2 6
91 105 105 98 104 
391 5 7
96 96 97 106 102 
392 4 2
93 91 101 106 102 
393 9 2
96 106 90 100 104 
394 7 10
99 107 106 100 102 
395 2 1
108 105 107 94 104 
396 7 4
96 101 104 92 102 
397 8 1
94 97 101 93 93 
398 3 6
107 100 104 108 109 
399 3 9
93 95 101 91 102 
400 1 9
96 106 101 95 90 
401 8 10
102 96 99 99 103 
402 3 5
98 106 99 107 96 
403 6 6
95 107 105 98 92 
404 7 1
96 96 98 103 105 
405 2 1
97 98 91 109 104 
406 1 1
109 92 94 109 101 
407 6 7
107 90 101 93 99 
408 9 4
93 107 103 100 93 
409 4 6
100 94 107 107 94 
410 9 10
100 90 91 99 104 
411 9 9
95 93 106 93 106 
412 10 9
107 108 91 91 105 
413 8 4
100 90 100 103 107 
414 8 1
91 107 101 102 107 
415 4 4
101 101 104 107 96 
416 1 3
92 100 100 90 98 
417 2 4
105 108 98 95 101 
418 9 9
98 107 91 91 96 
419 3 6
93 107 109 104 90 
420 4 4
97 105 105 91 95 
421 6 4
95 99 96 90 97 
422 7 7
108 94 106 108 103 
423 8 1
109 92 95 104 109 
424 7 2
102 91 94 109 107 
425 3 3
104 107 96 90 108 
426 5 1
96 101 108 106 97 
427 8 8
91 94 97 102 108 
428 5 8
100 103 98 92 104 
429 5 4
93 106 95 100 96 
430 2 1
94 106 92 92 109 
431 4 2
96 90 108 97 106 
432 6 3
105 91 109 107 104 
433 10 10
91 93 102 106 102 
434 10 7
108 103 106 104 99 
435 2 8
90 94 98 96 106 
436 7 7
102 93 108 109 94 
437 10 7
101 90 97 102 93 
438 2 9
97 91 97 107 104 
439 6 3
105 96 91 105 92 
440 10 2
100 97 109 105 92 
441 8 5
96 108 93 99 108 
442 1 2
104 92 92 91 105 
443 2 10
99 106 93 106 105 
444 5 4
107 95 94 98 102 
445 5 6
104 103 99 102 94 
446 5 3
92 97 105 98 91 
447 10 3
106 100 103 107 109 
448 7 4
104 102 106 101 107 
449 3 2
99 98 96 105 104 
450 9 10
108 94 91 102 101 
451 10 2
102 108 105 90 91 
452 9 8
90 106 100 104 98 
453 9 8
95 101 91 96 101 
454 10 2
95 109 102 93 94 
455 5 9
97 93 91 90 103 
456 7 3
96 94 100 96 102 
457 3 1
90 101 100 107 104 
458 2 4
95 100 106 101 100 
459 9 7
96 104 104 103 99 
460 6 6
93 101 108 99 97 
461 1 9
101 102 90 101 93 
462 1 1
107 103 93 93 94 
463 2 7
96 102 102 94 96 
464 10 8
106 96 105 101 100 
465 6 3
107 95 102 91 107 
466 4 5
91 105 95 100 99 
467 1 6
103 102 93 101 106 
468 9 6
92 97 94 100 103 
469 10 4
93 94 108 103 99 
470 1 5
109 105 100 102 101 
471 6 3
90 106 90 95 90 
472 4 7
106 101 93 100 108 
473 8 4
94 97 108 109 93 
474 9 5
95 101 108 94 96 
475 2 7
107 106 100 99 94 
476 3 5
106 96 100 102 107 
477 4 6
98 91 90 94 90 
478 1 4
105 109 98 90 100 
479 9 7
98 109 94 108 98 
480 8 8
102 99 92 99 105 
481 3 4
95 108 90 95 101 
482 3 10
93 93 94 108 104 
483 5 2
106 105 97 94 96 
484 5 3
104 101 100 109 90 
485 5 9
98 98 103 95 96 
486 7 3
99 108 93 102 103 
487 8 4
97 94 104 105 109 
488 4 1
95 107 104 102 90 
489 7 2
103 90 101 103 99 
490 7 9
97 92 90 107 103 
491 4 2
96 92 106 104 108 
492 1 2
107 106 103 105 95 
493 9 10
108 106 92 101 107 
494 4 5
108 91 104 95 94 
495 7 5
107 99 98 105 93 
496 5 10
92 97 93 101 105 
497 7 9
90 94 107 108 103 
498 10 2
92 94 95 90 96 
499 2 8
92 107 94 109 108 

