500 5 25010
0 84 87
100 98 101 98 99 
1 93 50
99 100 100 98 102 
2 64 27
98 99 100 99 99 
3 69 68
102 100 98 100 101 
4 68 36
102 100 100 101 102 
5 68 94
99 99 100 102 101 
6 22 20
102 100 101 102 98 
7 71 14
99 99 98 99 101 
8 63 71
99 99 98 98 102 
9 28 37
98 99 102 101 100 
10 25 96
100 98 102 100 102 
11 65 44
98 100 101 99 101 
12 89 85
101 99 102 102 100 
13 61 77
101 102 100 99 99 
14 95 40
98 98 102 101 100 
15 2 98
100 100 100 100 99 
16 2 81
99 99 98 102 102 
17 20 41
102 99 100 100 99 
18 82 76
102 100 100 99 100 
19 54 87
98 99 101 102 102 
20 29 72
100 102 101 102 98 
21 69 9
98 98 102 99 101 
22 19 46
99 99 99 98 102 
23 89 65
101 99 98 101 98 
24 35 65
102 102 100 99 101 
25 92 28
98 102 99 100 99 
26 38 29
98 100 102 99 101 
27 96 30
100 98 101 101 101 
28 44 12
101 102 99 102 101 
29 64 14
101 99 98 102 101 
30 29 89
102 100 100 99 102 
31 44 71
101 98 102 100 98 
32 45 91
98 102 102 99 102 
33 83 43
102 100 100 98 102 
34 49 12
100 101 102 101 99 
35 69 41
100 99 98 98 99 
36 62 31
101 98 98 99 102 
37 27 23
98 101 99 100 101 
38 25 38
100 102 98 99 100 
39 100 80
98 101 99 101 99 
40 82 31
101 102 98 101 102 
41 82 100
99 102 101 101 101 
42 91 96
99 99 102 98 98 
43 85 77
100 99 100 98 99 
44 80 19
100 100 101 100 102 
45 10 37
98 100 100 99 99 
46 14 73
99 98 102 102 99 
47 5 40
99 98 100 98 101 
48 28 51
102 101 98 102 100 
49 70 97
99 98 102 100 100 
50 73 51
98 98 100 102 98 
51 43 99
101 101 98 102 98 
52 10 82
102 99 100 98 102 
53 5 80
102 101 99 98 98 
54 61 43
102 102 101 98 99 
55 68 5
101 99 102 99 102 
56 45 3
100 99 102 99 100 
57 69 29
102 100 101 101 101 
58 37 9
101 101 101 101 101 
59 49 91
102 100 99 101 102 
60 1 47
101 100 102 98 101 
61 34 64
100 101 100 99 98 
62 53 97
98 101 100 102 99 
63 61 15
99 98 102 101 100 
64 51 49
99 100 102 100 102 
65 44 40
100 101 101 98 99 
66 48 39
102 99 98 102 102 
67 93 16
100 102 102 102 102 
68 86 30
101 98 100 98 101 
69 72 50
102 100 101 100 98 
70 44 45
102 98 100 98 99 
71 70 27
100 99 100 98 100 
72 24 62
99 102 98 98 99 
73 68 78
102 98 99 102 100 
74 15 69
98 101 100 99 98 
75 47 27
102 99 100 101 102 
76 47 91
100 98 99 98 99 
77 94 58
100 100 99 102 98 
78 13 91
100 102 98 102 102 
79 75 56
99 98 101 100 101 
80 39 67
98 102 99 100 99 
81 61 50
100 98 102 100 101 
82 46 84
101 101 101 100 102 
83 84 8
101 100 102 99 102 
84 1 60
101 101 98 101 102 
85 34 58
99 101 101 98 102 
86 18 40
102 101 100 102 101 
87 48 32
100 100 98 100 99 
88 58 16
99 100 102 99 100 
89 52 32
99 100 98 102 98 
90 99 26
99 99 99 100 99 
91 40 97
102 101 98 101 99 
92 71 63
100 102 100 98 99 
93 5 77
101 100 102 100 102 
94 100 12
100 98 99 98 101 
95 6 64
102 102 99 98 102 
96 92 76
98 102 102 101 101 
97 19 6
100 100 100 100 98 
98 94 75
99 101 99 101 101 
99 75 15
101 102 100 100 98 
100 89 20
98 100 102 100 99 
101 36 38
99 101 101 101 101 
102 26 92
98 101 100 99 101 
103 56 91
101 98 102 99 99 
104 34 86
102 101 102 99 98 
105 51 69
101 98 99 98 102 
106 50 21
100 99 101 100 99 
107 82 66
98 99 98 98 101 
108 12 43
100 99 102 99 98 
109 85 73
100 102 98 101 100 
110 99 31
101 100 98 98 101 
111 15 60
100 100 102 100 98 
112 33 5
102 101 101 99 98 
113 79 60
100 100 101 99 101 
114 24 25
100 100 102 98 99 
115 58 66
100 99 99 102 101 
116 2 4
101 101 100 102 101 
117 7 98
98 102 101 102 101 
118 92 77
101 98 100 99 102 
119 60 7
98 99 102 102 102 
120 1 79
102 101 99 102 101 
121 90 27
100 100 101 100 99 
122 33 23
99 98 98 102 98 
123 55 51
99 101 100 102 99 
124 82 4
98 101 100 99 100 
125 16 97
98 102 100 100 99 
126 98 33
102 99 99 98 100 
127 9 96
102 100 100 101 99 
128 55 78
102 100 100 100 99 
129 67 64
98 100 99 98 99 
130 86 31
98 101 102 99 99 
131 21 93
98 101 102 98 98 
132 37 61
101 101 100 101 100 
133 22 11
98 101 98 98 98 
134 38 54
101 100 101 98 100 
135 98 28
99 102 99 99 102 
136 11 29
102 101 101 98 101 
137 78 91
99 102 100 99 100 
138 78 100
100 99 100 100 99 
139 36 69
101 102 98 99 98 
140 67 29
102 101 101 101 101 
141 98 56
100 102 98 98 98 
142 98 84
100 100 100 99 101 
143 35 40
102 99 102 98 100 
144 55 62
100 100 99 99 100 
145 51 63
100 102 100 102 101 
146 16 7
99 102 98 101 99 
147 73 38
100 102 101 99 98 
148 88 57
98 99 98 100 98 
149 12 70
100 99 101 99 100 
150 1 7
101 100 102 102 100 
151 55 5
98 102 99 100 101 
152 70 37
98 99 102 98 102 
153 15 66
102 99 99 101 102 
154 70 36
100 99 101 98 102 
155 10 32
101 102 98 101 98 
156 78 14
101 101 102 98 98 
157 94 69
99 98 101 101 99 
158 72 59
100 98 98 99 99 
159 91 24
98 98 102 98 102 
160 43 25
102 102 102 102 102 
161 39 52
99 101 102 101 101 
162 5 57
99 98 99 99 100 
163 13 93
102 100 101 99 100 
164 75 8
101 99 101 100 100 
165 73 74
100 100 98 101 100 
166 97 19
99 101 99 102 98 
167 94 86
101 98 98 102 102 
168 99 61
100 102 102 98 99 
169 3 11
98 99 101 102 98 
170 9 24
101 100 101 99 98 
171 21 6
98 101 99 101 98 
172 22 68
102 99 98 101 98 
173 100 25
101 102 99 102 100 
174 70 11
101 98 101 101 100 
175 80 95
102 102 99 102 102 
176 43 31
99 98 102 98 99 
177 82 12
102 101 100 100 100 
178 74 44
102 100 102 102 102 
179 40 60
101 101 101 100 102 
180 6 5
101 102 102 102 98 
181 36 88
101 102 98 100 100 
182 38 63
102 98 98 98 102 
183 12 58
102 101 99 100 99 
184 23 6
101 102 99 101 101 
185 48 1
98 100 100 102 99 
186 90 87
101 99 101 102 99 
187 7 8
100 100 102 99 98 
188 81 67
102 102 101 100 101 
189 85 18
100 99 100 102 98 
190 57 9
102 98 98 100 99 
191 96 70
102 99 99 100 99 
192 41 26
101 100 99 102 100 
193 67 79
100 98 99 102 101 
194 14 87
102 98 102 101 98 
195 42 43
102 100 101 101 98 
196 40 3
101 99 101 100 102 
197 72 47
101 101 98 98 98 
198 22 73
99 102 101 98 99 
199 53 46
100 99 102 99 101 
200 4 62
98 100 99 102 102 
201 45 97
98 100 102 101 100 
202 20 61
98 100 100 99 102 
203 91 54
98 98 101 100 99 
204 38 71
99 98 102 99 101 
205 1 93
102 99 98 102 101 
206 36 5
101 99 102 101 99 
207 50 52
98 102 102 98 99 
208 3 26
102 99 100 100 102 
209 32 62
102 99 101 101 100 
210 95 20
101 99 101 101 100 
211 40 44
101 101 102 98 98 
212 99 87
101 100 101 101 98 
213 11 6
102 100 99 101 98 
214 73 79
101 99 100 101 100 
215 73 17
99 100 102 100 98 
216 54 98
100 101 98 99 100 
217 99 50
102 99 99 102 101 
218 26 85
101 100 101 101 98 
219 61 82
102 98 100 98 100 
220 9 30
102 101 102 102 99 
221 15 86
98 98 99 98 99 
222 93 17
102 102 100 102 99 
223 16 96
101 101 99 100 101 
224 27 1
100 99 102 101 98 
225 9 98
99 98 100 102 98 
226 21 27
101 98 102 102 102 
227 47 9
101 100 101 99 100 
228 33 35
100 98 102 102 99 
229 16 85
99 102 100 98 99 
230 17 62
101 100 100 99 100 
231 82 61
101 102 98 99 101 
232 25 29
98 101 100 100 98 
233 97 64
99 99 98 98 100 
234 35 33
98 98 101 101 102 
235 81 95
101 101 102 100 102 
236 76 24
101 99 99 101 99 
237 66 69
99 101 101 102 100 
238 36 15
102 102 99 100 100 
239 92 41
99 101 100 100 99 
240 94 40
99 98 102 99 99 
241 19 97
102 101 102 100 100 
242 1 68
102 98 101 98 100 
243 33 50
102 101 98 100 100 
244 30 50
98 100 98 101 101 
245 56 40
99 98 99 101 98 
246 53 21
100 102 100 101 98 
247 22 27
100 98 100 101 101 
248 70 71
100 101 98 101 99 
249 61 84
99 100 101 100 100 
250 12 36
101 101 101 100 101 
251 96 99
98 101 99 102 101 
252 4 88
102 101 100 99 101 
253 30 97
102 100 98 100 102 
254 56 48
102 99 102 102 99 
255 43 74
99 101 99 101 101 
256 100 23
102 98 99 98 98 
257 72 24
101 98 98 98 100 
258 53 13
102 100 102 101 98 
259 95 18
101 99 98 98 99 
260 15 74
100 98 101 99 98 
261 10 64
98 100 99 102 101 
262 59 57
100 98 101 99 102 
263 29 42
99 102 101 98 98 
264 2 66
102 100 98 99 100 
265 39 100
98 98 100 100 100 
266 49 62
100 100 102 100 102 
267 39 29
102 101 98 98 100 
268 81 43
102 101 100 101 98 
269 51 22
98 101 98 98 98 
270 35 48
98 101 99 102 100 
271 31 92
101 98 98 102 101 
272 43 93
98 100 102 98 101 
273 95 81
101 102 100 98 102 
274 23 88
98 100 98 100 100 
275 49 97
99 98 98 102 99 
276 13 57
102 102 101 100 101 
277 83 58
101 99 100 100 98 
278 40 95
98 102 100 100 101 
279 70 37
98 100 102 101 102 
280 25 55
98 99 98 100 100 
281 59 65
101 99 99 99 102 
282 11 61
98 100 98 100 99 
283 90 82
102 101 100 99 98 
284 2 12
102 101 98 100 99 
285 77 70
99 102 101 99 100 
286 7 100
100 99 98 102 98 
287 68 87
99 101 100 100 99 
288 37 36
101 100 99 102 100 
289 13 97
102 98 100 98 102 
290 51 32
100 101 98 99 98 
291 43 91
100 99 99 102 102 
292 96 64
98 99 99 98 98 
293 98 1
101 99 99 102 99 
294 15 70
101 99 100 100 98 
295 83 34
100 100 101 102 98 
296 52 36
98 99 102 100 102 
297 3 29
102 102 101 102 101 
298 77 64
99 98 102 102 102 
299 37 77
102 99 102 101 98 
300 85 40
98 98 98 98 99 
301 27 51
100 101 101 102 102 
302 59 54
102 102 102 99 100 
303 6 58
99 100 102 100 98 
304 96 11
98 100 102 100 100 
305 77 59
99 100 98 101 100 
306 39 28
102 99 101 101 98 
307 55 70
100 102 100 98 99 
308 14 68
101 98 102 98 100 
309 32 44
100 100 101 101 100 
310 14 29
99 99 99 98 102 
311 42 70
99 98 98 102 102 
312 70 37
101 100 102 99 98 
313 34 15
100 102 100 99 102 
314 11 65
101 101 101 102 99 
315 2 46
98 102 99 99 102 
316 57 48
98 99 102 101 98 
317 41 83
98 101 101 98 98 
318 6 47
99 100 101 102 98 
319 9 91
101 99 98 101 98 
320 2 52
102 98 99 99 101 
321 36 48
101 98 99 99 98 
322 30 52
100 102 102 98 99 
323 65 65
101 100 98 99 101 
324 43 57
98 99 102 99 101 
325 11 29
99 100 98 102 102 
326 57 51
98 98 101 102 99 
327 56 81
102 102 99 100 102 
328 4 31
102 99 99 98 102 
329 46 59
100 101 99 101 98 
330 14 45
98 99 100 100 101 
331 1 79
102 100 101 101 102 
332 8 73
98 98 100 102 101 
333 41 27
100 99 98 99 99 
334 24 5
99 100 99 101 98 
335 49 93
102 98 99 98 101 
336 82 57
100 101 101 100 99 
337 84 19
102 101 98 102 99 
338 83 73
100 100 102 99 102 
339 31 45
100 101 100 99 101 
340 61 29
99 99 102 98 100 
341 66 40
101 101 101 102 101 
342 56 11
98 102 101 102 99 
343 13 56
101 100 98 98 98 
344 90 29
98 102 99 100 100 
345 42 15
102 101 102 102 101 
346 65 55
99 102 99 101 98 
347 100 64
99 101 101 102 98 
348 71 2
100 99 102 101 100 
349 87 18
98 102 101 102 102 
350 38 90
100 101 98 98 102 
351 12 100
102 99 102 101 99 
352 85 43
100 100 99 99 101 
353 26 42
99 101 98 99 102 
354 95 18
98 101 101 100 100 
355 54 16
101 100 102 101 98 
356 81 42
99 102 98 101 101 
357 32 53
100 102 98 98 102 
358 57 64
99 100 98 99 98 
359 92 90
102 102 99 101 99 
360 71 39
99 100 102 101 101 
361 67 39
100 98 100 102 102 
362 89 62
98 99 102 99 101 
363 57 14
98 100 102 100 102 
364 11 3
100 100 98 99 99 
365 72 100
102 102 102 99 102 
366 85 83
98 100 101 99 101 
367 20 93
101 99 100 101 98 
368 64 16
102 98 102 100 102 
369 10 81
98 100 99 98 100 
370 21 47
101 99 102 102 101 
371 25 51
101 102 102 101 100 
372 5 73
100 100 102 102 101 
373 10 49
102 98 101 98 98 
374 60 51
102 99 101 100 101 
375 78 7
101 102 101 102 101 
376 4 88
98 100 99 102 99 
377 4 41
99 102 101 99 99 
378 17 77
99 100 101 100 102 
379 27 66
102 102 101 100 101 
380 33 89
101 100 99 98 102 
381 40 52
100 100 100 102 99 
382 81 23
101 102 101 99 101 
383 77 10
100 100 99 101 101 
384 50 59
101 99 99 101 98 
385 75 59
102 102 100 102 99 
386 55 36
98 102 100 98 98 
387 8 47
102 101 98 101 100 
388 34 43
101 101 98 101 99 
389 47 50
100 99 102 101 100 
390 22 43
101 98 100 98 100 
391 87 71
100 101 100 99 101 
392 25 18
99 101 102 99 101 
393 60 87
102 100 98 99 98 
394 96 3
100 99 99 101 100 
395 75 24
99 98 102 101 99 
396 64 18
102 102 102 100 102 
397 94 19
100 102 98 102 101 
398 93 3
102 100 102 99 99 
399 2 27
101 100 98 102 102 
400 97 10
98 99 99 98 100 
401 13 33
100 100 101 99 99 
402 61 51
100 100 101 99 98 
403 58 85
101 98 99 101 100 
404 14 55
100 99 101 102 102 
405 43 55
99 102 102 101 102 
406 43 26
100 100 100 102 102 
407 81 76
99 98 98 102 98 
408 24 43
98 101 99 102 102 
409 13 94
98 102 101 99 98 
410 88 83
102 102 102 100 101 
411 87 7
100 100 102 99 102 
412 47 31
102 102 98 99 100 
413 74 71
101 98 102 101 102 
414 65 87
100 101 101 99 100 
415 28 31
100 99 100 102 101 
416 72 93
102 100 98 98 101 
417 1 8
100 101 100 100 102 
418 94 93
98 100 101 100 98 
419 48 32
102 99 99 99 100 
420 99 69
100 99 98 99 98 
421 88 80
98 100 99 102 101 
422 64 37
102 102 101 102 99 
423 60 30
100 101 98 99 102 
424 74 36
102 102 101 101 98 
425 16 83
101 101 99 101 100 
426 48 1
98 100 99 99 99 
427 18 59
101 99 100 100 102 
428 100 41
98 100 100 99 99 
429 83 11
102 101 100 100 101 
430 54 3
100 100 102 98 102 
431 92 87
101 98 102 101 101 
432 84 46
100 102 100 102 100 
433 66 97
98 100 99 102 100 
434 51 84
100 101 101 98 98 
435 93 6
99 98 99 99 98 
436 89 40
101 101 99 100 101 
437 27 3
98 99 98 98 98 
438 9 23
101 101 100 98 99 
439 96 41
101 98 100 99 98 
440 42 54
101 102 102 101 100 
441 34 17
98 102 98 100 98 
442 73 1
98 98 102 98 101 
443 32 72
102 102 101 102 102 
444 62 13
99 102 100 102 101 
445 63 29
100 98 99 98 102 
446 67 30
99 101 102 99 101 
447 56 30
101 100 98 100 101 
448 16 79
100 101 98 98 100 
449 9 6
100 100 98 100 102 
450 82 8
101 102 99 102 102 
451 19 28
100 101 99 98 100 
452 9 75
98 99 102 102 99 
453 47 56
102 99 100 101 101 
454 98 66
100 98 100 100 102 
455 62 4
101 99 101 100 99 
456 92 45
102 100 98 99 101 
457 27 24
102 100 98 98 102 
458 95 85
102 99 102 102 101 
459 75 82
100 98 100 100 99 
460 21 2
102 99 98 101 98 
461 68 48
101 101 100 98 100 
462 5 8
99 101 99 101 102 
463 94 18
100 100 98 99 102 
464 88 41
100 102 99 99 101 
465 39 43
101 98 102 100 98 
466 64 15
100 100 99 99 98 
467 66 25
99 101 99 98 98 
468 92 89
102 99 101 99 98 
469 70 98
101 102 99 100 99 
470 33 87
99 98 98 98 102 
471 74 2
102 101 100 100 99 
472 19 58
101 100 98 102 101 
473 26 8
98 99 98 102 98 
474 49 54
101 99 102 102 99 
475 92 78
99 102 98 100 98 
476 9 61
99 99 102 100 98 
477 16 82
101 100 102 102 102 
478 47 71
99 102 101 98 98 
479 15 62
102 98 101 98 99 
480 70 70
99 100 102 98 98 
481 100 58
99 99 101 99 101 
482 80 3
102 98 102 99 100 
483 48 17
100 99 100 99 101 
484 17 99
98 100 101 99 99 
485 50 97
99 101 98 102 99 
486 97 52
100 98 98 99 101 
487 31 73
98 102 101 100 101 
488 19 77
99 99 99 99 101 
489 95 71
102 99 101 100 99 
490 25 33
101 98 98 98 100 
491 93 19
98 100 101 98 102 
492 84 51
100 99 101 101 100 
493 5 63
100 99 100 99 100 
494 3 67
101 99 98 101 101 
495 38 51
101 102 102 101 102 
496 13 77
101 100 101 98 102 
497 9 64
99 102 100 99 98 
498 10 55
102 100 98 98 98 
499 71 69
99 100 99 102 102 

