50 5 3556
0 47 86
93 115 100 115 97 
1 77 2
89 83 99 118 114 
2 3 42
89 100 76 120 90 
3 43 39
83 98 122 110 112 
4 69 99
79 89 111 99 81 
5 62 16
103 115 93 119 123 
6 93 88
113 122 106 77 97 
7 83 100
114 99 112 123 122 
8 37 86
111 79 110 116 96 
9 72 68
102 108 107 83 98 
10 51 3
98 120 115 86 117 
11 72 16
91 78 91 81 102 
12 5 7
101 115 116 88 122 
13 27 7
93 123 98 120 108 
14 57 6
81 83 83 104 78 
15 99 94
122 96 85 91 99 
16 28 23
78 108 105 106 98 
17 72 95
97 124 77 115 122 
18 27 39
105 109 118 113 119 
19 52 71
123 76 90 120 97 
20 28 14
123 79 110 78 114 
21 16 86
88 113 106 112 113 
22 85 79
112 87 93 95 123 
23 12 11
117 90 107 115 93 
24 48 89
118 102 76 118 108 
25 90 48
98 81 109 113 122 
26 16 26
110 76 78 99 88 
27 72 45
88 110 82 81 75 
28 40 49
95 114 113 88 91 
29 43 58
124 106 81 97 114 
30 41 11
111 80 111 98 84 
31 92 1
99 88 119 113 75 
32 52 45
77 118 119 97 107 
33 34 89
123 100 120 122 83 
34 2 23
124 116 107 113 123 
35 21 62
82 87 86 107 102 
36 59 71
102 86 91 104 79 
37 11 4
113 120 116 111 97 
38 89 87
105 114 83 107 107 
39 93 71
106 88 108 115 102 
40 98 75
79 82 119 108 93 
41 63 15
100 100 92 88 95 
42 62 3
118 124 115 100 116 
43 1 58
98 117 104 81 82 
44 64 100
109 87 98 115 94 
45 71 76
114 107 114 89 82 
46 60 81
105 95 109 100 96 
47 75 53
87 99 87 113 93 
48 42 95
101 81 120 87 93 
49 20 6
112 114 105 104 96 

