50 5 3502
0 2 84
102 99 101 100 98 
1 64 29
98 102 102 102 102 
2 4 15
100 99 99 102 100 
3 5 69
102 101 101 100 100 
4 21 21
98 101 102 99 102 
5 20 95
102 101 100 99 102 
6 77 76
102 99 100 101 100 
7 44 48
102 100 100 99 100 
8 87 96
102 99 99 100 99 
9 73 94
99 99 102 100 99 
10 62 70
99 98 99 100 101 
11 39 1
99 101 102 100 100 
12 68 61
98 98 99 99 101 
13 25 1
102 101 99 100 102 
14 86 86
99 102 99 102 99 
15 3 27
102 101 101 100 99 
16 78 53
99 99 102 99 99 
17 21 80
102 99 98 99 102 
18 27 89
102 101 98 100 100 
19 84 27
98 101 102 98 99 
20 83 35
102 102 99 98 99 
21 52 37
102 101 101 99 98 
22 49 38
102 99 100 98 102 
23 56 55
102 101 100 102 99 
24 37 82
102 101 99 102 101 
25 3 90
99 98 101 98 102 
26 47 74
99 99 100 98 100 
27 41 19
101 100 102 102 98 
28 58 30
100 101 98 99 100 
29 79 43
100 99 102 98 101 
30 15 28
100 98 99 101 101 
31 64 87
100 98 99 98 100 
32 81 66
98 100 99 102 99 
33 9 76
98 100 98 102 98 
34 55 70
101 101 101 101 98 
35 2 47
101 98 102 100 100 
36 41 68
100 99 102 100 101 
37 31 22
99 99 101 101 101 
38 19 78
101 102 101 101 100 
39 48 87
102 101 101 102 98 
40 70 87
101 98 99 98 99 
41 91 85
99 101 98 98 102 
42 54 24
100 102 99 100 101 
43 100 53
101 99 102 100 100 
44 25 33
100 101 101 100 101 
45 77 20
99 100 101 98 98 
46 9 16
99 102 101 98 101 
47 40 95
101 99 99 99 102 
48 86 50
99 99 101 99 98 
49 4 56
98 98 98 102 102 

