500 5 24621
0 2 4
124 76 113 87 75 
1 4 9
135 94 104 64 114 
2 4 5
52 91 51 99 67 
3 5 9
129 123 68 72 132 
4 1 1
80 123 54 106 149 
5 10 5
74 133 72 111 129 
6 7 6
94 81 92 148 122 
7 4 8
139 97 117 71 122 
8 7 6
104 56 66 87 81 
9 3 4
81 141 89 57 76 
10 2 10
56 140 146 52 123 
11 9 1
96 83 149 137 82 
12 8 1
55 55 106 61 113 
13 5 1
144 98 96 127 89 
14 6 6
116 149 56 74 91 
15 3 7
64 143 128 62 76 
16 8 3
61 146 114 66 51 
17 1 10
114 146 130 61 94 
18 7 9
134 113 75 52 112 
19 4 7
105 88 54 120 81 
20 3 5
59 109 136 70 106 
21 2 7
59 73 118 76 70 
22 9 8
114 76 127 50 139 
23 6 5
54 88 82 109 126 
24 7 2
109 68 66 119 128 
25 3 10
136 55 128 145 79 
26 7 4
51 96 112 115 122 
27 1 9
63 97 74 119 135 
28 8 10
112 143 60 71 62 
29 9 3
92 131 134 130 88 
30 5 8
117 110 51 118 108 
31 4 7
132 105 106 145 52 
32 1 6
90 87 96 104 81 
33 9 6
145 137 120 139 70 
34 5 10
108 118 98 128 130 
35 2 7
88 115 134 122 122 
36 1 8
77 71 134 117 108 
37 1 2
91 141 98 138 128 
38 9 8
148 74 148 58 142 
39 8 7
74 98 83 64 115 
40 10 7
88 60 56 115 81 
41 1 5
91 123 55 85 114 
42 4 4
92 74 51 142 98 
43 10 3
143 96 89 67 97 
44 5 3
62 143 68 52 53 
45 7 10
136 117 53 130 90 
46 9 6
106 64 88 100 88 
47 10 5
88 141 96 81 139 
48 6 10
86 111 83 51 105 
49 4 6
60 130 125 99 149 
50 9 10
141 89 94 97 55 
51 5 10
93 76 93 83 67 
52 10 6
108 77 116 145 138 
53 2 9
145 104 53 56 136 
54 9 6
135 59 86 126 50 
55 1 4
55 64 122 50 142 
56 8 4
59 107 100 118 86 
57 9 6
74 69 65 122 124 
58 9 9
110 99 135 96 60 
59 2 5
112 103 100 69 69 
60 3 2
62 92 54 123 101 
61 8 2
137 125 58 113 145 
62 6 6
71 96 63 131 97 
63 1 10
107 121 104 121 74 
64 5 1
94 128 111 58 70 
65 8 2
73 74 73 60 102 
66 4 5
149 109 111 70 107 
67 8 4
54 127 83 111 51 
68 10 5
75 145 124 71 123 
69 6 10
96 54 61 71 131 
70 7 3
83 71 108 82 82 
71 10 5
139 96 107 143 126 
72 1 7
127 131 140 104 126 
73 5 7
52 101 107 50 58 
74 1 2
139 56 55 124 130 
75 4 9
62 85 112 52 131 
76 10 8
59 112 104 136 93 
77 5 2
122 111 119 76 114 
78 9 7
122 149 149 63 107 
79 6 8
87 118 95 100 105 
80 10 5
87 129 53 148 143 
81 8 6
138 104 128 110 117 
82 10 7
81 127 114 106 78 
83 5 10
136 71 107 73 91 
84 5 6
147 64 131 136 95 
85 6 5
88 92 71 128 98 
86 2 10
65 100 127 149 130 
87 5 6
58 60 74 96 81 
88 4 3
74 90 97 71 104 
89 2 8
101 116 94 91 110 
90 6 10
59 67 60 126 69 
91 1 6
101 84 80 62 146 
92 8 9
129 90 130 53 130 
93 1 6
136 111 134 87 77 
94 9 1
89 96 100 98 65 
95 3 8
84 102 102 88 88 
96 6 1
136 92 58 115 132 
97 10 10
65 119 96 51 80 
98 1 2
59 109 71 98 55 
99 4 10
70 86 76 56 90 
100 1 5
129 115 144 115 57 
101 6 4
92 146 102 107 115 
102 9 1
97 130 103 58 89 
103 8 9
146 100 107 118 88 
104 6 8
129 68 73 60 133 
105 9 8
93 75 60 135 71 
106 5 5
88 114 106 87 95 
107 1 6
86 87 103 83 89 
108 4 4
128 100 82 59 118 
109 7 10
54 76 148 149 101 
110 2 5
122 77 80 112 142 
111 7 10
87 146 94 123 135 
112 10 9
75 114 114 53 117 
113 7 5
137 102 85 141 80 
114 4 3
131 96 76 55 124 
115 9 8
68 145 116 105 93 
116 3 1
79 114 141 56 130 
117 8 2
97 53 75 85 58 
118 1 9
88 95 71 122 94 
119 10 8
68 110 147 86 105 
120 4 4
100 128 125 81 92 
121 9 8
124 75 148 72 131 
122 6 10
139 85 89 129 83 
123 3 4
127 114 131 97 74 
124 9 6
129 143 80 131 121 
125 6 4
115 126 100 90 51 
126 2 5
132 126 125 73 114 
127 5 6
99 77 108 76 93 
128 2 6
117 71 62 148 117 
129 3 10
140 149 142 106 125 
130 6 9
127 146 112 61 74 
131 8 6
138 53 92 87 132 
132 1 6
75 94 142 142 115 
133 5 3
82 96 72 73 148 
134 5 2
123 111 81 52 107 
135 6 7
132 84 103 72 87 
136 6 1
70 97 77 147 141 
137 1 3
107 74 134 91 73 
138 7 7
71 123 97 96 84 
139 9 2
94 73 117 128 59 
140 1 1
97 65 62 69 112 
141 1 9
56 110 60 113 134 
142 6 7
57 103 123 78 128 
143 3 8
115 53 78 111 128 
144 6 10
138 117 89 85 84 
145 3 7
98 94 124 104 54 
146 8 10
138 134 76 146 87 
147 10 7
118 73 105 83 76 
148 4 5
107 80 135 95 99 
149 7 3
133 130 88 82 74 
150 5 9
78 51 58 67 135 
151 5 6
125 135 143 93 110 
152 10 9
137 134 124 94 117 
153 10 2
118 137 123 102 118 
154 4 7
142 77 76 71 131 
155 5 1
68 70 105 143 55 
156 1 9
116 51 118 55 88 
157 5 2
107 55 92 75 143 
158 8 8
111 80 115 103 59 
159 3 5
92 128 114 111 149 
160 2 7
54 74 145 72 75 
161 6 10
113 60 130 70 65 
162 3 7
58 91 125 71 121 
163 4 6
83 87 51 125 65 
164 9 7
64 139 93 121 63 
165 1 4
141 107 123 56 117 
166 6 10
85 130 127 145 71 
167 5 8
143 147 94 128 84 
168 6 4
52 113 92 66 55 
169 8 8
120 77 83 111 86 
170 9 9
54 113 149 141 93 
171 7 9
67 130 105 112 80 
172 10 1
66 95 143 68 110 
173 8 6
115 74 124 86 53 
174 10 10
90 67 119 146 83 
175 9 8
78 94 75 95 127 
176 4 8
57 82 149 73 79 
177 4 3
92 82 79 57 107 
178 6 6
110 65 147 50 134 
179 7 7
119 137 133 100 133 
180 2 6
110 144 105 69 128 
181 5 4
58 149 87 52 82 
182 9 10
139 123 107 51 90 
183 7 3
127 122 148 96 61 
184 5 7
145 97 94 57 91 
185 10 8
69 55 72 129 55 
186 10 2
139 127 93 80 52 
187 3 2
93 108 135 70 132 
188 5 7
144 120 65 91 67 
189 10 9
60 60 77 131 65 
190 10 4
122 110 96 111 139 
191 2 4
142 143 125 85 53 
192 3 6
136 98 123 82 68 
193 9 6
137 149 75 147 59 
194 4 2
75 104 94 147 65 
195 1 2
54 82 104 146 127 
196 2 4
131 144 88 69 92 
197 5 4
63 102 78 50 54 
198 4 1
63 108 83 88 63 
199 8 9
130 69 149 86 53 
200 6 6
131 137 118 64 83 
201 10 4
77 73 86 90 77 
202 7 4
133 119 145 147 78 
203 9 6
143 107 73 75 126 
204 5 2
82 130 148 63 69 
205 8 10
54 128 62 81 103 
206 1 5
82 66 67 66 87 
207 5 4
67 142 50 60 99 
208 5 6
127 100 99 59 132 
209 8 5
103 116 103 107 94 
210 8 2
99 119 115 132 87 
211 5 1
125 148 113 142 92 
212 4 6
141 89 92 70 92 
213 4 1
74 141 106 128 59 
214 1 8
56 129 78 105 99 
215 4 10
136 129 89 111 127 
216 3 7
69 68 63 112 59 
217 8 4
101 101 115 78 144 
218 2 7
53 133 143 59 113 
219 3 8
62 117 56 148 97 
220 7 3
126 50 120 146 120 
221 6 1
130 92 143 133 143 
222 1 2
89 82 67 145 65 
223 4 7
128 87 123 92 54 
224 3 4
53 80 55 130 80 
225 8 9
51 112 88 83 106 
226 3 7
52 144 78 91 76 
227 8 7
144 110 143 74 147 
228 9 8
104 100 110 107 130 
229 8 8
113 146 115 66 108 
230 7 10
64 90 67 118 84 
231 6 1
111 145 148 105 105 
232 2 10
55 112 148 109 62 
233 9 7
95 77 56 58 73 
234 2 7
131 129 75 98 69 
235 5 7
104 90 128 65 137 
236 8 3
92 70 103 149 132 
237 3 9
97 60 77 94 140 
238 4 5
63 106 130 97 86 
239 6 6
105 149 113 59 141 
240 5 7
80 121 148 75 141 
241 3 5
76 106 133 75 68 
242 3 10
58 145 75 72 101 
243 6 10
89 112 66 145 63 
244 2 7
107 75 83 137 146 
245 4 3
90 137 87 68 93 
246 3 6
112 84 66 120 131 
247 2 3
134 96 63 74 58 
248 2 2
71 63 129 128 88 
249 3 7
137 98 80 129 85 
250 8 10
129 141 94 91 127 
251 1 2
60 51 106 145 149 
252 2 2
57 53 144 130 66 
253 4 10
56 136 127 95 136 
254 8 7
71 77 75 50 120 
255 2 2
98 131 55 108 84 
256 2 6
135 84 126 142 87 
257 1 6
55 94 86 114 132 
258 4 10
118 122 136 139 101 
259 4 3
72 135 133 72 68 
260 9 3
55 51 88 140 138 
261 7 6
75 139 110 81 83 
262 7 6
117 111 106 137 135 
263 5 9
87 108 120 109 145 
264 7 4
63 96 115 120 50 
265 4 2
138 72 98 63 61 
266 9 7
146 106 93 113 119 
267 3 3
104 96 132 141 106 
268 6 3
101 61 85 67 59 
269 2 8
59 106 98 147 128 
270 7 4
91 106 61 87 114 
271 8 3
83 109 104 138 107 
272 10 2
116 144 84 67 55 
273 10 5
64 72 124 126 81 
274 3 6
59 121 138 101 129 
275 3 1
94 61 143 79 72 
276 8 10
129 86 51 95 80 
277 6 6
137 106 51 104 129 
278 6 1
60 100 105 121 71 
279 7 5
102 98 65 98 109 
280 9 9
131 57 97 62 146 
281 9 1
128 85 75 68 142 
282 9 3
73 104 104 83 54 
283 10 7
127 107 133 131 107 
284 9 1
118 108 110 51 67 
285 8 5
63 58 126 94 93 
286 4 3
137 81 84 60 135 
287 9 6
91 99 102 120 57 
288 8 3
66 135 132 135 145 
289 3 7
62 51 102 128 59 
290 9 3
55 131 134 142 115 
291 1 6
100 60 100 94 61 
292 5 5
120 91 116 137 128 
293 1 3
123 92 108 88 146 
294 2 9
55 141 140 112 123 
295 7 8
88 98 112 90 60 
296 5 7
71 69 53 94 110 
297 10 2
141 72 105 114 66 
298 4 5
62 126 72 120 70 
299 5 3
143 92 89 133 92 
300 4 6
102 68 114 76 87 
301 8 1
99 138 51 90 60 
302 7 8
77 71 61 141 100 
303 7 2
120 52 144 65 95 
304 6 1
89 89 127 142 107 
305 2 9
96 110 138 145 99 
306 2 7
61 99 95 140 72 
307 7 3
122 144 93 144 147 
308 8 10
144 125 61 83 64 
309 10 8
73 132 145 119 145 
310 6 7
94 78 54 57 127 
311 10 9
102 108 82 74 102 
312 6 10
51 115 130 97 90 
313 5 4
56 135 60 79 117 
314 9 1
112 95 116 108 124 
315 2 9
53 70 66 105 80 
316 1 3
133 77 53 86 142 
317 6 5
134 129 67 92 114 
318 10 2
134 87 123 148 133 
319 1 8
59 61 125 114 133 
320 4 3
64 145 54 99 72 
321 10 8
117 144 123 101 124 
322 3 7
140 72 119 124 61 
323 4 4
96 133 132 105 96 
324 8 3
131 102 94 97 97 
325 1 9
71 109 136 138 103 
326 2 1
129 104 88 120 78 
327 8 5
89 100 67 136 135 
328 2 4
81 110 115 115 62 
329 2 5
61 111 63 83 70 
330 2 4
124 112 115 103 118 
331 4 4
146 61 70 138 111 
332 10 7
97 91 121 80 51 
333 10 8
116 100 62 79 62 
334 6 5
134 78 138 108 140 
335 4 5
109 107 89 57 118 
336 2 8
131 51 75 130 92 
337 8 2
145 136 60 63 138 
338 3 4
50 149 107 135 77 
339 8 6
120 101 61 79 58 
340 2 9
78 112 138 59 65 
341 4 1
59 60 103 55 98 
342 6 1
87 88 63 139 139 
343 4 7
67 70 72 137 73 
344 4 9
133 86 58 61 101 
345 7 4
116 60 65 126 122 
346 1 4
71 85 53 108 75 
347 10 10
65 142 76 134 114 
348 9 2
90 83 141 73 72 
349 2 8
123 98 110 141 108 
350 8 8
80 97 102 53 132 
351 7 4
110 127 63 125 71 
352 10 10
135 89 132 127 74 
353 6 2
96 126 138 121 74 
354 1 4
84 129 132 67 76 
355 6 1
110 93 84 70 70 
356 8 6
91 88 56 128 127 
357 1 7
103 115 59 50 92 
358 10 4
68 51 136 103 130 
359 2 1
56 58 92 68 101 
360 7 2
73 125 88 66 63 
361 6 7
92 135 104 146 53 
362 4 9
95 62 73 113 115 
363 1 9
95 133 140 53 141 
364 4 3
92 111 63 67 87 
365 2 4
52 98 129 147 136 
366 5 6
139 99 95 84 64 
367 9 10
129 80 120 75 63 
368 1 1
54 95 52 148 57 
369 8 6
146 121 50 100 69 
370 3 10
107 68 94 96 117 
371 2 1
83 60 132 63 142 
372 3 1
56 114 120 112 60 
373 6 2
119 94 78 67 65 
374 2 8
137 63 117 94 133 
375 4 2
100 55 73 134 117 
376 8 10
109 111 89 115 76 
377 2 1
138 136 143 59 81 
378 2 7
148 104 143 135 69 
379 3 3
52 78 75 103 83 
380 1 10
50 108 140 61 69 
381 2 10
147 92 59 87 79 
382 3 7
62 125 122 60 80 
383 9 9
99 132 80 102 60 
384 8 8
93 57 148 145 115 
385 9 10
87 119 138 84 113 
386 8 3
142 149 120 54 76 
387 4 8
106 63 65 108 145 
388 8 1
56 54 69 51 61 
389 8 10
79 107 58 116 128 
390 7 3
91 95 126 136 146 
391 8 3
72 140 59 129 53 
392 7 10
100 123 149 58 79 
393 1 1
143 89 61 72 146 
394 10 1
76 117 142 69 62 
395 10 6
58 118 50 80 108 
396 2 2
63 88 100 65 113 
397 2 5
143 121 136 88 60 
398 8 1
108 66 50 86 133 
399 5 7
145 115 63 105 83 
400 4 6
93 77 149 58 115 
401 10 5
130 101 50 75 124 
402 7 4
135 133 73 145 101 
403 6 3
84 122 90 131 139 
404 4 7
73 69 123 68 96 
405 3 10
113 72 105 93 75 
406 6 10
149 91 82 86 126 
407 9 3
77 85 66 63 109 
408 7 5
99 111 132 122 130 
409 8 3
76 130 71 91 104 
410 7 6
81 81 56 80 74 
411 1 10
102 148 101 129 136 
412 10 5
95 125 140 144 86 
413 3 9
119 82 111 97 62 
414 3 10
68 61 124 99 144 
415 3 2
69 72 100 73 123 
416 4 4
109 74 97 106 149 
417 1 4
138 112 71 107 96 
418 5 5
108 119 143 78 130 
419 10 10
124 101 111 95 76 
420 4 10
149 119 74 60 143 
421 4 7
95 63 119 135 78 
422 4 3
124 127 148 135 96 
423 5 4
76 65 93 103 69 
424 7 9
95 121 69 146 142 
425 4 7
88 69 74 133 82 
426 5 1
110 139 112 137 116 
427 3 3
115 106 87 141 122 
428 3 7
93 138 145 138 62 
429 7 5
54 60 140 92 79 
430 7 8
63 62 147 76 51 
431 2 4
118 74 87 83 82 
432 7 7
54 109 123 149 149 
433 1 8
61 88 73 118 98 
434 6 1
79 82 138 145 94 
435 8 2
96 99 136 116 123 
436 6 2
55 51 129 112 110 
437 5 2
62 126 51 125 65 
438 5 4
65 140 56 95 72 
439 7 3
68 133 63 114 82 
440 2 3
107 76 135 65 129 
441 6 10
90 71 92 54 148 
442 4 10
63 70 73 78 60 
443 10 6
134 125 67 104 60 
444 3 2
93 135 103 102 113 
445 10 8
93 106 146 133 127 
446 10 10
125 84 68 90 104 
447 4 10
66 124 96 50 51 
448 7 8
62 100 128 57 86 
449 2 10
149 72 77 92 80 
450 6 8
58 116 118 85 51 
451 8 7
105 82 147 122 57 
452 6 5
58 61 81 122 64 
453 2 10
100 143 89 51 117 
454 9 7
148 143 75 56 62 
455 5 4
63 83 71 70 115 
456 1 5
122 116 119 83 79 
457 3 6
93 64 87 95 109 
458 7 10
76 96 145 74 89 
459 3 3
53 116 78 66 149 
460 10 8
115 70 131 139 88 
461 3 5
69 57 82 65 123 
462 10 1
82 147 61 60 93 
463 7 8
84 81 71 88 147 
464 10 5
99 101 93 116 73 
465 8 8
63 129 132 82 88 
466 7 8
61 85 110 145 82 
467 2 9
125 80 95 59 111 
468 9 10
60 118 56 109 121 
469 10 6
144 76 83 57 108 
470 8 2
98 83 89 62 70 
471 2 8
102 72 115 129 54 
472 3 1
67 131 90 78 51 
473 7 8
122 97 115 68 76 
474 1 8
86 67 118 134 100 
475 10 7
120 60 54 124 135 
476 2 6
91 134 95 109 115 
477 8 8
116 85 76 140 133 
478 2 9
59 91 135 95 60 
479 6 2
62 115 128 84 77 
480 5 1
114 57 115 56 141 
481 2 6
58 50 54 76 86 
482 3 7
69 124 126 130 117 
483 4 6
80 69 56 92 86 
484 7 8
113 120 87 78 128 
485 6 7
71 68 53 132 68 
486 8 1
104 139 79 75 65 
487 6 6
85 69 132 115 88 
488 2 10
76 127 138 139 50 
489 9 10
128 83 57 101 101 
490 1 4
71 119 96 126 109 
491 6 4
76 130 109 63 101 
492 4 1
91 84 140 117 62 
493 9 8
62 58 128 92 91 
494 7 6
94 146 81 116 116 
495 8 5
127 102 97 105 82 
496 9 10
134 102 101 127 136 
497 2 6
100 122 104 64 130 
498 3 7
124 68 52 68 117 
499 6 7
135 112 80 64 64 

