500 5 24894
0 4 7
107 105 103 105 96 
1 3 10
91 92 97 100 109 
2 4 7
90 96 102 106 101 
3 9 8
99 92 100 92 93 
4 8 6
99 92 92 108 99 
5 8 4
106 101 92 99 103 
6 2 10
94 107 108 94 105 
7 1 4
96 101 90 106 103 
8 3 1
106 91 95 95 94 
9 8 7
95 96 99 103 107 
10 5 6
92 95 104 97 104 
11 5 4
100 97 98 106 108 
12 9 5
93 101 104 109 102 
13 1 7
98 109 102 96 96 
14 5 10
105 100 104 108 97 
15 2 8
92 107 102 102 106 
16 2 1
96 91 95 99 94 
17 10 1
99 101 107 107 101 
18 2 6
99 97 97 106 107 
19 4 7
95 96 93 109 94 
20 9 2
102 99 93 109 100 
21 9 9
105 90 99 106 93 
22 9 6
96 101 91 105 109 
23 9 5
98 91 100 103 90 
24 5 5
94 104 97 106 93 
25 2 8
95 109 106 102 101 
26 8 9
105 97 104 91 108 
27 6 10
107 105 103 108 98 
28 4 2
98 99 106 94 93 
29 4 4
108 96 90 94 108 
30 9 9
99 107 107 106 94 
31 4 1
93 100 109 102 95 
32 5 1
95 109 104 96 99 
33 3 3
94 107 97 105 94 
34 9 2
92 98 109 93 96 
35 9 1
92 101 100 95 91 
36 2 1
108 95 90 106 94 
37 7 3
95 98 106 92 108 
38 5 8
92 94 90 106 102 
39 10 10
100 98 101 103 101 
40 2 1
103 104 90 93 109 
41 2 10
106 109 103 103 98 
42 1 6
96 96 94 90 100 
43 5 7
92 106 97 95 106 
44 10 9
97 102 98 102 109 
45 10 7
100 92 97 96 91 
46 4 3
91 105 109 109 91 
47 5 10
101 90 97 95 98 
48 8 1
94 108 90 94 92 
49 10 7
91 100 94 102 102 
50 3 1
95 95 92 109 90 
51 3 9
103 108 100 94 100 
52 10 2
109 106 102 105 104 
53 5 10
99 103 106 100 105 
54 1 3
109 94 103 95 91 
55 8 5
103 91 104 96 109 
56 5 3
92 96 94 91 92 
57 9 9
99 102 98 108 108 
58 7 9
103 98 93 103 103 
59 9 1
104 97 96 98 99 
60 1 7
98 107 99 100 93 
61 4 4
107 103 102 96 95 
62 3 7
105 98 107 99 106 
63 1 5
91 90 94 98 97 
64 1 9
106 92 104 107 109 
65 4 10
92 98 93 90 91 
66 8 9
109 101 105 104 109 
67 3 6
97 94 99 99 94 
68 6 10
93 105 107 90 108 
69 2 10
99 97 98 102 105 
70 4 5
99 100 92 90 91 
71 10 7
102 91 92 90 107 
72 4 2
91 99 100 95 106 
73 8 8
104 100 96 94 107 
74 5 9
95 108 102 96 90 
75 7 7
104 106 102 108 99 
76 7 1
97 100 101 90 101 
77 4 8
97 102 96 104 105 
78 3 1
102 109 100 99 99 
79 5 6
91 90 103 97 98 
80 9 7
100 94 106 107 96 
81 1 10
107 95 109 107 108 
82 6 4
103 108 103 107 99 
83 4 8
108 107 104 101 99 
84 1 10
108 108 95 98 104 
85 4 8
91 103 108 100 109 
86 8 10
99 93 92 104 103 
87 8 2
92 92 100 102 101 
88 8 6
91 107 104 101 97 
89 2 2
91 107 90 104 100 
90 9 6
91 106 106 92 101 
91 10 7
94 108 90 108 91 
92 1 3
102 109 107 95 106 
93 5 7
93 97 109 107 94 
94 10 2
97 100 106 90 108 
95 6 4
99 94 101 95 104 
96 2 6
105 104 99 98 103 
97 9 6
92 92 92 107 100 
98 4 5
96 103 96 103 93 
99 5 5
103 109 107 92 105 
100 9 10
100 102 104 107 96 
101 6 8
101 103 93 103 98 
102 6 2
100 108 107 106 93 
103 6 1
108 100 94 101 91 
104 4 6
99 103 94 101 95 
105 1 9
93 95 96 105 109 
106 10 1
97 96 93 107 106 
107 2 6
90 106 105 100 108 
108 2 3
102 106 109 91 100 
109 5 3
97 104 90 93 102 
110 9 1
93 97 100 100 103 
111 5 10
92 97 94 92 105 
112 3 5
104 93 108 96 90 
113 9 10
92 92 93 91 98 
114 4 5
102 92 104 105 91 
115 8 6
97 101 106 99 108 
116 2 4
103 103 97 109 98 
117 7 8
90 94 98 104 108 
118 2 7
108 105 102 101 99 
119 10 7
100 106 94 99 109 
120 1 9
99 103 91 104 108 
121 10 7
97 97 93 97 101 
122 3 3
91 105 100 109 100 
123 5 1
101 103 107 104 91 
124 2 4
90 103 92 91 97 
125 6 7
95 94 92 102 101 
126 8 3
104 91 96 105 107 
127 9 6
109 92 107 93 106 
128 5 8
99 97 102 92 91 
129 7 4
90 92 101 95 96 
130 6 1
100 93 104 106 106 
131 1 3
95 98 109 95 100 
132 7 1
108 93 107 98 92 
133 2 1
105 98 95 105 100 
134 8 4
98 92 93 100 107 
135 8 8
96 99 101 101 99 
136 1 9
109 108 98 100 103 
137 8 1
106 109 102 101 97 
138 8 10
107 96 102 107 91 
139 6 9
108 94 105 106 95 
140 7 9
104 98 98 103 108 
141 8 6
102 104 95 90 95 
142 8 4
102 97 92 91 103 
143 5 10
104 91 109 95 107 
144 5 2
92 102 91 106 102 
145 1 3
92 109 107 104 103 
146 6 7
101 94 100 93 101 
147 3 8
107 109 98 101 90 
148 8 7
100 91 100 102 95 
149 2 10
107 91 93 101 102 
150 1 7
108 97 94 99 102 
151 5 5
105 109 91 102 108 
152 10 7
100 106 94 90 99 
153 5 6
104 96 96 93 109 
154 10 6
102 91 103 100 99 
155 10 2
103 94 105 98 105 
156 8 4
103 108 99 105 105 
157 4 9
106 90 103 93 96 
158 2 9
107 90 95 91 91 
159 1 4
100 90 104 105 94 
160 3 5
109 109 99 94 99 
161 9 2
106 93 109 103 93 
162 5 7
91 105 96 101 97 
163 3 3
99 92 98 101 92 
164 5 8
108 106 93 107 97 
165 3 4
107 92 95 103 107 
166 7 9
91 103 96 104 90 
167 4 6
98 95 100 99 109 
168 9 1
92 94 109 90 91 
169 3 1
90 96 93 99 90 
170 9 4
108 107 103 101 100 
171 1 6
100 103 101 108 100 
172 2 8
99 101 90 93 105 
173 10 5
98 104 96 99 102 
174 10 1
103 100 103 93 97 
175 10 5
99 109 101 109 94 
176 3 1
96 105 99 105 96 
177 2 2
104 103 97 92 97 
178 4 4
109 92 104 94 94 
179 10 10
93 108 103 102 99 
180 6 5
103 109 104 109 105 
181 6 8
103 99 100 97 92 
182 8 3
99 100 95 90 94 
183 2 8
99 93 106 102 91 
184 3 6
93 109 91 98 108 
185 8 1
95 92 97 109 101 
186 10 7
103 96 98 104 106 
187 7 8
102 107 94 91 90 
188 1 7
104 104 93 107 103 
189 5 8
102 101 107 99 95 
190 7 9
99 95 105 92 101 
191 6 10
109 91 106 102 101 
192 1 6
93 102 101 99 97 
193 7 9
102 100 106 94 103 
194 4 7
109 100 104 98 105 
195 2 3
109 107 93 108 100 
196 10 3
103 101 98 107 94 
197 2 7
93 108 95 105 90 
198 2 3
96 104 108 95 106 
199 3 6
102 96 109 101 93 
200 4 2
95 92 106 109 104 
201 5 7
100 97 104 103 107 
202 10 1
100 102 102 106 109 
203 1 4
105 105 108 97 91 
204 8 1
106 90 94 91 93 
205 1 3
99 106 90 109 93 
206 6 5
103 96 94 93 101 
207 10 2
100 109 94 95 96 
208 3 6
109 101 97 97 94 
209 2 2
109 101 103 98 97 
210 5 10
93 91 93 98 97 
211 10 4
108 98 104 90 90 
212 9 7
108 102 93 108 105 
213 1 6
109 92 96 108 95 
214 3 9
103 96 107 98 97 
215 3 7
96 102 109 107 90 
216 4 8
102 93 105 101 97 
217 9 10
104 91 96 104 93 
218 6 5
98 107 93 103 105 
219 1 2
104 95 107 90 107 
220 9 10
99 103 109 104 106 
221 5 6
105 95 96 100 96 
222 3 7
99 99 102 99 96 
223 6 6
103 98 106 97 103 
224 7 1
92 96 99 93 90 
225 9 8
106 105 92 94 90 
226 1 7
108 95 104 109 104 
227 7 9
103 92 93 96 92 
228 3 5
97 100 104 99 106 
229 6 5
106 94 92 95 101 
230 7 2
93 107 97 91 92 
231 2 1
98 109 90 91 103 
232 5 9
105 98 92 92 100 
233 7 4
96 101 90 105 97 
234 5 3
100 100 103 103 109 
235 1 5
103 103 104 92 94 
236 6 4
108 101 101 103 101 
237 6 9
91 103 93 109 107 
238 6 5
94 99 96 97 102 
239 2 1
101 93 97 107 106 
240 4 10
91 90 104 101 101 
241 9 7
104 93 94 97 107 
242 1 8
104 105 103 100 107 
243 3 10
99 93 100 102 97 
244 10 10
105 92 90 98 93 
245 6 10
96 95 106 103 90 
246 3 1
107 94 97 93 90 
247 2 7
107 95 97 108 98 
248 10 1
97 108 90 93 91 
249 1 4
106 97 93 92 102 
250 2 6
103 93 98 92 98 
251 6 9
90 98 106 99 103 
252 4 8
104 103 107 91 93 
253 10 7
94 92 90 102 99 
254 6 8
104 96 104 109 91 
255 3 4
91 108 101 103 108 
256 10 3
94 105 91 100 90 
257 2 4
93 90 90 90 92 
258 3 3
94 97 109 108 95 
259 5 8
108 106 100 90 96 
260 5 4
107 95 98 91 90 
261 10 4
90 102 96 94 103 
262 9 7
97 100 98 101 99 
263 9 2
96 104 108 95 100 
264 2 6
99 97 100 96 102 
265 9 10
95 90 92 107 102 
266 9 2
107 97 99 107 99 
267 9 9
109 108 100 95 102 
268 1 3
104 103 97 93 90 
269 1 2
95 98 90 100 90 
270 5 8
95 93 91 104 92 
271 1 2
93 90 90 104 108 
272 3 3
100 92 104 95 98 
273 5 1
98 94 92 95 94 
274 3 8
95 107 105 92 102 
275 9 7
96 100 90 99 101 
276 3 7
99 104 98 102 98 
277 3 8
98 106 107 107 90 
278 10 5
95 104 92 92 93 
279 10 7
105 107 94 103 109 
280 5 5
100 106 100 102 92 
281 9 5
93 91 91 101 99 
282 1 1
100 92 105 97 106 
283 10 2
109 108 107 96 105 
284 2 2
104 108 95 107 96 
285 7 10
91 104 103 106 97 
286 7 10
107 106 90 109 100 
287 8 7
96 98 97 107 96 
288 7 6
103 107 96 109 97 
289 3 7
104 90 107 105 104 
290 1 2
92 98 100 101 95 
291 3 1
97 91 106 104 99 
292 6 4
105 101 101 90 90 
293 8 1
98 91 106 104 91 
294 5 10
98 106 102 92 95 
295 3 4
92 107 93 99 100 
296 2 6
90 96 109 97 99 
297 3 9
99 109 98 99 103 
298 7 4
96 100 94 104 109 
299 7 7
94 101 99 108 90 
300 5 10
100 105 105 100 91 
301 7 1
92 98 108 94 109 
302 9 4
94 104 99 101 107 
303 6 8
106 92 104 102 95 
304 6 1
95 102 99 97 97 
305 7 9
91 92 90 93 92 
306 9 8
104 106 103 108 100 
307 5 10
97 109 97 105 91 
308 4 8
108 90 99 105 102 
309 2 4
102 97 103 103 92 
310 4 9
106 101 106 100 109 
311 2 10
91 105 100 99 104 
312 10 7
98 92 94 96 105 
313 4 5
97 94 107 101 94 
314 1 5
108 93 103 104 96 
315 2 6
95 104 96 96 99 
316 7 8
105 96 94 93 90 
317 1 3
105 103 98 105 100 
318 6 7
96 97 93 94 100 
319 9 1
98 91 105 103 105 
320 2 2
94 100 101 101 98 
321 6 8
98 105 91 106 90 
322 10 2
92 104 99 90 91 
323 5 5
93 102 105 101 103 
324 3 7
90 106 109 106 108 
325 1 9
96 107 105 104 94 
326 7 1
95 95 103 109 101 
327 6 1
94 109 106 97 94 
328 4 1
99 96 96 100 104 
329 6 9
102 98 96 108 95 
330 4 5
100 91 97 97 108 
331 1 9
99 97 108 103 109 
332 8 3
105 100 92 94 98 
333 1 7
92 96 95 96 96 
334 4 5
101 107 91 103 100 
335 9 3
99 90 101 100 98 
336 2 7
97 98 98 92 101 
337 4 9
109 93 95 104 91 
338 3 3
97 107 99 101 104 
339 1 5
107 108 107 96 108 
340 1 9
96 91 94 95 92 
341 6 10
103 98 108 94 93 
342 6 1
95 99 93 94 96 
343 3 6
103 92 90 100 90 
344 10 9
100 99 106 107 92 
345 2 5
94 108 104 99 108 
346 5 5
91 109 106 108 90 
347 10 4
96 93 108 109 95 
348 1 2
107 101 99 98 102 
349 7 8
105 109 93 109 99 
350 8 10
97 103 105 90 94 
351 2 10
94 101 104 93 96 
352 5 3
102 97 106 91 108 
353 6 2
101 93 100 96 104 
354 5 8
105 93 108 92 107 
355 4 6
103 107 104 108 90 
356 1 2
96 94 105 108 93 
357 2 3
92 99 95 95 94 
358 7 4
101 92 90 96 95 
359 2 10
104 94 106 98 91 
360 1 9
91 92 109 98 108 
361 7 9
92 100 92 94 109 
362 9 2
105 106 94 96 108 
363 7 4
105 97 104 92 94 
364 1 3
107 102 90 101 96 
365 2 10
94 99 99 96 109 
366 5 3
100 102 93 96 98 
367 10 3
108 106 107 103 105 
368 4 6
109 95 99 107 99 
369 10 1
105 102 101 90 92 
370 1 7
103 106 99 94 98 
371 5 1
98 94 104 108 102 
372 5 3
97 97 109 109 103 
373 10 9
104 100 98 100 105 
374 10 1
99 101 98 92 98 
375 8 7
98 104 98 99 108 
376 4 8
100 97 101 99 96 
377 4 1
101 94 98 96 96 
378 7 7
91 97 108 92 109 
379 7 6
109 94 93 97 108 
380 3 9
98 97 106 100 104 
381 10 2
102 92 102 94 96 
382 1 3
103 99 108 96 98 
383 7 10
97 92 96 108 108 
384 10 9
98 91 96 98 90 
385 5 9
104 104 92 109 106 
386 5 6
105 104 107 90 105 
387 8 7
94 93 105 93 107 
388 4 3
98 93 90 98 106 
389 7 10
107 91 109 93 97 
390 2 3
93 105 107 100 92 
391 7 1
107 103 107 91 98 
392 5 8
96 108 109 96 103 
393 10 7
99 107 105 96 100 
394 6 3
107 106 106 103 102 
395 5 4
96 90 104 93 96 
396 4 8
104 109 104 102 99 
397 4 9
92 94 95 94 103 
398 3 3
94 97 94 91 106 
399 2 7
98 97 100 104 109 
400 7 10
95 101 96 90 92 
401 3 3
102 107 93 96 91 
402 1 1
97 102 103 101 90 
403 8 5
98 100 101 98 107 
404 4 5
107 91 93 104 94 
405 3 5
96 104 109 108 94 
406 3 6
107 92 97 94 104 
407 1 6
96 100 90 104 90 
408 4 3
100 98 106 109 99 
409 3 4
95 104 98 101 90 
410 8 3
94 99 109 92 93 
411 7 7
107 97 104 106 99 
412 7 1
99 99 95 101 107 
413 4 1
108 95 94 93 109 
414 5 7
102 93 98 106 102 
415 8 1
97 96 107 94 103 
416 2 3
104 107 105 105 108 
417 1 8
97 103 107 107 109 
418 4 3
100 107 108 92 90 
419 8 2
94 96 91 101 102 
420 9 9
107 91 90 101 100 
421 8 10
90 97 96 109 103 
422 4 7
94 99 98 104 96 
423 10 10
97 108 90 101 94 
424 4 6
99 94 93 108 95 
425 6 3
98 93 91 98 92 
426 8 1
105 92 106 101 101 
427 8 9
108 106 97 107 104 
428 10 1
100 102 97 101 106 
429 3 1
104 108 102 92 103 
430 4 3
97 102 104 105 104 
431 2 7
108 90 94 98 98 
432 4 6
92 104 107 94 97 
433 6 7
105 97 96 99 107 
434 1 4
92 93 108 100 105 
435 3 6
91 105 101 101 105 
436 9 10
93 93 106 107 108 
437 7 3
95 101 100 90 100 
438 9 3
98 108 107 100 91 
439 6 1
98 90 107 91 105 
440 2 4
93 99 94 108 102 
441 4 7
100 109 100 97 100 
442 3 1
90 90 104 90 108 
443 2 2
109 109 93 109 109 
444 2 3
96 104 107 99 93 
445 3 9
97 105 106 100 104 
446 7 10
106 108 99 106 108 
447 6 10
98 97 90 97 108 
448 6 9
107 98 100 105 92 
449 9 6
107 92 95 107 99 
450 2 8
93 109 106 109 99 
451 9 8
97 103 106 105 102 
452 9 5
100 106 94 109 106 
453 7 6
109 96 102 98 98 
454 8 6
107 100 102 102 99 
455 2 4
108 101 93 107 106 
456 2 5
99 102 100 101 98 
457 7 4
94 102 100 105 109 
458 5 5
109 101 99 99 103 
459 5 2
92 105 107 102 96 
460 1 2
104 101 95 93 105 
461 8 8
93 103 92 90 107 
462 5 8
106 108 101 98 99 
463 4 8
92 97 100 106 104 
464 8 1
102 109 91 96 93 
465 9 3
108 95 99 92 100 
466 4 5
97 97 91 106 95 
467 6 5
96 108 91 90 95 
468 2 9
109 101 98 101 100 
469 10 8
103 109 101 102 106 
470 3 7
96 105 90 95 104 
471 4 2
109 108 107 107 106 
472 9 8
103 92 95 94 103 
473 6 8
105 96 95 99 95 
474 9 4
103 91 109 109 106 
475 2 8
101 94 100 92 105 
476 9 1
101 96 99 107 90 
477 6 2
103 102 99 99 109 
478 7 1
106 104 93 100 105 
479 5 2
94 95 108 105 91 
480 10 10
106 107 99 90 105 
481 10 8
106 96 108 91 108 
482 10 3
99 95 94 96 102 
483 8 7
97 91 107 101 108 
484 7 9
90 107 98 106 96 
485 10 7
91 98 95 99 96 
486 7 2
107 105 95 96 103 
487 1 3
95 99 98 102 93 
488 9 7
91 96 96 91 93 
489 5 1
99 106 108 92 106 
490 5 3
93 90 105 90 97 
491 3 9
90 92 93 95 94 
492 4 1
97 91 108 98 97 
493 5 3
92 101 102 101 97 
494 3 7
93 96 100 108 108 
495 8 1
108 99 99 108 94 
496 3 7
98 97 108 105 99 
497 9 4
106 94 107 101 105 
498 10 5
104 102 90 100 100 
499 1 9
91 97 101 109 99 

