50 5 4369
0 4 7
127 65 143 85 136 
1 3 10
71 112 77 140 109 
2 4 7
90 76 122 86 61 
3 9 8
79 132 80 112 73 
4 8 6
79 52 72 108 119 
5 8 4
106 61 92 79 123 
6 2 10
134 87 148 74 65 
7 1 4
76 141 130 106 123 
8 3 1
146 131 55 75 134 
9 8 7
55 96 79 63 107 
10 5 6
132 95 64 117 84 
11 5 4
100 137 58 126 128 
12 9 5
53 101 104 149 82 
13 1 7
118 89 62 76 136 
14 5 10
145 120 84 128 117 
15 2 8
52 67 142 102 106 
16 2 1
136 91 115 139 94 
17 10 1
79 81 67 147 121 
18 2 6
59 77 117 106 147 
19 4 7
115 56 133 69 74 
20 9 2
82 79 53 69 120 
21 9 9
65 90 99 146 73 
22 9 6
96 101 71 105 129 
23 9 5
78 91 100 143 50 
24 5 5
74 64 137 106 93 
25 2 8
115 109 86 82 101 
26 8 9
125 57 124 71 108 
27 6 10
87 85 143 68 78 
28 4 2
78 79 126 54 93 
29 4 4
88 56 90 54 68 
30 9 9
119 67 67 146 74 
31 4 1
133 140 149 122 75 
32 5 1
55 89 104 136 119 
33 3 3
114 147 57 105 54 
34 9 2
72 78 149 93 96 
35 9 1
72 61 60 55 51 
36 2 1
128 55 70 86 94 
37 7 3
115 58 66 132 108 
38 5 8
112 74 50 86 102 
39 10 10
100 118 121 123 81 
40 2 1
83 144 110 113 149 
41 2 10
146 109 123 63 118 
42 1 6
76 116 134 90 140 
43 5 7
92 86 57 95 106 
44 10 9
137 62 98 122 109 
45 10 7
60 92 137 56 51 
46 4 3
71 105 69 149 71 
47 5 10
61 90 117 55 78 
48 8 1
134 108 70 74 72 
49 10 7
131 80 134 142 122 

