50 5 2505
0 7 6
118 90 75 90 122 
1 7 2
114 108 74 143 89 
2 3 2
114 125 51 145 65 
3 3 9
108 123 97 135 87 
4 9 9
104 64 86 124 56 
5 2 6
128 140 118 144 98 
6 3 8
138 97 131 102 72 
7 3 10
139 74 87 98 147 
8 7 6
136 54 85 91 121 
9 2 8
127 83 132 58 73 
10 1 3
73 145 140 61 92 
11 2 6
66 103 116 56 127 
12 5 7
76 90 141 63 147 
13 7 7
118 148 123 95 133 
14 7 6
56 108 58 79 103 
15 9 4
97 71 110 66 124 
16 8 3
53 133 130 131 73 
17 2 5
122 99 102 90 97 
18 7 9
80 84 93 138 94 
19 2 1
148 51 65 95 72 
20 8 4
98 104 85 53 139 
21 6 6
63 88 81 87 138 
22 5 9
137 112 118 120 98 
23 2 1
142 65 82 140 118 
24 8 9
93 77 51 93 83 
25 10 8
73 106 134 138 97 
26 6 6
85 101 53 124 63 
27 2 5
63 85 57 56 100 
28 10 9
120 89 138 63 116 
29 3 8
149 81 106 72 89 
30 1 1
136 105 86 123 109 
31 2 1
74 113 94 88 100 
32 2 5
102 93 94 72 132 
33 4 9
98 125 95 97 108 
34 2 3
99 91 82 138 98 
35 1 2
57 62 111 82 77 
36 9 1
127 111 116 79 54 
37 1 4
88 145 141 136 72 
38 9 7
130 139 58 132 132 
39 3 1
81 63 133 140 127 
40 8 5
54 57 94 83 118 
41 3 5
75 75 67 113 70 
42 2 3
93 99 90 125 141 
43 1 8
123 142 129 106 107 
44 4 10
84 62 123 140 69 
45 1 6
89 82 139 114 107 
46 10 1
80 70 84 75 71 
47 5 3
62 124 112 88 68 
48 2 5
126 106 95 112 118 
49 10 6
137 139 130 129 71 

