50 5 2499
0 4 7
100 98 101 98 99 
1 3 10
99 100 100 98 102 
2 4 7
98 99 100 99 99 
3 9 8
102 100 98 100 101 
4 8 6
102 100 100 101 102 
5 8 4
99 99 100 102 101 
6 2 10
102 100 101 102 98 
7 1 4
99 99 98 99 101 
8 3 1
99 99 98 98 102 
9 8 7
98 99 102 101 100 
10 5 6
100 98 102 100 102 
11 5 4
98 100 101 99 101 
12 9 5
101 99 102 102 100 
13 1 7
101 102 100 99 99 
14 5 10
98 98 102 101 100 
15 2 8
100 100 100 100 99 
16 2 1
99 99 98 102 102 
17 10 1
102 99 100 100 99 
18 2 6
102 100 100 99 100 
19 4 7
98 99 101 102 102 
20 9 2
100 102 101 102 98 
21 9 9
98 98 102 99 101 
22 9 6
99 99 99 98 102 
23 9 5
101 99 98 101 98 
24 5 5
102 102 100 99 101 
25 2 8
98 102 99 100 99 
26 8 9
98 100 102 99 101 
27 6 10
100 98 101 101 101 
28 4 2
101 102 99 102 101 
29 4 4
101 99 98 102 101 
30 9 9
102 100 100 99 102 
31 4 1
101 98 102 100 98 
32 5 1
98 102 102 99 102 
33 3 3
102 100 100 98 102 
34 9 2
100 101 102 101 99 
35 9 1
100 99 98 98 99 
36 2 1
101 98 98 99 102 
37 7 3
98 101 99 100 101 
38 5 8
100 102 98 99 100 
39 10 10
98 101 99 101 99 
40 2 1
101 102 98 101 102 
41 2 10
99 102 101 101 101 
42 1 6
99 99 102 98 98 
43 5 7
100 99 100 98 99 
44 10 9
100 100 101 100 102 
45 10 7
98 100 100 99 99 
46 4 3
99 98 102 102 99 
47 5 10
99 98 100 98 101 
48 8 1
102 101 98 102 100 
49 10 7
99 98 102 100 100 

