50 5 4482
0 84 87
102 100 98 100 101 
1 93 50
96 97 102 95 104 
2 64 27
95 101 97 101 96 
3 69 68
104 97 95 97 98 
4 68 36
104 97 97 103 104 
5 68 94
101 96 97 104 98 
6 22 20
99 102 103 99 100 
7 71 14
101 96 95 101 98 
8 63 71
101 96 100 100 99 
9 28 37
100 101 104 98 102 
10 25 96
97 100 99 102 99 
11 65 44
95 102 103 101 103 
12 89 85
98 96 99 104 97 
13 61 77
103 104 97 101 101 
14 95 40
100 95 99 103 102 
15 2 98
97 102 97 97 101 
16 2 81
101 96 100 104 99 
17 20 41
104 96 102 102 96 
18 82 76
104 102 102 101 102 
19 54 87
100 101 98 104 99 
20 29 72
97 104 98 104 95 
21 69 9
100 95 104 101 98 
22 19 46
101 96 96 100 104 
23 89 65
103 96 95 98 95 
24 35 65
99 99 102 101 98 
25 92 28
100 104 101 97 96 
26 38 29
100 102 99 96 103 
27 96 30
102 100 98 103 103 
28 44 12
103 104 101 99 98 
29 64 14
103 101 95 99 103 
30 29 89
104 102 102 101 99 
31 44 71
98 95 104 97 100 
32 45 91
100 104 99 101 104 
33 83 43
99 102 102 100 99 
34 49 12
97 103 104 98 101 
35 69 41
97 96 95 100 96 
36 62 31
103 100 95 101 99 
37 27 23
100 103 101 97 103 
38 25 38
97 99 95 101 97 
39 100 80
95 103 96 98 96 
40 82 31
98 99 95 98 104 
41 82 100
101 104 98 98 103 
42 91 96
101 101 99 95 95 
43 85 77
97 101 102 100 101 
44 80 19
102 97 103 97 104 
45 10 37
95 97 102 101 96 
46 14 73
96 100 104 104 96 
47 5 40
96 95 102 100 103 
48 28 51
99 103 95 99 97 
49 70 97
96 95 99 97 97 

