500 5 44983
0 91 20
101 98 99 101 102 
1 78 46
100 100 102 102 101 
2 38 50
102 101 100 98 100 
3 73 70
98 100 99 98 98 
4 97 64
101 99 100 100 99 
5 97 53
100 101 100 100 100 
6 29 7
98 98 99 102 98 
7 76 45
98 102 99 98 99 
8 10 24
101 98 99 100 101 
9 22 17
99 100 101 99 98 
10 18 44
98 98 102 98 100 
11 58 38
102 98 101 102 102 
12 100 63
101 98 100 99 100 
13 24 66
98 99 99 102 98 
14 2 56
101 101 101 101 98 
15 100 89
100 102 100 100 99 
16 12 84
100 100 100 98 101 
17 35 90
100 98 102 98 99 
18 89 75
100 99 99 100 98 
19 32 51
98 98 98 98 99 
20 69 88
100 102 100 100 99 
21 21 10
99 99 101 102 99 
22 6 67
98 98 98 102 99 
23 22 32
101 100 99 99 102 
24 24 32
101 99 98 100 100 
25 93 40
99 102 102 102 99 
26 100 46
102 99 99 102 99 
27 52 14
98 102 99 101 101 
28 30 17
101 101 100 99 102 
29 70 9
102 102 98 98 101 
30 50 20
99 98 98 99 100 
31 77 8
98 98 101 98 99 
32 70 42
98 102 100 101 102 
33 58 42
101 99 99 102 98 
34 2 55
99 100 99 100 101 
35 44 66
100 102 98 100 99 
36 99 74
101 102 99 101 101 
37 24 94
100 100 99 101 102 
38 88 43
99 99 102 102 98 
39 76 100
98 101 102 100 102 
40 90 86
101 102 98 99 102 
41 77 47
102 99 99 100 102 
42 78 28
98 102 99 99 100 
43 71 22
98 100 98 98 98 
44 37 19
100 101 98 98 100 
45 18 52
99 98 102 99 99 
46 41 11
98 100 102 98 101 
47 11 75
101 101 100 101 98 
48 20 4
101 98 101 98 98 
49 81 6
101 102 101 99 102 
50 10 90
99 102 99 101 101 
51 93 52
101 101 100 99 101 
52 25 47
101 101 100 99 98 
53 76 24
99 101 98 99 102 
54 89 75
102 100 99 100 101 
55 68 23
101 100 101 100 98 
56 51 71
98 99 100 101 102 
57 72 43
100 101 100 101 99 
58 99 52
99 99 100 100 99 
59 94 20
99 101 99 98 98 
60 68 80
100 102 99 100 99 
61 19 21
100 102 102 99 101 
62 33 2
99 100 100 102 98 
63 31 87
99 98 100 98 101 
64 52 3
101 101 99 100 102 
65 83 5
100 101 100 100 102 
66 92 99
102 98 98 101 100 
67 5 48
98 102 99 99 100 
68 96 34
98 99 98 99 99 
69 69 74
99 101 101 98 101 
70 8 53
102 98 99 99 99 
71 4 75
98 100 101 98 102 
72 12 5
99 100 102 101 101 
73 78 75
100 100 98 101 100 
74 79 26
98 98 101 100 100 
75 82 9
98 102 102 99 101 
76 60 19
100 99 102 98 98 
77 17 5
98 101 101 100 98 
78 79 88
101 101 101 98 98 
79 92 23
101 102 100 101 98 
80 17 52
101 99 100 101 102 
81 49 39
102 102 100 102 100 
82 22 75
98 99 99 98 100 
83 75 51
100 100 98 100 101 
84 60 94
101 99 102 100 102 
85 19 51
98 100 101 99 99 
86 84 53
99 99 99 99 100 
87 89 37
102 102 101 102 100 
88 16 24
98 98 99 99 101 
89 14 41
102 99 98 102 101 
90 31 3
98 101 102 99 102 
91 82 65
102 99 100 98 98 
92 91 82
102 101 98 100 101 
93 22 81
101 102 98 100 99 
94 11 14
99 100 98 99 101 
95 70 70
102 100 101 98 101 
96 86 62
99 101 100 100 99 
97 48 32
99 99 99 102 100 
98 84 7
98 98 102 100 101 
99 35 41
101 98 98 100 101 
100 96 41
101 99 99 99 99 
101 96 32
100 98 102 101 99 
102 79 30
98 99 100 99 100 
103 59 44
100 102 101 98 102 
104 46 25
102 99 102 98 102 
105 66 44
98 101 102 102 101 
106 90 5
99 102 101 99 98 
107 21 53
100 101 100 102 100 
108 84 82
101 101 99 101 99 
109 71 31
98 101 101 100 101 
110 49 17
99 102 98 100 101 
111 6 41
98 100 98 101 98 
112 93 65
102 98 99 98 99 
113 5 39
102 99 98 100 99 
114 94 60
102 99 101 100 100 
115 1 70
100 99 100 101 101 
116 8 64
99 102 100 100 100 
117 26 28
98 102 100 102 101 
118 38 42
102 101 101 102 102 
119 82 27
102 99 101 99 102 
120 11 85
98 102 100 101 101 
121 28 43
100 100 98 102 102 
122 40 100
100 102 100 101 100 
123 46 63
101 101 99 102 100 
124 42 2
99 101 100 101 100 
125 38 97
100 102 102 98 101 
126 62 75
100 100 98 99 99 
127 19 66
98 98 102 99 102 
128 73 86
99 101 101 102 99 
129 77 89
101 101 102 101 102 
130 76 26
100 99 99 100 102 
131 78 49
100 100 98 98 102 
132 98 7
98 102 101 99 101 
133 83 29
99 98 101 100 98 
134 5 26
102 98 98 99 101 
135 2 6
100 98 99 100 102 
136 72 53
102 98 98 102 98 
137 54 24
98 100 99 99 100 
138 20 69
100 101 98 99 98 
139 96 31
102 102 100 101 102 
140 94 66
102 100 100 98 100 
141 28 10
100 99 100 102 101 
142 36 82
101 102 99 98 98 
143 48 20
100 102 99 99 98 
144 89 96
98 102 98 99 99 
145 31 42
98 100 100 98 98 
146 36 25
99 98 100 99 100 
147 60 24
102 101 102 99 102 
148 96 59
98 99 98 100 100 
149 18 16
101 100 101 101 100 
150 11 86
102 98 98 100 101 
151 68 44
98 101 100 102 101 
152 14 53
101 102 100 98 100 
153 68 73
102 98 102 102 102 
154 48 10
101 100 98 101 98 
155 58 56
101 99 99 101 98 
156 71 25
98 101 101 98 102 
157 92 86
101 98 102 100 100 
158 49 9
100 100 101 98 98 
159 66 71
98 100 101 101 101 
160 30 4
98 99 102 99 99 
161 8 94
99 98 102 102 99 
162 41 90
101 99 100 100 101 
163 68 19
101 100 98 98 99 
164 19 41
100 102 101 100 98 
165 75 16
100 102 99 98 102 
166 93 97
100 100 98 99 101 
167 36 99
102 102 101 102 102 
168 10 66
98 100 98 102 102 
169 2 70
99 98 99 98 99 
170 98 91
101 102 100 98 100 
171 25 2
100 99 100 101 99 
172 21 74
98 99 101 100 99 
173 96 10
98 99 101 99 102 
174 15 93
98 100 102 101 101 
175 74 32
98 98 102 98 99 
176 37 89
102 102 101 99 100 
177 52 40
101 100 101 101 98 
178 79 18
102 100 99 100 99 
179 96 93
98 99 101 100 99 
180 9 13
102 99 101 102 100 
181 67 1
98 98 99 101 102 
182 40 100
102 100 101 99 100 
183 30 94
101 99 100 101 102 
184 62 67
98 99 98 98 102 
185 36 70
100 102 102 102 102 
186 62 35
101 100 98 102 100 
187 54 46
102 102 98 102 101 
188 29 84
100 99 99 101 102 
189 84 91
98 102 102 100 101 
190 81 94
100 101 101 100 101 
191 14 4
100 102 102 101 101 
192 92 63
99 99 100 99 102 
193 99 15
101 100 99 99 101 
194 68 29
99 102 102 98 98 
195 3 70
101 100 100 98 99 
196 74 76
100 100 100 98 101 
197 36 42
101 98 100 101 102 
198 64 50
100 100 98 101 100 
199 57 26
100 101 102 98 100 
200 20 38
99 102 100 101 99 
201 2 21
98 99 102 98 102 
202 22 91
101 100 100 99 102 
203 75 17
101 98 102 98 98 
204 41 3
100 102 99 101 102 
205 56 94
98 100 102 100 98 
206 81 75
102 99 98 98 98 
207 10 32
100 101 102 100 98 
208 46 49
98 99 100 100 98 
209 95 9
99 102 99 102 99 
210 68 39
100 100 101 101 99 
211 31 89
101 102 99 100 102 
212 24 26
102 101 98 99 102 
213 28 19
100 99 101 101 99 
214 33 25
102 99 101 99 102 
215 29 58
100 101 98 100 102 
216 70 6
98 100 100 102 98 
217 8 11
98 102 98 100 99 
218 12 73
102 101 100 101 102 
219 13 43
98 98 102 102 98 
220 97 98
102 98 102 102 100 
221 37 41
101 98 100 101 102 
222 35 53
98 98 99 99 98 
223 26 26
98 100 100 100 102 
224 67 35
102 100 101 101 101 
225 90 5
98 100 102 98 100 
226 47 41
99 99 100 102 99 
227 22 56
100 99 98 102 99 
228 100 39
98 98 102 98 98 
229 8 24
98 99 101 100 101 
230 25 54
98 99 101 102 100 
231 39 91
98 102 98 102 100 
232 79 56
101 100 99 102 101 
233 71 5
98 98 102 98 99 
234 60 33
100 102 98 102 100 
235 32 1
99 99 98 99 98 
236 37 44
100 102 98 99 101 
237 97 43
101 100 99 101 100 
238 78 1
98 102 101 102 101 
239 71 82
98 101 99 101 102 
240 73 37
102 98 102 102 99 
241 31 28
102 101 99 98 100 
242 20 74
99 99 102 102 98 
243 60 54
98 99 99 100 98 
244 69 86
102 100 100 99 102 
245 54 13
100 98 99 101 102 
246 13 64
99 99 102 98 102 
247 16 85
100 102 102 100 100 
248 77 71
100 99 100 102 101 
249 30 73
102 98 102 99 98 
250 28 30
99 102 98 98 100 
251 35 11
99 102 102 101 98 
252 84 99
100 102 98 98 100 
253 28 82
98 102 101 99 102 
254 90 70
102 99 102 101 100 
255 97 4
102 98 101 100 99 
256 8 2
99 100 99 101 102 
257 72 66
99 101 101 102 100 
258 52 1
101 98 98 101 101 
259 22 74
98 100 99 102 102 
260 90 28
98 101 98 101 98 
261 32 29
102 100 99 101 98 
262 45 68
98 99 100 101 101 
263 90 34
100 100 99 100 99 
264 83 10
98 101 101 100 99 
265 21 53
102 99 99 98 98 
266 28 69
100 99 98 100 102 
267 56 34
98 99 99 102 102 
268 26 74
98 102 100 101 101 
269 23 86
99 100 101 98 101 
270 72 84
98 101 99 101 99 
271 40 78
101 99 98 98 100 
272 78 15
99 102 100 102 101 
273 23 18
99 102 102 98 100 
274 45 28
100 98 98 98 98 
275 15 44
102 101 98 102 99 
276 32 90
101 98 101 100 102 
277 43 44
102 102 98 99 99 
278 67 84
98 99 98 102 101 
279 22 20
102 98 100 98 98 
280 36 20
99 99 98 99 101 
281 16 36
102 100 101 101 102 
282 91 52
100 100 102 100 101 
283 98 72
101 101 99 102 98 
284 6 30
100 98 98 101 101 
285 61 77
99 100 102 100 100 
286 43 9
99 101 102 101 100 
287 47 38
100 101 101 98 101 
288 52 56
101 100 99 98 100 
289 38 56
99 102 101 102 100 
290 48 78
102 100 98 100 100 
291 97 28
102 102 102 99 102 
292 25 44
100 99 101 100 98 
293 88 40
102 102 99 98 98 
294 31 88
100 102 99 101 99 
295 54 46
101 99 100 102 99 
296 89 3
98 101 99 98 99 
297 97 13
99 101 100 98 102 
298 99 4
98 98 98 102 100 
299 59 9
101 101 98 102 102 
300 31 56
100 101 101 101 101 
301 57 39
102 102 98 98 101 
302 55 12
102 98 99 102 98 
303 9 77
100 99 102 101 102 
304 42 70
98 99 102 101 98 
305 35 57
101 100 99 98 100 
306 49 1
100 98 101 99 98 
307 30 24
98 100 102 98 98 
308 36 31
99 99 102 100 101 
309 76 41
98 100 101 98 102 
310 47 66
99 102 99 101 102 
311 82 78
102 99 98 100 98 
312 100 5
99 102 102 100 98 
313 86 27
98 98 99 98 102 
314 67 17
102 100 101 98 102 
315 100 22
101 101 101 98 99 
316 99 30
99 102 101 102 98 
317 20 50
98 102 98 101 99 
318 95 61
99 98 99 98 98 
319 63 53
102 99 98 102 99 
320 24 15
100 101 98 99 100 
321 81 96
100 102 99 98 98 
322 73 64
102 101 101 98 98 
323 53 38
98 102 99 102 100 
324 68 85
99 100 98 101 99 
325 99 60
98 101 100 101 98 
326 4 56
100 100 98 99 98 
327 46 77
101 100 98 101 101 
328 60 76
101 99 99 102 98 
329 62 90
99 99 102 100 98 
330 57 28
100 99 100 102 102 
331 53 72
99 100 102 102 100 
332 18 1
100 99 98 98 102 
333 87 27
102 102 99 99 101 
334 18 91
98 101 100 100 99 
335 100 87
100 101 102 102 100 
336 62 81
102 101 100 102 102 
337 60 72
101 100 101 100 102 
338 67 46
100 101 98 100 101 
339 5 95
102 98 100 100 101 
340 95 89
99 98 98 100 101 
341 54 77
102 102 101 102 100 
342 99 34
99 102 102 101 100 
343 67 93
100 99 101 99 101 
344 23 76
100 99 98 98 99 
345 37 63
99 99 99 100 98 
346 92 47
102 102 98 98 98 
347 12 6
102 100 100 99 98 
348 36 15
102 101 98 101 99 
349 6 69
98 101 100 99 102 
350 26 55
100 101 98 99 100 
351 33 95
102 101 102 101 99 
352 50 82
101 102 99 102 102 
353 87 73
99 101 100 99 100 
354 28 30
101 100 98 98 99 
355 89 80
98 98 101 100 102 
356 25 16
100 101 100 100 98 
357 94 68
102 99 99 100 102 
358 85 49
99 99 98 100 98 
359 66 55
101 101 101 99 102 
360 59 69
98 101 98 100 99 
361 85 42
99 100 101 101 98 
362 1 1
98 99 99 101 102 
363 32 86
102 99 100 101 100 
364 26 75
101 99 102 101 102 
365 30 98
100 102 101 99 101 
366 100 70
102 99 99 99 100 
367 23 42
99 98 102 100 102 
368 72 8
99 101 101 102 102 
369 28 55
101 100 101 101 99 
370 42 30
99 100 98 98 101 
371 72 14
98 99 98 101 99 
372 87 22
100 100 98 101 98 
373 15 50
98 99 98 98 98 
374 59 81
101 100 102 98 102 
375 12 63
101 98 99 98 99 
376 84 40
102 102 100 100 101 
377 93 8
98 101 102 100 100 
378 65 76
100 101 98 99 98 
379 18 69
99 101 98 102 98 
380 59 31
101 101 99 101 102 
381 86 28
100 102 99 98 101 
382 96 58
98 100 102 102 100 
383 41 23
102 100 98 98 100 
384 74 46
101 101 100 99 100 
385 1 87
101 100 98 101 99 
386 53 69
99 102 100 99 99 
387 63 42
101 102 101 100 99 
388 7 51
98 99 100 98 102 
389 27 8
101 99 98 100 98 
390 12 76
99 98 98 101 102 
391 25 87
99 99 100 99 100 
392 44 42
101 99 99 99 100 
393 39 62
99 99 98 98 102 
394 67 30
102 100 99 98 100 
395 52 31
101 98 100 102 102 
396 97 14
99 99 102 100 100 
397 98 71
102 100 99 101 101 
398 53 66
100 98 102 101 102 
399 3 49
101 98 99 99 100 
400 1 39
99 99 99 98 98 
401 58 20
100 99 102 102 101 
402 73 85
101 99 102 100 99 
403 96 56
98 100 98 101 100 
404 87 91
99 99 101 101 98 
405 32 91
100 101 99 102 102 
406 51 21
102 100 102 102 99 
407 6 37
100 98 99 101 102 
408 99 84
101 100 101 98 101 
409 54 76
98 102 100 100 102 
410 79 50
98 98 99 102 102 
411 79 49
98 101 99 101 99 
412 80 99
100 101 99 99 98 
413 8 84
98 98 98 101 100 
414 28 91
99 100 99 100 100 
415 14 54
99 99 102 100 99 
416 91 53
100 98 98 98 101 
417 32 94
98 101 101 98 99 
418 39 59
101 100 99 99 99 
419 93 66
101 100 102 102 98 
420 74 4
100 98 98 99 98 
421 6 94
98 102 99 98 100 
422 67 7
101 102 99 101 101 
423 18 1
102 100 98 102 102 
424 37 22
100 99 102 102 100 
425 33 93
102 100 99 98 101 
426 25 1
99 99 101 99 100 
427 28 68
99 102 100 100 101 
428 85 88
98 101 101 100 102 
429 85 54
101 99 98 98 99 
430 32 31
102 99 100 100 102 
431 94 32
99 98 101 100 99 
432 66 93
98 99 102 100 102 
433 40 60
99 101 100 99 100 
434 10 7
101 101 99 102 102 
435 72 78
98 102 101 99 99 
436 7 67
100 101 101 102 102 
437 90 37
99 98 100 100 101 
438 12 89
100 99 100 100 102 
439 36 33
98 99 99 98 100 
440 70 62
98 100 102 98 100 
441 38 95
99 101 101 102 101 
442 31 42
102 100 100 99 98 
443 82 60
102 99 101 99 98 
444 5 64
100 98 102 101 100 
445 5 76
102 101 102 100 102 
446 5 63
100 100 98 101 99 
447 90 63
99 98 101 100 102 
448 17 74
102 100 99 99 100 
449 13 72
102 101 99 98 102 
450 69 40
101 102 99 100 99 
451 10 22
100 101 98 98 99 
452 9 18
98 99 98 102 101 
453 79 38
98 99 99 99 99 
454 60 2
98 102 100 101 102 
455 95 89
100 101 99 98 101 
456 97 53
99 102 98 99 100 
457 13 61
98 99 98 100 102 
458 12 24
98 98 99 99 98 
459 69 87
99 102 102 101 102 
460 36 86
101 99 101 102 100 
461 61 89
99 100 98 99 101 
462 51 81
100 101 101 101 102 
463 32 67
99 100 100 102 99 
464 80 18
99 99 98 99 98 
465 46 13
100 98 100 99 100 
466 54 65
99 98 98 98 102 
467 1 86
101 100 101 99 99 
468 9 36
100 100 102 98 101 
469 60 54
101 102 101 101 102 
470 71 55
102 98 98 100 99 
471 16 23
98 99 98 98 98 
472 64 97
99 99 101 98 101 
473 88 34
102 100 101 102 101 
474 9 65
98 99 101 102 99 
475 42 37
100 99 98 102 102 
476 23 95
99 99 98 100 100 
477 74 56
101 99 98 102 98 
478 31 4
98 102 101 98 98 
479 39 37
101 102 102 101 101 
480 88 8
100 102 100 102 98 
481 93 54
98 101 98 98 99 
482 53 10
101 101 102 101 102 
483 85 92
99 98 100 102 99 
484 5 43
102 99 98 102 98 
485 5 49
101 101 101 98 99 
486 67 83
102 101 101 100 101 
487 8 4
100 102 102 98 102 
488 74 1
98 100 102 100 98 
489 97 32
101 98 99 101 102 
490 37 79
100 100 98 100 101 
491 4 62
99 100 99 102 101 
492 11 82
100 99 101 98 98 
493 29 80
101 99 100 99 100 
494 94 85
101 99 102 98 102 
495 27 15
100 102 101 98 101 
496 45 90
100 100 101 99 98 
497 57 39
98 102 100 101 101 
498 80 62
100 102 98 98 99 
499 12 18
100 100 102 102 101 

