500 5 34933
0 91 20
138 125 111 148 114 
1 78 46
77 92 129 99 143 
2 38 50
104 123 117 80 52 
3 73 70
65 117 141 60 80 
4 97 64
63 136 132 52 111 
5 97 53
127 123 147 107 117 
6 29 7
110 115 106 64 140 
7 76 45
95 149 116 110 116 
8 10 24
98 55 136 112 93 
9 22 17
106 67 118 136 140 
10 18 44
60 95 99 120 112 
11 58 38
54 135 83 99 134 
12 100 63
53 110 87 101 67 
13 24 66
110 146 131 119 115 
14 2 56
58 68 148 68 65 
15 100 89
127 59 127 132 96 
16 12 84
132 112 147 135 73 
17 35 90
142 60 104 55 56 
18 89 75
122 91 131 82 110 
19 32 51
125 80 140 55 141 
20 69 88
87 129 72 122 91 
21 21 10
66 56 148 59 66 
22 6 67
125 95 90 149 136 
23 22 32
148 102 131 76 84 
24 24 32
128 141 120 117 72 
25 93 40
66 114 99 134 121 
26 100 46
89 106 61 64 51 
27 52 14
90 74 146 88 78 
28 30 17
113 103 97 91 94 
29 70 9
69 64 50 85 128 
30 50 20
51 50 115 91 107 
31 77 8
60 130 123 100 106 
32 70 42
135 149 107 98 54 
33 58 42
98 76 51 69 90 
34 2 55
121 52 76 122 53 
35 44 66
62 69 75 72 101 
36 99 74
58 69 116 143 68 
37 24 94
72 82 136 73 109 
38 88 43
101 91 99 124 145 
39 76 100
100 68 114 112 139 
40 90 86
143 89 60 51 109 
41 77 47
79 101 141 102 134 
42 78 28
145 114 71 96 107 
43 71 22
55 147 70 105 65 
44 37 19
107 128 105 100 67 
45 18 52
126 95 99 56 146 
46 41 11
130 67 139 125 83 
47 11 75
93 83 97 98 80 
48 20 4
148 105 123 105 135 
49 81 6
53 99 58 81 144 
50 10 90
141 99 101 73 68 
51 93 52
53 53 127 96 138 
52 25 47
68 93 52 66 100 
53 76 24
86 58 130 141 59 
54 89 75
54 147 66 97 148 
55 68 23
118 62 123 122 65 
56 51 71
105 76 67 123 119 
57 72 43
122 148 67 58 56 
58 99 52
66 136 127 122 86 
59 94 20
136 63 91 105 75 
60 68 80
142 119 51 97 146 
61 19 21
67 139 64 91 138 
62 33 2
96 132 102 64 70 
63 31 87
106 125 107 145 138 
64 52 3
63 68 131 107 89 
65 83 5
137 103 127 107 144 
66 92 99
84 125 50 83 107 
67 5 48
80 84 136 136 112 
68 96 34
100 96 85 66 66 
69 69 74
106 53 128 145 58 
70 8 53
104 100 101 91 76 
71 4 75
85 57 123 115 144 
72 12 5
106 57 139 108 103 
73 78 75
72 147 50 128 102 
74 79 26
110 135 128 117 137 
75 82 9
115 134 84 51 93 
76 60 19
87 121 124 95 80 
77 17 5
85 143 128 107 140 
78 79 88
93 58 63 105 95 
79 92 23
83 74 132 148 110 
80 17 52
53 126 72 143 149 
81 49 39
79 114 92 114 107 
82 22 75
50 101 111 145 62 
83 75 51
107 67 75 92 143 
84 60 94
103 126 94 107 54 
85 19 51
105 117 138 86 81 
86 84 53
91 106 76 91 57 
87 89 37
69 64 88 79 82 
88 16 24
75 125 66 81 53 
89 14 41
109 81 140 64 148 
90 31 3
80 63 104 121 119 
91 82 65
79 71 102 50 85 
92 91 82
69 108 55 147 83 
93 22 81
138 84 70 97 116 
94 11 14
66 142 65 96 108 
95 70 70
129 52 83 110 73 
96 86 62
61 78 92 132 136 
97 48 32
121 71 61 109 57 
98 84 7
75 95 69 92 88 
99 35 41
98 105 60 77 108 
100 96 41
83 131 51 146 111 
101 96 32
97 145 64 68 66 
102 79 30
125 111 137 51 57 
103 59 44
147 94 133 95 149 
104 46 25
59 91 114 145 124 
105 66 44
85 63 124 84 58 
106 90 5
126 69 83 101 130 
107 21 53
137 128 97 134 72 
108 84 82
123 78 56 133 71 
109 71 31
145 138 123 132 103 
110 49 17
111 139 70 87 58 
111 6 41
90 127 95 78 105 
112 93 65
79 125 96 105 106 
113 5 39
79 76 70 127 116 
114 94 60
69 91 78 82 132 
115 1 70
92 56 112 133 133 
116 8 64
141 149 77 122 77 
117 26 28
85 79 67 114 58 
118 38 42
124 133 103 144 74 
119 82 27
109 131 98 51 89 
120 11 85
125 119 97 68 118 
121 28 43
97 102 120 84 84 
122 40 100
92 79 142 118 62 
123 46 63
138 128 91 149 62 
124 42 2
101 53 87 128 122 
125 38 97
142 114 89 90 118 
126 62 75
52 102 75 146 131 
127 19 66
95 65 129 136 144 
128 73 86
56 63 88 59 66 
129 77 89
138 63 134 83 79 
130 76 26
147 86 101 102 139 
131 78 49
72 97 115 70 64 
132 98 7
110 119 93 116 133 
133 83 29
101 60 118 142 125 
134 5 26
54 130 100 51 118 
135 2 6
107 80 56 82 79 
136 72 53
94 70 60 54 140 
137 54 24
75 137 101 126 147 
138 20 69
122 73 95 126 105 
139 96 31
74 99 137 83 129 
140 94 66
59 67 67 55 87 
141 28 10
77 131 82 54 118 
142 36 82
68 104 51 140 80 
143 48 20
87 144 51 111 145 
144 89 96
125 84 110 86 101 
145 31 42
90 107 52 70 140 
146 36 25
61 120 107 131 127 
147 60 24
109 108 144 146 54 
148 96 59
50 86 55 77 72 
149 18 16
123 97 58 63 107 
150 11 86
149 95 60 112 118 
151 68 44
95 128 117 54 138 
152 14 53
143 59 112 95 147 
153 68 73
69 135 89 94 134 
154 48 10
143 107 145 143 105 
155 58 56
73 126 101 118 105 
156 71 25
145 133 78 90 94 
157 92 86
143 60 59 62 97 
158 49 9
82 97 68 75 55 
159 66 71
110 72 128 133 148 
160 30 4
55 101 129 51 136 
161 8 94
81 100 129 74 111 
162 41 90
58 91 147 142 138 
163 68 19
143 82 90 55 56 
164 19 41
107 149 93 112 100 
165 75 16
87 84 111 70 134 
166 93 97
147 82 135 56 123 
167 36 99
64 104 118 109 89 
168 10 66
95 77 55 104 129 
169 2 70
131 125 86 120 111 
170 98 91
148 139 137 145 72 
171 25 2
97 61 102 63 116 
172 21 74
55 131 88 52 111 
173 96 10
90 146 128 71 74 
174 15 93
135 62 84 133 103 
175 74 32
125 100 134 125 111 
176 37 89
129 59 63 86 92 
177 52 40
53 97 98 93 145 
178 79 18
69 142 111 107 106 
179 96 93
60 71 73 87 121 
180 9 13
134 146 103 114 107 
181 67 1
50 120 141 53 119 
182 40 100
114 67 118 86 112 
183 30 94
68 126 87 78 99 
184 62 67
70 71 80 55 119 
185 36 70
77 104 119 129 74 
186 62 35
143 102 135 59 72 
187 54 46
134 84 140 104 113 
188 29 84
62 91 51 83 64 
189 84 91
85 69 109 112 123 
190 81 94
147 143 78 92 148 
191 14 4
122 69 99 58 103 
192 92 63
66 121 147 131 114 
193 99 15
128 132 106 116 103 
194 68 29
76 149 124 125 95 
195 3 70
93 117 122 65 136 
196 74 76
142 67 87 110 138 
197 36 42
103 135 57 133 69 
198 64 50
122 132 80 148 132 
199 57 26
77 108 144 120 127 
200 20 38
66 94 62 58 111 
201 2 21
100 86 64 105 124 
202 22 91
143 87 142 116 69 
203 75 17
103 80 144 130 90 
204 41 3
67 109 141 83 54 
205 56 94
115 107 64 117 95 
206 81 75
69 51 115 115 140 
207 10 32
112 133 149 117 115 
208 46 49
55 136 52 72 95 
209 95 9
51 99 51 69 56 
210 68 39
102 97 63 73 51 
211 31 89
93 89 121 107 124 
212 24 26
89 118 75 146 104 
213 28 19
102 71 128 103 121 
214 33 25
79 101 113 131 149 
215 29 58
102 108 95 97 99 
216 70 6
125 142 132 64 110 
217 8 11
65 84 130 117 106 
218 12 73
129 93 147 58 144 
219 13 43
95 90 149 99 100 
220 97 98
149 115 104 124 107 
221 37 41
68 145 52 83 79 
222 35 53
135 95 126 66 90 
223 26 26
85 87 117 82 79 
224 67 35
129 112 133 128 78 
225 90 5
135 127 94 105 122 
226 47 41
51 131 142 89 76 
227 22 56
117 96 130 104 86 
228 100 39
115 115 74 95 130 
229 8 24
110 146 78 147 123 
230 25 54
95 121 143 149 102 
231 39 91
80 109 95 99 107 
232 79 56
143 127 96 109 93 
233 71 5
125 80 129 85 76 
234 60 33
102 134 135 99 57 
235 32 1
61 71 140 91 130 
236 37 44
87 64 100 81 93 
237 97 43
88 117 96 63 147 
238 78 1
125 139 83 129 123 
239 71 82
130 103 131 93 124 
240 73 37
104 110 129 94 76 
241 31 28
119 128 71 110 147 
242 20 74
96 146 124 124 135 
243 60 54
60 131 136 92 85 
244 69 86
59 142 72 66 54 
245 54 13
132 85 141 53 64 
246 13 64
61 81 139 60 129 
247 16 85
67 124 139 77 57 
248 77 71
92 146 57 54 138 
249 30 73
94 85 134 76 120 
250 28 30
86 89 95 50 72 
251 35 11
51 99 144 68 125 
252 84 99
132 109 70 75 57 
253 28 82
145 59 103 141 94 
254 90 70
64 66 149 53 57 
255 97 4
79 80 63 132 81 
256 8 2
56 92 101 138 104 
257 72 66
111 148 148 59 57 
258 52 1
53 90 120 68 58 
259 22 74
65 67 126 94 149 
260 90 28
80 98 130 138 140 
261 32 29
94 52 96 108 50 
262 45 68
110 146 117 113 138 
263 90 34
147 112 56 62 81 
264 83 10
80 73 138 62 121 
265 21 53
64 101 131 60 55 
266 28 69
107 121 85 67 69 
267 56 34
110 146 116 59 109 
268 26 74
140 109 132 123 133 
269 23 86
56 92 88 70 143 
270 72 84
100 148 101 58 71 
271 40 78
143 96 60 55 92 
272 78 15
51 104 137 94 63 
273 23 18
146 94 104 105 137 
274 45 28
82 65 60 85 115 
275 15 44
89 103 70 134 101 
276 32 90
143 110 53 97 64 
277 43 44
129 114 110 126 111 
278 67 84
50 61 60 134 128 
279 22 20
94 85 112 85 90 
280 36 20
141 116 110 86 128 
281 16 36
94 107 128 73 124 
282 91 52
137 107 84 137 118 
283 98 72
148 68 141 144 55 
284 6 30
147 90 50 138 108 
285 61 77
86 77 114 82 87 
286 43 9
61 83 109 148 92 
287 47 38
112 93 58 110 63 
288 52 56
68 107 86 65 147 
289 38 56
106 99 133 94 127 
290 48 78
64 92 135 127 77 
291 97 28
119 144 114 81 139 
292 25 44
52 126 148 122 135 
293 88 40
84 74 96 140 75 
294 31 88
52 79 66 118 121 
295 54 46
148 51 122 69 146 
296 89 3
135 63 96 90 91 
297 97 13
76 133 102 110 109 
298 99 4
135 130 140 89 112 
299 59 9
83 113 55 134 114 
300 31 56
62 68 108 148 133 
301 57 39
74 54 100 100 138 
302 55 12
149 55 116 134 135 
303 9 77
97 116 134 83 79 
304 42 70
95 121 74 108 140 
305 35 57
123 92 96 100 97 
306 49 1
137 105 113 136 110 
307 30 24
95 87 149 95 105 
308 36 31
86 126 149 132 98 
309 76 41
140 112 98 65 54 
310 47 66
101 144 116 88 99 
311 82 78
59 61 50 57 50 
312 100 5
106 84 84 142 60 
313 86 27
60 110 116 50 124 
314 67 17
129 62 83 80 109 
315 100 22
58 83 148 120 146 
316 99 30
146 99 83 54 85 
317 20 50
95 54 125 58 66 
318 95 61
141 110 126 120 75 
319 63 53
134 111 75 94 96 
320 24 15
92 123 145 141 72 
321 81 96
107 149 146 105 105 
322 73 64
74 68 73 65 80 
323 53 38
105 64 91 89 77 
324 68 85
76 92 100 118 66 
325 99 60
140 128 57 98 80 
326 4 56
87 77 120 111 95 
327 46 77
78 147 115 133 113 
328 60 76
93 76 61 119 70 
329 62 90
86 61 99 77 140 
330 57 28
122 61 132 59 89 
331 53 72
86 147 149 114 97 
332 18 1
112 126 125 55 104 
333 87 27
124 149 66 61 113 
334 18 91
55 123 67 127 86 
335 100 87
77 53 59 114 102 
336 62 81
149 128 82 64 104 
337 60 72
58 147 148 132 99 
338 67 46
62 133 85 67 58 
339 5 95
94 105 82 122 108 
340 95 89
61 105 70 112 83 
341 54 77
89 114 98 149 112 
342 99 34
61 114 129 73 97 
343 67 93
57 121 88 101 128 
344 23 76
87 66 65 50 121 
345 37 63
106 91 141 97 55 
346 92 47
69 139 130 80 55 
347 12 6
54 127 147 61 50 
348 36 15
129 108 140 118 76 
349 6 69
100 143 132 56 84 
350 26 55
142 118 50 61 107 
351 33 95
64 93 149 68 71 
352 50 82
123 134 146 54 144 
353 87 73
71 93 142 121 87 
354 28 30
73 102 85 65 71 
355 89 80
80 70 123 147 114 
356 25 16
87 123 147 112 60 
357 94 68
54 81 141 127 124 
358 85 49
61 61 80 137 65 
359 66 55
138 103 83 121 124 
360 59 69
140 133 85 77 106 
361 85 42
116 127 58 73 110 
362 1 1
85 86 51 148 149 
363 32 86
64 146 142 53 52 
364 26 75
78 86 144 68 69 
365 30 98
77 64 88 96 93 
366 100 70
54 101 71 141 137 
367 23 42
136 55 129 102 104 
368 72 8
106 98 83 134 134 
369 28 55
53 107 53 133 121 
370 42 30
116 142 100 120 93 
371 72 14
80 96 105 118 101 
372 87 22
107 107 130 63 55 
373 15 50
140 91 105 95 100 
374 59 81
123 102 59 90 94 
375 12 63
138 85 126 120 131 
376 84 40
134 119 62 92 128 
377 93 8
85 108 59 127 102 
378 65 76
52 73 105 126 125 
379 18 69
121 78 80 109 65 
380 59 31
98 143 71 83 64 
381 86 28
142 79 136 130 138 
382 96 58
90 62 134 144 137 
383 41 23
64 107 140 135 87 
384 74 46
103 133 77 51 127 
385 1 87
93 87 115 138 116 
386 53 69
56 149 127 96 61 
387 63 42
148 104 113 62 61 
388 7 51
50 81 97 55 64 
389 27 8
93 76 95 137 65 
390 12 76
131 65 145 138 64 
391 25 87
76 136 77 126 142 
392 44 42
53 51 141 106 82 
393 39 62
96 66 70 140 144 
394 67 30
59 127 106 140 142 
395 52 31
108 125 67 134 64 
396 97 14
56 141 104 112 142 
397 98 71
74 137 81 73 53 
398 53 66
147 120 144 108 149 
399 3 49
93 55 81 51 82 
400 1 39
96 146 101 55 90 
401 58 20
82 56 139 59 143 
402 73 85
98 126 99 147 96 
403 96 56
95 147 105 138 52 
404 87 91
136 136 78 83 85 
405 32 91
77 138 111 109 144 
406 51 21
89 72 54 89 101 
407 6 37
147 50 141 93 99 
408 99 84
53 87 123 140 73 
409 54 76
60 134 67 87 74 
410 79 50
120 130 71 59 104 
411 79 49
55 133 86 53 86 
412 80 99
87 128 131 91 65 
413 8 84
140 110 60 103 147 
414 28 91
71 107 141 142 87 
415 14 54
141 141 104 147 76 
416 91 53
112 120 100 50 98 
417 32 94
65 88 78 55 101 
418 39 59
98 67 51 71 76 
419 93 66
113 107 69 104 50 
420 74 4
77 65 105 91 135 
421 6 94
135 139 136 50 77 
422 67 7
128 54 66 128 123 
423 18 1
149 112 115 64 69 
424 37 22
122 111 74 149 127 
425 33 93
64 87 136 50 128 
426 25 1
56 141 108 86 97 
427 28 68
71 94 117 122 108 
428 85 88
80 123 58 52 84 
429 85 54
113 66 95 80 56 
430 32 31
134 106 132 92 149 
431 94 32
96 70 148 117 66 
432 66 93
125 51 129 107 124 
433 40 60
111 73 62 126 142 
434 10 7
148 143 86 84 99 
435 72 78
50 114 58 96 86 
436 7 67
102 73 108 129 74 
437 90 37
101 130 97 62 53 
438 12 89
97 71 97 147 64 
439 36 33
65 56 111 65 72 
440 70 62
60 77 129 65 52 
441 38 95
76 128 133 79 108 
442 31 42
64 92 132 111 65 
443 82 60
79 66 93 146 125 
444 5 64
147 75 74 58 102 
445 5 76
104 143 119 82 74 
446 5 63
132 137 105 98 131 
447 90 63
146 120 123 127 89 
448 17 74
64 122 86 61 147 
449 13 72
99 118 96 105 64 
450 69 40
88 74 51 122 61 
451 10 22
142 148 85 90 71 
452 9 18
110 126 140 124 98 
453 79 38
95 141 111 96 61 
454 60 2
75 129 142 113 54 
455 95 89
117 53 111 110 103 
456 97 53
76 54 120 136 82 
457 13 61
130 141 100 127 84 
458 12 24
95 120 126 121 100 
459 69 87
56 64 124 123 119 
460 36 86
73 81 88 99 137 
461 61 89
121 122 50 101 113 
462 51 81
147 63 53 93 134 
463 32 67
136 102 102 94 116 
464 80 18
86 116 105 61 100 
465 46 13
87 55 102 111 127 
466 54 65
91 105 95 140 119 
467 1 86
103 82 53 141 86 
468 9 36
52 137 54 140 103 
469 60 54
53 54 68 143 59 
470 71 55
89 125 120 82 81 
471 16 23
50 66 110 55 50 
472 64 97
86 121 133 140 108 
473 88 34
114 97 88 69 53 
474 9 65
115 81 68 54 56 
475 42 37
87 106 60 139 74 
476 23 95
126 136 140 62 107 
477 74 56
118 111 90 134 110 
478 31 4
65 89 118 130 120 
479 39 37
78 129 74 68 138 
480 88 8
62 59 52 139 145 
481 93 54
55 68 110 75 81 
482 53 10
93 133 114 108 124 
483 85 92
146 125 77 74 56 
484 5 43
144 141 100 109 50 
485 5 49
98 98 103 55 116 
486 67 83
99 68 93 142 103 
487 8 4
77 94 144 125 69 
488 74 1
75 127 144 122 70 
489 97 32
123 50 81 123 99 
490 37 79
117 52 110 67 123 
491 4 62
76 112 66 104 108 
492 11 82
127 86 83 105 115 
493 29 80
88 126 112 61 127 
494 94 85
128 131 64 95 134 
495 27 15
107 79 78 85 93 
496 45 90
52 57 73 81 145 
497 57 39
110 134 67 148 63 
498 80 62
92 74 95 70 56 
499 12 18
92 87 134 149 68 

