500 5 34804
0 4 7
102 90 118 110 111 
1 3 10
96 87 102 115 84 
2 4 7
115 101 97 111 86 
3 9 8
104 107 105 87 98 
4 8 6
104 77 97 83 94 
5 8 4
81 86 117 104 98 
6 2 10
109 112 123 99 90 
7 1 4
101 116 105 81 98 
8 3 1
121 106 80 100 109 
9 8 7
80 121 104 88 82 
10 5 6
107 120 89 92 109 
11 5 4
75 112 83 101 103 
12 9 5
78 76 79 124 107 
13 1 7
93 114 87 101 111 
14 5 10
120 95 109 103 92 
15 2 8
77 92 117 77 81 
16 2 1
111 116 90 114 119 
17 10 1
104 106 92 122 96 
18 2 6
84 102 92 81 122 
19 4 7
90 81 108 94 99 
20 9 2
107 104 78 94 95 
21 9 9
90 115 124 121 98 
22 9 6
121 76 96 80 104 
23 9 5
103 116 75 118 75 
24 5 5
99 89 112 81 118 
25 2 8
90 84 111 107 76 
26 8 9
100 82 99 96 83 
27 6 10
112 110 118 93 103 
28 4 2
103 104 101 79 118 
29 4 4
113 81 115 79 93 
30 9 9
94 92 92 121 99 
31 4 1
108 115 124 97 100 
32 5 1
80 114 79 111 94 
33 3 3
89 122 82 80 79 
34 9 2
97 103 124 118 121 
35 9 1
97 86 85 80 76 
36 2 1
103 80 95 111 119 
37 7 3
90 83 91 107 83 
38 5 8
87 99 75 111 77 
39 10 10
75 93 96 98 106 
40 2 1
108 119 85 88 124 
41 2 10
121 84 98 88 93 
42 1 6
101 91 109 115 115 
43 5 7
117 111 82 120 81 
44 10 9
112 87 123 97 84 
45 10 7
85 117 112 81 76 
46 4 3
96 80 94 124 96 
47 5 10
86 115 92 80 103 
48 8 1
109 83 95 99 97 
49 10 7
106 105 109 117 97 
50 3 1
100 110 97 124 115 
51 3 9
88 123 115 99 115 
52 10 2
94 111 107 80 119 
53 5 10
94 98 101 75 80 
54 1 3
104 109 118 80 96 
55 8 5
88 86 79 101 84 
56 5 3
77 81 109 96 117 
57 9 9
114 97 83 83 123 
58 7 9
78 123 78 108 108 
59 9 1
79 92 121 93 104 
60 1 7
113 122 124 115 78 
61 4 4
122 78 117 111 100 
62 3 7
100 113 82 104 111 
63 1 5
96 85 79 103 102 
64 1 9
81 77 119 122 124 
65 4 10
77 103 78 75 106 
66 8 9
84 76 110 109 114 
67 3 6
102 79 104 124 89 
68 6 10
118 110 102 75 113 
69 2 10
114 92 113 117 120 
70 4 5
104 115 107 115 116 
71 10 7
107 86 117 85 92 
72 4 2
106 84 115 100 121 
73 8 8
109 115 101 99 82 
74 5 9
80 83 87 111 75 
75 7 7
119 91 77 103 104 
76 7 1
122 95 76 105 106 
77 4 8
102 87 111 89 80 
78 3 1
87 104 85 94 114 
79 5 6
116 95 108 112 113 
80 9 7
95 109 81 92 81 
81 1 10
112 80 84 92 93 
82 6 4
98 83 98 112 114 
83 4 8
103 82 89 96 104 
84 1 10
93 113 100 113 99 
85 4 8
106 118 83 95 124 
86 8 10
94 88 97 119 98 
87 8 2
87 107 115 117 116 
88 8 6
96 82 99 116 122 
89 2 2
96 112 115 79 105 
90 9 6
106 91 91 77 106 
91 10 7
79 113 105 93 96 
92 1 3
87 104 102 110 111 
93 5 7
108 82 84 82 119 
94 10 2
102 75 111 85 93 
95 6 4
124 119 86 80 109 
96 2 6
80 89 114 93 118 
97 9 6
107 97 107 92 105 
98 4 5
101 118 111 78 118 
99 5 5
88 104 102 87 100 
100 9 10
85 107 119 92 121 
101 6 8
116 78 118 98 103 
102 6 2
85 93 92 111 88 
103 6 1
83 105 79 96 86 
104 4 6
114 98 79 76 80 
105 1 9
78 110 81 120 114 
106 10 1
92 101 88 102 121 
107 2 6
85 111 80 95 93 
108 2 3
107 121 104 96 95 
109 5 3
102 109 115 108 97 
110 9 1
88 122 75 105 98 
111 5 10
97 122 99 107 110 
112 3 5
79 118 123 111 115 
113 9 10
87 87 108 116 123 
114 4 5
97 97 79 110 96 
115 8 6
122 96 101 94 93 
116 2 4
78 108 82 84 103 
117 7 8
95 109 83 109 123 
118 2 7
123 90 77 96 114 
119 10 7
85 91 99 84 114 
120 1 9
84 78 106 89 113 
121 10 7
92 122 98 112 106 
122 3 3
106 100 75 104 115 
123 5 1
106 88 82 119 106 
124 2 4
95 108 107 106 112 
125 6 7
100 79 97 117 76 
126 8 3
109 106 81 90 82 
127 9 6
124 87 122 108 101 
128 5 8
84 112 107 107 96 
129 7 4
85 107 86 110 111 
130 6 1
115 108 89 101 91 
131 1 3
100 103 114 100 115 
132 7 1
93 118 112 103 107 
133 2 1
80 113 100 90 95 
134 8 4
83 97 108 75 82 
135 8 8
101 94 96 76 124 
136 1 9
114 123 113 85 118 
137 8 1
101 124 77 106 112 
138 8 10
82 91 77 92 116 
139 6 9
123 109 120 101 80 
140 7 9
79 103 83 118 103 
141 8 6
97 99 120 75 100 
142 8 4
87 102 107 96 118 
143 5 10
109 96 84 110 82 
144 5 2
87 97 116 91 77 
145 1 3
107 124 92 79 98 
146 6 7
76 89 115 88 116 
147 3 8
112 84 103 96 105 
148 8 7
115 116 95 77 90 
149 2 10
92 86 108 76 87 
150 1 7
113 92 89 114 107 
151 5 5
100 104 116 87 113 
152 10 7
95 81 119 85 124 
153 5 6
89 101 111 108 114 
154 10 6
77 96 118 115 114 
155 10 2
98 89 110 123 120 
156 8 4
108 123 124 80 80 
157 4 9
81 85 108 98 111 
158 2 9
102 115 120 106 86 
159 1 4
75 75 79 100 89 
160 3 5
84 94 114 119 94 
161 9 2
101 108 94 108 118 
162 5 7
106 100 91 86 92 
163 3 3
104 77 93 106 77 
164 5 8
93 91 108 102 112 
165 3 4
82 87 100 108 122 
166 7 9
116 78 101 99 105 
167 4 6
123 80 105 104 84 
168 9 1
87 99 94 105 116 
169 3 1
105 101 108 114 115 
170 9 4
113 82 118 106 85 
171 1 6
115 88 116 113 95 
172 2 8
104 96 105 118 120 
173 10 5
113 79 111 94 107 
174 10 1
98 105 108 88 112 
175 10 5
124 124 76 114 89 
176 3 1
111 90 124 90 111 
177 2 2
109 108 112 97 112 
178 4 4
94 117 79 119 99 
179 10 10
88 93 78 87 94 
180 6 5
108 124 109 94 90 
181 6 8
78 94 75 112 77 
182 8 3
114 85 80 85 79 
183 2 8
104 78 91 117 96 
184 3 6
118 104 86 103 103 
185 8 1
120 107 112 124 76 
186 10 7
78 101 123 119 111 
187 7 8
117 92 89 96 95 
188 1 7
119 79 98 112 108 
189 5 8
87 106 92 84 90 
190 7 9
94 120 120 97 96 
191 6 10
84 76 101 77 96 
192 1 6
118 97 116 114 102 
193 7 9
87 75 121 99 108 
194 4 7
124 95 119 93 90 
195 2 3
114 112 88 123 115 
196 10 3
88 106 103 82 79 
197 2 7
108 113 100 120 115 
198 2 3
101 109 83 100 81 
199 3 6
97 121 114 86 108 
200 4 2
100 117 91 114 99 
201 5 7
105 92 119 88 82 
202 10 1
75 117 107 101 104 
203 1 4
110 120 123 82 116 
204 8 1
101 115 109 76 108 
205 1 3
84 121 115 114 88 
206 6 5
98 81 89 98 76 
207 10 2
105 114 79 90 111 
208 3 6
104 116 122 82 109 
209 2 2
94 106 78 103 102 
210 5 10
118 106 98 93 112 
211 10 4
113 113 119 95 105 
212 9 7
93 77 88 123 120 
213 1 6
104 117 91 123 100 
214 3 9
78 91 122 123 122 
215 3 7
111 87 84 102 75 
216 4 8
107 78 110 76 82 
217 9 10
79 86 81 109 78 
218 6 5
103 122 88 108 90 
219 1 2
89 110 122 75 122 
220 9 10
124 88 104 109 91 
221 5 6
100 90 111 105 101 
222 3 7
104 94 77 84 91 
223 6 6
108 103 101 122 88 
224 7 1
87 111 104 88 75 
225 9 8
91 100 107 119 115 
226 1 7
93 90 119 124 109 
227 7 9
78 87 78 111 117 
228 3 5
82 85 109 94 121 
229 6 5
121 99 107 90 76 
230 7 2
118 112 112 86 77 
231 2 1
113 104 95 116 118 
232 5 9
110 83 87 117 95 
233 7 4
91 86 75 90 112 
234 5 3
115 75 118 108 114 
235 1 5
118 88 79 107 119 
236 6 4
113 76 76 98 86 
237 6 9
106 88 108 124 102 
238 6 5
89 94 121 82 97 
239 2 1
86 98 112 82 111 
240 4 10
106 95 89 96 96 
241 9 7
109 108 89 92 122 
242 1 8
99 110 108 115 82 
243 3 10
104 98 115 117 122 
244 10 10
110 97 115 93 118 
245 6 10
91 100 111 78 85 
246 3 1
82 79 112 108 115 
247 2 7
122 80 102 103 103 
248 10 1
102 123 95 88 96 
249 1 4
91 92 98 107 117 
250 2 6
78 88 83 87 93 
251 6 9
85 93 101 84 98 
252 4 8
79 98 82 106 98 
253 10 7
119 117 105 87 84 
254 6 8
79 91 109 84 106 
255 3 4
76 113 96 88 83 
256 10 3
109 80 86 115 105 
257 2 4
78 75 95 75 117 
258 3 3
79 82 84 83 100 
259 5 8
83 111 115 85 101 
260 5 4
112 90 123 96 95 
261 10 4
75 107 111 79 108 
262 9 7
102 85 93 106 94 
263 9 2
121 99 83 80 85 
264 2 6
114 92 115 101 107 
265 9 10
80 75 87 82 107 
266 9 2
92 82 94 122 94 
267 9 9
114 93 95 110 117 
268 1 3
79 108 82 118 75 
269 1 2
110 113 95 115 115 
270 5 8
100 108 86 119 117 
271 1 2
88 95 95 79 113 
272 3 3
105 97 109 110 83 
273 5 1
83 119 77 120 109 
274 3 8
100 82 110 77 117 
275 9 7
111 105 115 124 76 
276 3 7
114 79 123 97 103 
277 3 8
113 101 112 122 95 
278 10 5
80 89 107 107 98 
279 10 7
90 92 109 78 124 
280 5 5
75 111 85 117 117 
281 9 5
98 116 96 86 94 
282 1 1
115 77 80 122 91 
283 10 2
114 83 92 81 100 
284 2 2
99 103 90 102 91 
285 7 10
86 109 108 111 102 
286 7 10
122 91 85 114 95 
287 8 7
111 83 92 102 91 
288 7 6
118 112 121 94 92 
289 3 7
109 115 92 120 99 
290 1 2
77 83 105 76 100 
291 3 1
122 86 101 109 94 
292 6 4
110 106 76 105 95 
293 8 1
113 86 121 99 76 
294 5 10
103 91 77 107 100 
295 3 4
77 102 98 124 115 
296 2 6
85 121 124 122 104 
297 3 9
124 124 103 114 88 
298 7 4
91 115 109 119 84 
299 7 7
109 96 84 113 75 
300 5 10
115 110 100 75 106 
301 7 1
87 103 103 89 104 
302 9 4
119 109 94 86 102 
303 6 8
111 117 109 97 90 
304 6 1
90 107 124 82 92 
305 7 9
76 77 85 88 107 
306 9 8
89 121 108 83 105 
307 5 10
82 84 102 120 76 
308 4 8
93 85 104 110 117 
309 2 4
87 82 78 88 87 
310 4 9
121 76 81 85 124 
311 2 10
106 120 115 114 79 
312 10 7
83 107 79 101 120 
313 4 5
112 89 82 76 99 
314 1 5
113 98 118 109 101 
315 2 6
100 119 91 81 114 
316 7 8
120 101 109 78 85 
317 1 3
80 98 123 120 115 
318 6 7
91 92 88 79 115 
319 9 1
93 86 110 118 80 
320 2 2
119 85 76 116 113 
321 6 8
123 100 106 81 75 
322 10 2
117 109 124 85 76 
323 5 5
118 97 80 86 108 
324 3 7
115 121 84 111 83 
325 1 9
121 122 100 119 99 
326 7 1
100 110 78 94 96 
327 6 1
99 94 121 92 119 
328 4 1
104 121 111 95 119 
329 6 9
77 83 111 123 80 
330 4 5
105 96 122 82 83 
331 1 9
104 82 83 78 104 
332 8 3
100 85 77 79 83 
333 1 7
77 111 110 81 121 
334 4 5
76 112 76 108 85 
335 9 3
94 75 96 75 83 
336 2 7
112 113 103 87 76 
337 4 9
84 98 120 89 86 
338 3 3
82 82 104 86 119 
339 1 5
82 103 112 101 103 
340 1 9
111 116 109 100 107 
341 6 10
108 123 83 119 98 
342 6 1
110 114 108 119 121 
343 3 6
118 117 75 75 95 
344 10 9
75 124 81 112 117 
345 2 5
99 83 79 84 83 
346 5 5
106 94 91 93 85 
347 10 4
81 88 93 124 80 
348 1 2
102 86 104 103 87 
349 7 8
80 104 108 104 114 
350 8 10
122 78 120 105 99 
351 2 10
109 86 89 118 101 
352 5 3
107 82 121 86 93 
353 6 2
106 88 85 111 119 
354 5 8
110 108 83 107 112 
355 4 6
88 92 89 123 105 
356 1 2
81 89 110 113 98 
357 2 3
117 84 120 100 99 
358 7 4
96 77 105 81 110 
359 2 10
99 119 81 113 86 
360 1 9
116 77 104 123 93 
361 7 9
117 75 117 109 84 
362 9 2
110 121 99 81 123 
363 7 4
110 122 79 87 119 
364 1 3
82 107 115 76 111 
365 2 10
79 114 114 121 114 
366 5 3
75 97 118 111 93 
367 10 3
93 101 82 78 100 
368 4 6
94 100 94 102 84 
369 10 1
120 107 106 75 97 
370 1 7
88 81 104 89 103 
371 5 1
123 119 119 93 97 
372 5 3
122 92 114 94 118 
373 10 9
79 95 103 75 80 
374 10 1
104 106 123 117 113 
375 8 7
93 79 83 94 123 
376 4 8
95 82 86 94 101 
377 4 1
96 89 113 101 111 
378 7 7
116 102 103 97 84 
379 7 6
124 79 98 92 83 
380 3 9
83 112 101 105 119 
381 10 2
97 117 117 119 81 
382 1 3
118 124 123 111 103 
383 7 10
112 77 101 113 83 
384 10 9
93 106 121 103 95 
385 5 9
89 89 87 114 81 
386 5 6
90 109 82 85 110 
387 8 7
89 108 80 78 112 
388 4 3
123 108 75 93 91 
389 7 10
112 96 84 78 112 
390 2 3
118 100 102 85 87 
391 7 1
122 118 92 86 103 
392 5 8
91 83 84 91 118 
393 10 7
84 82 110 121 105 
394 6 3
92 91 121 88 117 
395 5 4
81 85 119 78 81 
396 4 8
109 114 109 77 124 
397 4 9
117 79 80 79 88 
398 3 3
119 112 79 86 81 
399 2 7
123 102 75 79 114 
400 7 10
120 86 101 105 77 
401 3 3
77 82 78 121 86 
402 1 1
102 77 78 96 115 
403 8 5
123 85 86 123 112 
404 4 5
102 86 88 99 99 
405 3 5
101 79 114 103 89 
406 3 6
102 77 102 79 79 
407 1 6
121 115 85 119 75 
408 4 3
115 113 121 94 124 
409 3 4
100 79 123 76 85 
410 8 3
99 104 84 77 108 
411 7 7
112 92 109 111 84 
412 7 1
84 94 100 76 82 
413 4 1
83 110 89 108 114 
414 5 7
77 78 93 101 107 
415 8 1
92 91 112 79 108 
416 2 3
119 92 100 80 113 
417 1 8
122 98 102 82 84 
418 4 3
75 82 103 77 85 
419 8 2
119 101 86 86 117 
420 9 9
102 96 85 96 115 
421 8 10
105 112 111 104 88 
422 4 7
99 84 103 99 91 
423 10 10
102 83 85 96 109 
424 4 6
104 99 78 83 120 
425 6 3
113 78 86 93 117 
426 8 1
80 87 111 106 96 
427 8 9
113 101 112 92 109 
428 10 1
95 97 102 76 121 
429 3 1
119 123 117 107 78 
430 4 3
122 77 79 80 89 
431 2 7
113 85 119 103 113 
432 4 6
97 109 112 119 82 
433 6 7
80 122 81 124 122 
434 1 4
77 78 113 75 80 
435 3 6
96 110 116 86 120 
436 9 10
108 98 111 82 83 
437 7 3
90 116 75 95 115 
438 9 3
113 83 82 115 86 
439 6 1
93 115 122 116 100 
440 2 4
98 104 119 83 77 
441 4 7
85 84 95 102 75 
442 3 1
115 105 99 105 113 
443 2 2
124 104 88 94 94 
444 2 3
121 79 92 94 108 
445 3 9
112 120 121 75 79 
446 7 10
81 113 104 121 93 
447 6 10
83 112 75 82 93 
448 6 9
112 103 115 110 107 
449 9 6
92 97 110 82 94 
450 2 8
98 124 111 104 114 
451 9 8
82 98 81 90 87 
452 9 5
105 101 79 94 81 
453 7 6
114 81 87 83 103 
454 8 6
122 105 97 97 104 
455 2 4
93 106 108 102 81 
456 2 5
94 77 95 76 103 
457 7 4
109 97 105 100 104 
458 5 5
84 116 124 84 98 
459 5 2
77 110 112 97 91 
460 1 2
99 86 120 118 90 
461 8 8
118 118 97 105 92 
462 5 8
121 123 116 83 114 
463 4 8
87 92 75 91 79 
464 8 1
97 84 116 121 98 
465 9 3
113 80 114 107 75 
466 4 5
92 92 96 91 90 
467 6 5
81 83 116 95 100 
468 2 9
104 106 103 76 115 
469 10 8
88 84 116 77 91 
470 3 7
91 120 75 110 89 
471 4 2
104 113 102 112 121 
472 9 8
98 87 120 79 118 
473 6 8
110 121 80 124 80 
474 9 4
98 106 114 114 101 
475 2 8
116 89 105 97 80 
476 9 1
76 101 94 102 115 
477 6 2
108 117 114 94 114 
478 7 1
121 119 98 95 100 
479 5 2
79 80 113 120 96 
480 10 10
101 102 104 105 80 
481 10 8
121 91 113 106 83 
482 10 3
124 100 99 121 97 
483 8 7
122 86 102 76 93 
484 7 9
115 112 93 91 91 
485 10 7
96 123 80 94 91 
486 7 2
102 100 80 101 78 
487 1 3
100 104 113 97 118 
488 9 7
86 111 101 76 98 
489 5 1
114 121 93 87 121 
490 5 3
88 95 110 115 122 
491 3 9
75 97 118 100 79 
492 4 1
122 76 103 83 112 
493 5 3
87 76 107 76 122 
494 3 7
118 101 75 83 123 
495 8 1
123 104 94 123 79 
496 3 7
83 122 103 80 124 
497 9 4
111 89 102 76 90 
498 10 5
89 87 95 85 115 
499 1 9
116 82 96 114 114 

