50 5 2481
0 7 6
98 90 95 90 102 
1 7 2
94 108 94 103 109 
2 3 2
94 105 91 105 105 
3 3 9
108 103 97 95 107 
4 9 9
104 104 106 104 96 
5 2 6
108 100 98 104 98 
6 3 8
98 97 91 102 92 
7 3 10
99 94 107 98 107 
8 7 6
96 94 105 91 101 
9 2 8
107 103 92 98 93 
10 1 3
93 105 100 101 92 
11 2 6
106 103 96 96 107 
12 5 7
96 90 101 103 107 
13 7 7
98 108 103 95 93 
14 7 6
96 108 98 99 103 
15 9 4
97 91 90 106 104 
16 8 3
93 93 90 91 93 
17 2 5
102 99 102 90 97 
18 7 9
100 104 93 98 94 
19 2 1
108 91 105 95 92 
20 8 4
98 104 105 93 99 
21 6 6
103 108 101 107 98 
22 5 9
97 92 98 100 98 
23 2 1
102 105 102 100 98 
24 8 9
93 97 91 93 103 
25 10 8
93 106 94 98 97 
26 6 6
105 101 93 104 103 
27 2 5
103 105 97 96 100 
28 10 9
100 109 98 103 96 
29 3 8
109 101 106 92 109 
30 1 1
96 105 106 103 109 
31 2 1
94 93 94 108 100 
32 2 5
102 93 94 92 92 
33 4 9
98 105 95 97 108 
34 2 3
99 91 102 98 98 
35 1 2
97 102 91 102 97 
36 9 1
107 91 96 99 94 
37 1 4
108 105 101 96 92 
38 9 7
90 99 98 92 92 
39 3 1
101 103 93 100 107 
40 8 5
94 97 94 103 98 
41 3 5
95 95 107 93 90 
42 2 3
93 99 90 105 101 
43 1 8
103 102 109 106 107 
44 4 10
104 102 103 100 109 
45 1 6
109 102 99 94 107 
46 10 1
100 90 104 95 91 
47 5 3
102 104 92 108 108 
48 2 5
106 106 95 92 98 
49 10 6
97 99 90 109 91 

