500 5 9997
0 2 4
102 99 101 100 98 
1 4 9
98 102 102 102 102 
2 4 5
100 99 99 102 100 
3 5 9
102 101 101 100 100 
4 1 1
98 101 102 99 102 
5 10 5
102 101 100 99 102 
6 7 6
102 99 100 101 100 
7 4 8
102 100 100 99 100 
8 7 6
102 99 99 100 99 
9 3 4
99 99 102 100 99 
10 2 10
99 98 99 100 101 
11 9 1
99 101 102 100 100 
12 8 1
98 98 99 99 101 
13 5 1
102 101 99 100 102 
14 6 6
99 102 99 102 99 
15 3 7
102 101 101 100 99 
16 8 3
99 99 102 99 99 
17 1 10
102 99 98 99 102 
18 7 9
102 101 98 100 100 
19 4 7
98 101 102 98 99 
20 3 5
102 102 99 98 99 
21 2 7
102 101 101 99 98 
22 9 8
102 99 100 98 102 
23 6 5
102 101 100 102 99 
24 7 2
102 101 99 102 101 
25 3 10
99 98 101 98 102 
26 7 4
99 99 100 98 100 
27 1 9
101 100 102 102 98 
28 8 10
100 101 98 99 100 
29 9 3
100 99 102 98 101 
30 5 8
100 98 99 101 101 
31 4 7
100 98 99 98 100 
32 1 6
98 100 99 102 99 
33 9 6
98 100 98 102 98 
34 5 10
101 101 101 101 98 
35 2 7
101 98 102 100 100 
36 1 8
100 99 102 100 101 
37 1 2
99 99 101 101 101 
38 9 8
101 102 101 101 100 
39 8 7
102 101 101 102 98 
40 10 7
101 98 99 98 99 
41 1 5
99 101 98 98 102 
42 4 4
100 102 99 100 101 
43 10 3
101 99 102 100 100 
44 5 3
100 101 101 100 101 
45 7 10
99 100 101 98 98 
46 9 6
99 102 101 98 101 
47 10 5
101 99 99 99 102 
48 6 10
99 99 101 99 98 
49 4 6
98 98 98 102 102 
50 9 10
99 102 102 100 98 
51 5 10
101 99 101 101 100 
52 10 6
101 100 99 98 101 
53 2 9
98 102 101 99 99 
54 9 6
98 102 99 99 98 
55 1 4
98 102 100 98 100 
56 8 4
102 100 98 101 99 
57 9 6
102 102 98 100 102 
58 9 9
98 102 98 99 98 
59 2 5
100 101 98 102 102 
60 3 2
100 100 102 101 99 
61 8 2
100 98 101 101 98 
62 6 6
99 99 101 99 100 
63 1 10
100 99 102 99 102 
64 5 1
102 101 99 101 98 
65 8 2
101 102 101 98 100 
66 4 5
102 102 99 98 100 
67 8 4
102 100 101 99 99 
68 10 5
98 98 102 99 101 
69 6 10
99 102 99 99 99 
70 7 3
101 99 101 100 100 
71 10 5
102 99 100 101 99 
72 1 7
100 99 98 102 99 
73 5 7
100 99 100 98 101 
74 1 2
102 99 98 102 98 
75 4 9
100 98 100 100 99 
76 10 8
102 100 102 99 101 
77 5 2
100 99 102 99 102 
78 9 7
100 102 102 101 100 
79 6 8
100 101 98 98 98 
80 10 5
100 102 101 101 101 
81 8 6
101 102 101 98 100 
82 10 7
99 100 102 99 101 
83 5 10
99 99 100 101 99 
84 5 6
100 102 99 99 98 
85 6 5
101 100 99 101 101 
86 2 10
98 98 100 102 98 
87 5 6
101 98 102 99 99 
88 4 3
102 98 100 99 102 
89 2 8
99 99 102 99 98 
90 6 10
102 100 98 99 102 
91 1 6
99 102 98 100 99 
92 8 9
102 98 98 101 98 
93 1 6
99 99 102 100 100 
94 9 1
102 99 98 101 98 
95 3 8
102 100 100 101 101 
96 6 1
99 100 101 98 100 
97 10 10
98 102 99 99 98 
98 1 2
102 102 99 101 98 
99 4 10
98 99 99 99 98 
100 1 5
102 98 102 98 100 
101 6 4
100 99 100 100 98 
102 9 1
100 98 101 101 102 
103 8 9
99 98 100 101 101 
104 6 8
102 101 101 98 101 
105 9 8
101 98 98 98 99 
106 5 5
101 102 99 100 98 
107 1 6
99 100 101 101 102 
108 4 4
101 98 100 102 101 
109 7 10
102 99 101 102 99 
110 2 5
100 100 98 100 100 
111 7 10
100 99 102 101 98 
112 10 9
98 102 102 101 100 
113 7 5
100 100 98 99 98 
114 4 3
99 99 99 98 102 
115 9 8
101 98 99 98 101 
116 3 1
102 102 99 99 98 
117 8 2
100 101 98 98 101 
118 1 9
101 98 99 100 102 
119 10 8
101 98 100 99 98 
120 4 4
98 101 98 99 100 
121 9 8
102 98 101 100 99 
122 6 10
102 98 102 102 101 
123 3 4
100 102 99 100 102 
124 9 6
102 101 98 99 99 
125 6 4
98 99 98 98 99 
126 2 5
100 99 98 101 102 
127 5 6
102 100 101 99 101 
128 2 6
100 99 100 101 100 
129 3 10
98 102 100 99 98 
130 6 9
100 99 100 99 102 
131 8 6
101 101 100 100 100 
132 1 6
98 102 100 100 98 
133 5 3
100 99 100 101 101 
134 5 2
101 99 99 100 100 
135 6 7
100 102 101 100 100 
136 6 1
98 100 100 100 99 
137 1 3
100 102 102 99 101 
138 7 7
99 101 100 99 102 
139 9 2
102 101 100 101 102 
140 1 1
100 98 100 102 100 
141 1 9
99 98 98 101 102 
142 6 7
100 101 101 101 101 
143 3 8
98 101 101 99 101 
144 6 10
101 100 102 98 102 
145 3 7
101 102 102 102 102 
146 8 10
101 102 99 99 100 
147 10 7
101 101 98 101 99 
148 4 5
100 98 98 98 102 
149 7 3
101 98 101 100 102 
150 5 9
101 99 101 100 98 
151 5 6
98 98 101 101 98 
152 10 9
100 102 102 102 100 
153 10 2
101 100 101 100 101 
154 4 7
100 100 99 99 99 
155 5 1
101 98 98 101 98 
156 1 9
99 99 101 98 101 
157 5 2
100 98 100 98 101 
158 8 8
99 98 98 101 102 
159 3 5
100 101 102 99 102 
160 2 7
102 102 98 100 98 
161 6 10
101 98 98 98 98 
162 3 7
101 99 98 99 99 
163 4 6
101 100 99 98 98 
164 9 7
102 102 101 99 101 
165 1 4
99 100 101 99 100 
166 6 10
98 98 100 98 99 
167 5 8
101 100 102 101 102 
168 6 4
100 101 100 99 98 
169 8 8
98 100 101 99 99 
170 9 9
102 101 102 99 101 
171 7 9
100 98 98 100 98 
172 10 1
99 98 101 101 98 
173 8 6
98 102 102 99 101 
174 10 10
98 100 102 99 101 
175 9 8
101 102 98 98 100 
176 4 8
100 100 102 101 102 
177 4 3
100 100 102 100 100 
178 6 6
98 98 100 98 102 
179 7 7
102 100 101 98 101 
180 2 6
98 102 98 102 101 
181 5 4
101 102 100 100 100 
182 9 10
102 101 100 99 98 
183 7 3
100 100 101 99 99 
184 5 7
98 100 102 100 99 
185 10 8
102 98 100 102 98 
186 10 2
102 100 101 98 100 
187 3 2
101 101 98 98 100 
188 5 7
102 98 98 99 100 
189 10 9
98 98 100 99 98 
190 10 4
100 98 99 99 102 
191 2 4
100 101 98 98 101 
192 3 6
99 101 101 100 101 
193 9 6
100 102 98 100 102 
194 4 2
98 102 102 100 98 
195 1 2
102 100 102 99 100 
196 2 4
99 102 101 102 100 
197 5 4
101 100 101 98 102 
198 4 1
101 101 101 101 101 
199 8 9
98 102 102 99 101 
200 6 6
99 100 101 102 101 
201 10 4
100 101 99 98 100 
202 7 4
101 102 98 100 101 
203 9 6
101 100 101 98 99 
204 5 2
100 98 101 101 102 
205 8 10
102 101 100 99 101 
206 1 5
100 99 100 99 100 
207 5 4
100 100 98 98 102 
208 5 6
100 98 102 102 100 
209 8 5
101 99 101 100 102 
210 8 2
102 102 98 100 100 
211 5 1
98 101 101 100 100 
212 4 6
99 102 100 98 100 
213 4 1
102 99 99 101 102 
214 1 8
99 102 101 98 102 
215 4 10
99 102 102 99 100 
216 3 7
102 101 101 100 102 
217 8 4
99 99 98 101 102 
218 2 7
101 101 101 102 101 
219 3 8
100 100 99 101 100 
220 7 3
99 98 98 99 98 
221 6 1
98 100 101 101 101 
222 1 2
102 100 100 98 98 
223 4 7
101 100 101 100 102 
224 3 4
101 98 98 98 98 
225 8 9
99 100 101 101 99 
226 3 7
100 102 101 99 99 
227 8 7
102 98 101 102 100 
228 9 8
102 98 98 100 98 
229 8 8
101 99 98 99 101 
230 7 10
102 98 100 101 102 
231 6 1
99 98 101 98 98 
232 2 10
98 100 101 102 100 
233 9 7
98 100 99 101 101 
234 2 7
99 102 98 101 102 
235 5 7
102 98 101 98 100 
236 8 3
100 98 101 102 100 
237 3 9
100 98 100 102 98 
238 4 5
101 99 98 100 99 
239 6 6
98 102 101 102 99 
240 5 7
98 99 101 98 99 
241 3 5
99 99 101 98 101 
242 3 10
101 98 98 100 99 
243 6 10
102 100 99 98 101 
244 2 7
100 98 101 100 99 
245 4 3
98 100 100 101 101 
246 3 6
100 102 99 98 99 
247 2 3
102 99 101 102 101 
248 2 2
99 101 102 101 101 
249 3 7
100 101 98 102 98 
250 8 10
102 99 102 99 100 
251 1 2
98 99 99 98 102 
252 2 2
100 101 102 98 99 
253 4 10
99 99 100 98 99 
254 8 7
99 100 98 98 98 
255 2 2
101 99 98 101 102 
256 2 6
98 102 99 100 100 
257 1 6
98 102 99 102 100 
258 4 10
101 100 99 102 99 
259 4 3
100 98 101 100 101 
260 9 3
98 99 101 98 101 
261 7 6
98 102 98 99 101 
262 7 6
100 99 99 100 98 
263 5 9
100 101 98 102 98 
264 7 4
101 99 98 98 98 
265 4 2
101 100 101 101 99 
266 9 7
99 99 101 101 102 
267 3 3
102 99 100 99 99 
268 6 3
99 99 98 100 102 
269 2 8
102 99 101 100 101 
270 7 4
99 99 99 100 102 
271 8 3
101 102 102 101 100 
272 10 2
99 102 102 100 98 
273 10 5
102 100 102 99 99 
274 3 6
102 99 101 99 102 
275 3 1
102 99 101 102 100 
276 8 10
102 99 99 98 98 
277 6 6
100 99 99 102 102 
278 6 1
98 98 98 99 99 
279 7 5
100 101 98 101 102 
280 9 9
99 100 100 100 99 
281 9 1
101 98 98 101 100 
282 9 3
101 102 102 101 102 
283 10 7
100 100 101 99 100 
284 9 1
101 101 98 99 100 
285 8 5
101 101 99 102 101 
286 4 3
100 99 102 98 98 
287 9 6
99 102 100 98 100 
288 8 3
99 98 100 98 98 
289 3 7
100 99 100 101 102 
290 9 3
98 99 102 100 98 
291 1 6
98 98 98 102 99 
292 5 5
98 99 99 100 101 
293 1 3
101 100 101 101 99 
294 2 9
98 99 98 100 101 
295 7 8
101 101 100 98 98 
296 5 7
99 102 101 102 98 
297 10 2
99 100 98 102 99 
298 4 5
100 99 100 98 98 
299 5 3
101 100 102 101 100 
300 4 6
100 101 102 99 100 
301 8 1
102 101 99 98 98 
302 7 8
100 99 99 99 98 
303 7 2
98 100 102 98 98 
304 6 1
102 102 100 100 100 
305 2 9
99 98 101 98 102 
306 2 7
99 102 98 98 100 
307 7 3
100 102 101 102 100 
308 8 10
102 98 99 101 102 
309 10 8
101 100 98 102 98 
310 6 7
102 101 102 100 100 
311 10 9
100 101 100 102 100 
312 6 10
99 98 98 100 98 
313 5 4
99 98 98 102 100 
314 9 1
100 98 99 101 102 
315 2 9
101 98 99 98 98 
316 1 3
101 100 101 99 100 
317 6 5
102 102 100 100 102 
318 10 2
102 100 101 101 101 
319 1 8
102 99 98 102 101 
320 4 3
102 98 102 102 100 
321 10 8
100 102 101 99 102 
322 3 7
98 100 102 102 99 
323 4 4
99 101 100 98 99 
324 8 3
99 100 102 100 100 
325 1 9
99 102 99 101 101 
326 2 1
102 102 101 98 101 
327 8 5
102 98 100 99 98 
328 2 4
99 98 98 98 100 
329 2 5
99 99 101 101 98 
330 2 4
102 100 98 101 101 
331 4 4
99 99 98 101 99 
332 10 7
100 99 99 98 99 
333 10 8
99 98 100 102 100 
334 6 5
102 101 101 101 98 
335 4 5
102 100 102 100 101 
336 2 8
99 99 98 98 100 
337 8 2
98 99 98 101 101 
338 3 4
98 102 100 98 100 
339 8 6
98 99 99 102 101 
340 2 9
101 100 101 102 98 
341 4 1
102 98 101 98 101 
342 6 1
100 101 101 102 102 
343 4 7
100 98 100 100 101 
344 4 9
101 99 101 99 99 
345 7 4
99 98 98 99 100 
346 1 4
99 98 101 101 98 
347 10 10
98 100 99 102 102 
348 9 2
98 101 99 101 100 
349 2 8
101 101 98 99 101 
350 8 8
98 100 100 101 100 
351 7 4
98 100 101 98 99 
352 10 10
98 102 100 100 102 
353 6 2
99 99 101 99 102 
354 1 4
102 102 100 100 99 
355 6 1
98 101 102 98 98 
356 8 6
99 101 99 101 100 
357 1 7
101 98 102 98 100 
358 10 4
101 99 99 101 98 
359 2 1
99 101 100 101 99 
360 7 2
101 98 101 99 101 
361 6 7
100 98 102 99 101 
362 4 9
98 100 101 101 98 
363 1 9
98 101 98 101 99 
364 4 3
100 99 101 100 100 
365 2 4
100 101 102 100 99 
366 5 6
102 102 98 102 102 
367 9 10
102 98 98 98 101 
368 1 1
102 98 100 101 100 
369 8 6
99 99 98 98 102 
370 3 10
100 101 102 99 100 
371 2 1
101 98 100 101 100 
372 3 1
99 102 98 100 98 
373 6 2
102 102 101 100 98 
374 2 8
100 101 100 102 101 
375 4 2
98 98 101 102 100 
376 8 10
102 99 102 98 99 
377 2 1
101 99 101 102 99 
378 2 7
101 102 101 98 102 
379 3 3
100 101 98 101 101 
380 1 10
98 101 98 99 102 
381 2 10
100 100 102 100 102 
382 3 7
100 98 100 98 98 
383 9 9
102 100 98 100 98 
384 8 8
101 100 101 98 98 
385 9 10
100 102 101 102 101 
386 8 3
100 102 98 102 99 
387 4 8
99 101 98 101 98 
388 8 1
99 102 102 99 99 
389 8 10
102 100 101 99 101 
390 7 3
99 98 99 99 99 
391 8 3
100 98 102 102 101 
392 7 10
98 101 102 101 102 
393 1 1
101 102 99 100 99 
394 10 1
99 100 100 102 100 
395 10 6
101 101 98 98 101 
396 2 2
101 101 98 98 101 
397 2 5
101 99 99 101 98 
398 8 1
101 99 98 99 101 
399 5 7
98 98 101 98 101 
400 4 6
101 100 102 101 98 
401 10 5
98 99 98 98 102 
402 7 4
98 101 101 98 99 
403 6 3
102 100 98 99 102 
404 4 7
101 102 101 101 99 
405 3 10
101 100 98 101 98 
406 6 10
102 99 100 99 99 
407 9 3
100 98 99 101 102 
408 7 5
102 99 100 100 98 
409 8 3
99 98 99 99 102 
410 7 6
99 99 99 98 102 
411 1 10
100 101 99 102 99 
412 10 5
98 98 98 102 99 
413 3 9
102 100 99 100 100 
414 3 10
101 99 102 102 102 
415 3 2
102 100 98 101 101 
416 4 4
102 102 100 99 102 
417 1 4
101 100 99 100 99 
418 5 5
101 102 101 101 98 
419 10 10
102 99 99 98 99 
420 4 10
102 102 102 98 101 
421 4 7
98 101 102 98 101 
422 4 3
102 100 101 98 99 
423 5 4
99 98 101 101 102 
424 7 9
98 99 102 99 100 
425 4 7
101 102 102 101 100 
426 5 1
98 102 100 100 99 
427 3 3
98 99 100 99 100 
428 3 7
101 101 98 101 100 
429 7 5
102 98 98 100 102 
430 7 8
101 100 100 99 99 
431 2 4
101 102 100 101 100 
432 7 7
102 102 101 102 102 
433 1 8
99 101 101 101 101 
434 6 1
102 100 101 98 102 
435 8 2
99 102 99 99 101 
436 6 2
98 99 102 100 98 
437 5 2
100 99 99 98 98 
438 5 4
98 98 99 98 100 
439 7 3
101 101 101 102 100 
440 2 3
100 99 98 98 102 
441 6 10
98 99 100 102 101 
442 4 10
101 98 101 101 98 
443 10 6
102 98 100 102 98 
444 3 2
101 98 101 100 101 
445 10 8
101 99 99 101 100 
446 10 10
98 102 101 98 102 
447 4 10
99 102 99 98 99 
448 7 8
100 98 101 100 99 
449 2 10
102 100 100 100 98 
450 6 8
101 99 101 98 99 
451 8 7
98 100 100 100 100 
452 6 5
101 99 99 100 102 
453 2 10
98 101 102 99 100 
454 9 7
101 101 98 99 100 
455 5 4
101 101 99 98 98 
456 1 5
100 99 102 101 102 
457 3 6
101 102 100 98 102 
458 7 10
99 99 98 102 102 
459 3 3
101 99 101 99 102 
460 10 8
98 98 99 102 101 
461 3 5
102 100 100 98 101 
462 10 1
100 100 99 98 101 
463 7 8
102 99 99 101 100 
464 10 5
102 99 101 99 101 
465 8 8
101 102 100 100 101 
466 7 8
99 98 98 98 100 
467 2 9
98 98 98 102 99 
468 9 10
98 101 99 102 99 
469 10 6
102 99 101 100 101 
470 8 2
101 101 102 100 98 
471 2 8
100 100 98 102 102 
472 3 1
100 99 98 101 99 
473 7 8
100 100 98 101 99 
474 1 8
99 100 101 102 98 
475 10 7
98 98 102 102 98 
476 2 6
99 102 98 102 98 
477 8 8
99 98 99 98 101 
478 2 9
102 99 98 98 98 
479 6 2
100 98 101 102 100 
480 5 1
102 100 98 99 99 
481 2 6
101 98 102 99 99 
482 3 7
102 102 99 98 100 
483 4 6
98 102 99 100 99 
484 7 8
101 98 100 101 101 
485 6 7
99 101 101 100 101 
486 8 1
102 102 102 98 98 
487 6 6
98 102 100 98 101 
488 2 10
99 100 101 102 98 
489 9 10
101 101 100 99 99 
490 1 4
99 102 99 99 102 
491 6 4
99 98 102 101 99 
492 4 1
99 102 98 100 100 
493 9 8
100 101 101 100 99 
494 7 6
102 99 99 99 99 
495 8 5
100 100 100 98 100 
496 9 10
102 100 99 100 99 
497 2 6
98 100 102 102 98 
498 3 7
102 101 100 101 100 
499 6 7
98 100 98 102 102 

