50 5 3472
0 2 4
104 96 93 107 95 
1 4 9
95 94 104 104 94 
2 4 5
92 91 91 99 107 
3 5 9
109 103 108 92 92 
4 1 1
100 103 94 106 109 
5 10 5
94 93 92 91 109 
6 7 6
94 101 92 108 102 
7 4 8
99 97 97 91 102 
8 7 6
104 96 106 107 101 
9 3 4
101 101 109 97 96 
10 2 10
96 100 106 92 103 
11 9 1
96 103 109 97 102 
12 8 1
95 95 106 101 93 
13 5 1
104 98 96 107 109 
14 6 6
96 109 96 94 91 
15 3 7
104 103 108 102 96 
16 8 3
101 106 94 106 91 
17 1 10
94 106 90 101 94 
18 7 9
94 93 95 92 92 
19 4 7
105 108 94 100 101 
20 3 5
99 109 96 90 106 
21 2 7
99 93 98 96 90 
22 9 8
94 96 107 90 99 
23 6 5
94 108 102 109 106 
24 7 2
109 108 106 99 108 
25 3 10
96 95 108 105 99 
26 7 4
91 96 92 95 102 
27 1 9
103 97 94 99 95 
28 8 10
92 103 100 91 102 
29 9 3
92 91 94 90 108 
30 5 8
97 90 91 98 108 
31 4 7
92 105 106 105 92 
32 1 6
90 107 96 104 101 
33 9 6
105 97 100 99 90 
34 5 10
108 98 98 108 90 
35 2 7
108 95 94 102 102 
36 1 8
97 91 94 97 108 
37 1 2
91 101 98 98 108 
38 9 8
108 94 108 98 102 
39 8 7
94 98 103 104 95 
40 10 7
108 100 96 95 101 
41 1 5
91 103 95 105 94 
42 4 4
92 94 91 102 98 
43 10 3
103 96 109 107 97 
44 5 3
102 103 108 92 93 
45 7 10
96 97 93 90 90 
46 9 6
106 104 108 100 108 
47 10 5
108 101 96 101 99 
48 6 10
106 91 103 91 105 
49 4 6
100 90 105 99 109 

