500 5 9947
0 91 20
103 100 96 103 99 
1 78 46
102 97 104 104 98 
2 38 50
99 98 102 95 97 
3 73 70
100 102 96 95 95 
4 97 64
98 101 97 97 96 
5 97 53
102 98 102 102 102 
6 29 7
95 100 101 99 95 
7 76 45
100 104 101 95 101 
8 10 24
103 100 101 97 98 
9 22 17
101 102 103 101 95 
10 18 44
95 100 104 95 97 
11 58 38
99 100 98 104 99 
12 100 63
98 95 102 96 102 
13 24 66
95 101 96 104 100 
14 2 56
103 103 103 103 100 
15 100 89
102 104 102 97 101 
16 12 84
97 97 102 100 98 
17 35 90
97 95 99 100 101 
18 89 75
97 96 96 97 95 
19 32 51
100 95 95 100 96 
20 69 88
102 104 97 97 96 
21 21 10
101 101 103 104 101 
22 6 67
100 100 95 104 101 
23 22 32
103 97 96 101 99 
24 24 32
103 96 95 102 97 
25 93 40
101 99 104 99 96 
26 100 46
104 101 96 99 96 
27 52 14
95 99 101 103 103 
28 30 17
98 98 102 96 99 
29 70 9
104 99 95 100 103 
30 50 20
96 95 100 96 102 
31 77 8
95 95 98 95 101 
32 70 42
100 104 102 103 99 
33 58 42
103 101 96 104 95 
34 2 55
96 97 101 97 98 
35 44 66
97 104 100 97 96 
36 99 74
103 104 101 98 103 
37 24 94
97 97 101 98 104 
38 88 43
96 96 104 99 100 
39 76 100
95 103 99 97 104 
40 90 86
98 104 95 96 104 
41 77 47
104 96 96 97 99 
42 78 28
100 99 96 101 102 
43 71 22
100 102 95 100 100 
44 37 19
102 103 100 95 102 
45 18 52
101 100 104 101 101 
46 41 11
95 102 104 100 98 
47 11 75
98 98 102 103 95 
48 20 4
103 100 98 100 100 
49 81 6
98 104 103 96 99 
50 10 90
96 104 96 98 103 
51 93 52
98 98 102 101 103 
52 25 47
103 98 97 101 95 
53 76 24
101 103 95 96 104 
54 89 75
99 102 101 102 103 
55 68 23
103 97 98 97 100 
56 51 71
100 101 102 98 104 
57 72 43
97 103 102 103 101 
58 99 52
101 101 102 97 101 
59 94 20
101 98 96 100 100 
60 68 80
97 104 96 102 101 
61 19 21
102 104 99 96 103 
62 33 2
101 97 97 99 95 
63 31 87
101 100 102 100 103 
64 52 3
98 103 96 102 104 
65 83 5
102 98 102 102 99 
66 92 99
99 100 95 98 102 
67 5 48
95 99 101 101 97 
68 96 34
95 101 100 101 101 
69 69 74
101 98 103 100 103 
70 8 53
99 95 96 96 101 
71 4 75
100 102 98 100 99 
72 12 5
101 102 104 103 98 
73 78 75
97 102 95 103 97 
74 79 26
95 100 103 102 102 
75 82 9
100 99 99 96 98 
76 60 19
102 96 99 100 95 
77 17 5
100 98 103 102 95 
78 79 88
98 103 98 100 100 
79 92 23
98 99 97 103 95 
80 17 52
98 101 97 98 104 
81 49 39
104 99 97 99 102 
82 22 75
95 96 96 100 97 
83 75 51
102 102 100 97 98 
84 60 94
98 101 99 102 99 
85 19 51
100 102 103 101 96 
86 84 53
96 101 101 96 102 
87 89 37
104 99 103 104 97 
88 16 24
100 100 101 96 98 
89 14 41
104 96 95 99 103 
90 31 3
95 98 99 96 104 
91 82 65
104 96 97 95 100 
92 91 82
104 103 100 102 98 
93 22 81
103 99 95 102 101 
94 11 14
101 97 100 101 103 
95 70 70
104 97 98 95 98 
96 86 62
96 103 97 97 101 
97 48 32
96 96 96 104 102 
98 84 7
100 100 104 97 103 
99 35 41
103 100 95 102 103 
100 96 41
98 96 96 101 96 
101 96 32
102 100 99 103 101 
102 79 30
100 96 102 96 102 
103 59 44
102 99 98 100 104 
104 46 25
104 96 99 100 99 
105 66 44
100 98 99 99 103 
106 90 5
101 104 98 96 95 
107 21 53
102 103 102 99 97 
108 84 82
98 103 101 98 96 
109 71 31
100 103 98 97 98 
110 49 17
96 104 95 102 103 
111 6 41
95 102 100 103 100 
112 93 65
104 100 101 100 101 
113 5 39
104 101 95 102 101 
114 94 60
104 96 103 97 97 
115 1 70
97 101 97 98 98 
116 8 64
96 104 102 97 102 
117 26 28
100 104 102 99 103 
118 38 42
99 98 98 99 99 
119 82 27
104 96 103 96 104 
120 11 85
100 104 102 103 103 
121 28 43
102 97 95 99 99 
122 40 100
97 104 97 103 97 
123 46 63
103 103 96 104 97 
124 42 2
96 98 102 103 97 
125 38 97
97 99 104 95 103 
126 62 75
97 97 100 101 96 
127 19 66
100 100 104 101 99 
128 73 86
101 98 103 104 101 
129 77 89
103 98 99 98 104 
130 76 26
102 101 96 97 104 
131 78 49
97 102 100 95 99 
132 98 7
95 104 98 101 98 
133 83 29
96 95 103 97 100 
134 5 26
99 95 95 96 103 
135 2 6
102 95 101 97 104 
136 72 53
99 95 95 99 95 
137 54 24
100 102 96 101 102 
138 20 69
97 98 100 101 100 
139 96 31
99 104 102 98 104 
140 94 66
104 102 102 100 102 
141 28 10
102 96 97 99 103 
142 36 82
103 99 96 95 95 
143 48 20
102 99 96 96 100 
144 89 96
100 99 95 101 96 
145 31 42
95 102 97 95 95 
146 36 25
96 95 102 96 102 
147 60 24
104 103 99 101 99 
148 96 59
95 101 100 102 97 
149 18 16
98 102 103 98 102 
150 11 86
104 100 95 97 103 
151 68 44
100 103 102 99 103 
152 14 53
98 104 97 100 102 
153 68 73
104 100 104 99 99 
154 48 10
98 102 100 98 100 
155 58 56
98 101 96 103 100 
156 71 25
100 98 103 95 99 
157 92 86
98 95 104 97 102 
158 49 9
97 102 103 100 100 
159 66 71
95 97 103 98 103 
160 30 4
100 96 104 96 101 
161 8 94
96 95 104 99 96 
162 41 90
103 96 102 97 103 
163 68 19
98 97 95 100 101 
164 19 41
102 104 98 97 95 
165 75 16
102 99 96 95 99 
166 93 97
102 97 100 101 98 
167 36 99
99 99 103 104 104 
168 10 66
100 102 100 99 104 
169 2 70
96 100 101 95 96 
170 98 91
103 104 102 100 97 
171 25 2
102 96 97 98 101 
172 21 74
100 96 103 97 96 
173 96 10
95 101 103 96 99 
174 15 93
100 97 99 98 98 
175 74 32
100 95 99 100 96 
176 37 89
104 104 98 101 97 
177 52 40
98 102 103 98 100 
178 79 18
104 97 96 102 101 
179 96 93
95 96 98 102 96 
180 9 13
99 101 98 99 102 
181 67 1
95 95 96 98 104 
182 40 100
99 102 103 101 97 
183 30 94
103 101 102 103 104 
184 62 67
95 96 95 100 104 
185 36 70
102 99 104 104 99 
186 62 35
98 97 100 104 97 
187 54 46
99 99 95 99 98 
188 29 84
97 96 96 98 99 
189 84 91
100 104 104 97 98 
190 81 94
102 98 103 97 103 
191 14 4
97 104 104 103 98 
192 92 63
101 96 102 96 99 
193 99 15
103 97 101 101 98 
194 68 29
101 104 99 100 100 
195 3 70
98 102 97 100 101 
196 74 76
97 102 102 95 103 
197 36 42
98 100 102 98 104 
198 64 50
97 97 95 103 97 
199 57 26
102 103 99 95 102 
200 20 38
101 99 97 103 96 
201 2 21
95 101 99 100 99 
202 22 91
98 102 97 101 104 
203 75 17
98 95 99 95 95 
204 41 3
102 104 96 98 99 
205 56 94
100 102 99 102 100 
206 81 75
104 96 100 100 95 
207 10 32
97 98 104 102 100 
208 46 49
100 101 97 97 100 
209 95 9
96 104 96 104 101 
210 68 39
97 102 98 98 96 
211 31 89
98 104 96 102 99 
212 24 26
104 103 100 101 99 
213 28 19
97 96 103 98 96 
214 33 25
104 96 98 96 104 
215 29 58
97 103 100 102 104 
216 70 6
100 97 97 99 95 
217 8 11
100 99 95 102 101 
218 12 73
104 98 102 103 99 
219 13 43
100 95 104 104 95 
220 97 98
104 100 99 99 102 
221 37 41
103 100 97 98 104 
222 35 53
100 100 101 101 95 
223 26 26
100 102 102 97 104 
224 67 35
104 97 98 103 103 
225 90 5
100 102 99 100 97 
226 47 41
96 96 97 104 101 
227 22 56
102 101 95 99 101 
228 100 39
100 100 99 100 95 
229 8 24
95 101 103 102 98 
230 25 54
100 96 98 104 97 
231 39 91
95 104 100 104 102 
232 79 56
98 102 101 104 98 
233 71 5
100 95 104 100 101 
234 60 33
97 99 100 104 102 
235 32 1
96 96 95 96 95 
236 37 44
102 99 95 96 98 
237 97 43
103 102 101 98 102 
238 78 1
100 104 98 104 98 
239 71 82
95 98 96 98 99 
240 73 37
99 95 104 99 101 
241 31 28
104 103 96 95 102 
242 20 74
101 101 99 99 100 
243 60 54
95 96 101 97 100 
244 69 86
104 97 97 101 99 
245 54 13
97 100 96 98 99 
246 13 64
96 96 104 95 104 
247 16 85
102 99 104 102 102 
248 77 71
97 101 102 99 103 
249 30 73
99 100 99 101 95 
250 28 30
101 104 100 95 97 
251 35 11
96 104 99 103 100 
252 84 99
97 104 95 100 102 
253 28 82
100 104 98 96 99 
254 90 70
99 101 104 98 102 
255 97 4
104 95 98 97 96 
256 8 2
101 97 96 103 99 
257 72 66
96 103 103 104 102 
258 52 1
98 95 95 103 103 
259 22 74
100 102 101 99 104 
260 90 28
95 103 95 103 95 
261 32 29
99 97 101 103 95 
262 45 68
95 101 102 98 103 
263 90 34
102 97 101 97 96 
264 83 10
95 98 103 97 96 
265 21 53
99 96 96 95 100 
266 28 69
102 96 100 102 104 
267 56 34
95 101 101 104 104 
268 26 74
95 104 97 98 98 
269 23 86
101 97 103 95 98 
270 72 84
95 103 96 103 96 
271 40 78
98 101 95 100 97 
272 78 15
96 99 102 99 98 
273 23 18
101 99 99 100 102 
274 45 28
97 100 95 100 100 
275 15 44
104 98 95 99 96 
276 32 90
98 95 98 102 99 
277 43 44
104 99 95 101 96 
278 67 84
95 96 95 99 103 
279 22 20
99 100 97 100 95 
280 36 20
96 101 95 101 103 
281 16 36
99 102 103 98 99 
282 91 52
102 102 99 102 103 
283 98 72
103 103 96 99 100 
284 6 30
102 95 95 103 103 
285 61 77
101 102 99 97 102 
286 43 9
96 98 104 103 97 
287 47 38
97 98 103 95 98 
288 52 56
103 102 101 100 102 
289 38 56
101 104 98 99 102 
290 48 78
99 97 100 102 102 
291 97 28
104 99 99 96 104 
292 25 44
97 101 103 97 100 
293 88 40
99 99 101 95 100 
294 31 88
97 104 101 103 96 
295 54 46
103 96 97 104 101 
296 89 3
100 98 101 95 96 
297 97 13
101 98 97 95 104 
298 99 4
100 95 95 104 97 
299 59 9
98 98 100 99 99 
300 31 56
97 103 103 103 98 
301 57 39
99 99 95 95 103 
302 55 12
104 100 101 99 100 
303 9 77
102 101 99 98 104 
304 42 70
100 96 99 103 95 
305 35 57
98 97 101 95 102 
306 49 1
102 100 98 101 95 
307 30 24
100 102 104 100 100 
308 36 31
101 101 104 97 103 
309 76 41
95 97 103 100 99 
310 47 66
96 99 101 103 104 
311 82 78
104 96 95 102 95 
312 100 5
101 99 99 97 95 
313 86 27
95 95 101 95 99 
314 67 17
104 97 98 95 104 
315 100 22
103 98 103 95 101 
316 99 30
101 104 98 99 100 
317 20 50
100 99 100 103 101 
318 95 61
96 95 101 95 100 
319 63 53
99 96 100 99 101 
320 24 15
97 98 100 96 97 
321 81 96
102 104 101 100 100 
322 73 64
99 103 98 100 95 
323 53 38
100 99 96 104 102 
324 68 85
101 97 95 103 101 
325 99 60
95 103 102 103 95 
326 4 56
102 102 95 96 100 
327 46 77
103 102 100 98 98 
328 60 76
98 101 96 104 95 
329 62 90
101 96 104 102 95 
330 57 28
97 96 97 104 104 
331 53 72
101 102 104 99 102 
332 18 1
97 101 100 100 99 
333 87 27
99 104 101 96 98 
334 18 91
100 98 102 102 101 
335 100 87
102 98 104 99 97 
336 62 81
104 103 97 99 99 
337 60 72
103 102 103 97 104 
338 67 46
97 98 100 102 103 
339 5 95
99 100 97 97 103 
340 95 89
96 100 95 97 98 
341 54 77
104 99 103 104 97 
342 99 34
96 99 104 98 102 
343 67 93
102 96 103 96 103 
344 23 76
102 101 100 95 96 
345 37 63
101 96 96 102 100 
346 92 47
104 104 95 95 100 
347 12 6
99 102 102 96 95 
348 36 15
104 103 95 103 101 
349 6 69
95 98 97 101 99 
350 26 55
97 103 95 96 102 
351 33 95
99 98 104 103 96 
352 50 82
98 99 101 99 99 
353 87 73
96 98 97 96 102 
354 28 30
98 97 100 100 96 
355 89 80
95 95 98 102 99 
356 25 16
102 98 102 97 95 
357 94 68
99 96 96 102 99 
358 85 49
96 96 95 102 100 
359 66 55
103 98 98 96 99 
360 59 69
95 98 100 102 101 
361 85 42
101 102 103 98 95 
362 1 1
100 101 96 103 104 
363 32 86
99 101 97 98 97 
364 26 75
103 101 99 103 104 
365 30 98
102 99 103 101 98 
366 100 70
99 96 96 96 102 
367 23 42
101 100 104 97 99 
368 72 8
101 103 98 99 99 
369 28 55
98 102 98 98 96 
370 42 30
101 97 95 95 98 
371 72 14
95 101 100 103 96 
372 87 22
102 102 95 98 100 
373 15 50
95 96 100 100 95 
374 59 81
98 97 104 95 99 
375 12 63
103 100 101 95 96 
376 84 40
99 104 97 97 103 
377 93 8
100 103 104 102 97 
378 65 76
97 98 100 101 100 
379 18 69
96 103 95 104 100 
380 59 31
103 98 96 98 99 
381 86 28
97 104 101 95 103 
382 96 58
95 97 99 99 102 
383 41 23
99 102 95 100 102 
384 74 46
98 98 102 96 102 
385 1 87
98 102 100 103 101 
386 53 69
101 104 102 101 96 
387 63 42
103 99 98 97 96 
388 7 51
95 96 102 100 99 
389 27 8
98 101 100 102 100 
390 12 76
96 100 100 103 99 
391 25 87
101 101 102 101 97 
392 44 42
98 96 96 101 97 
393 39 62
101 101 95 95 99 
394 67 30
104 102 101 95 97 
395 52 31
103 100 102 99 99 
396 97 14
101 96 99 97 97 
397 98 71
99 102 96 98 98 
398 53 66
102 95 99 103 104 
399 3 49
98 100 96 96 97 
400 1 39
101 101 96 100 95 
401 58 20
97 101 104 104 98 
402 73 85
103 101 104 102 101 
403 96 56
100 102 100 103 97 
404 87 91
101 101 103 98 100 
405 32 91
102 103 96 104 99 
406 51 21
104 97 99 104 96 
407 6 37
102 95 96 98 104 
408 99 84
98 102 98 95 98 
409 54 76
95 99 102 102 99 
410 79 50
95 95 96 104 99 
411 79 49
100 98 101 98 101 
412 80 99
102 103 96 96 100 
413 8 84
95 95 95 98 102 
414 28 91
96 102 96 97 102 
415 14 54
96 96 99 102 101 
416 91 53
97 95 95 95 103 
417 32 94
100 103 103 100 96 
418 39 59
103 102 96 96 101 
419 93 66
98 102 104 99 95 
420 74 4
102 100 100 96 100 
421 6 94
100 104 101 95 102 
422 67 7
103 99 101 103 98 
423 18 1
104 97 100 99 104 
424 37 22
97 96 99 104 102 
425 33 93
99 102 101 95 103 
426 25 1
101 96 103 101 102 
427 28 68
96 99 102 97 103 
428 85 88
95 98 103 97 99 
429 85 54
98 101 100 95 101 
430 32 31
99 101 97 97 104 
431 94 32
101 95 103 102 101 
432 66 93
100 96 104 102 99 
433 40 60
96 98 97 101 97 
434 10 7
103 98 101 99 104 
435 72 78
95 99 103 101 101 
436 7 67
97 98 103 104 99 
437 90 37
96 95 102 97 98 
438 12 89
102 96 102 102 99 
439 36 33
100 101 96 100 97 
440 70 62
95 102 104 100 97 
441 38 95
101 103 98 104 103 
442 31 42
99 97 97 96 100 
443 82 60
104 101 98 101 100 
444 5 64
102 100 99 103 97 
445 5 76
99 98 104 97 99 
446 5 63
97 102 100 103 96 
447 90 63
101 95 98 102 104 
448 17 74
99 97 101 96 102 
449 13 72
104 103 101 100 99 
450 69 40
103 99 96 97 96 
451 10 22
97 103 100 95 96 
452 9 18
95 101 95 99 103 
453 79 38
100 96 96 101 96 
454 60 2
100 104 97 98 99 
455 95 89
102 98 96 95 98 
456 97 53
101 99 95 101 97 
457 13 61
95 96 95 102 99 
458 12 24
100 95 101 96 95 
459 69 87
101 99 99 98 104 
460 36 86
98 96 103 104 102 
461 61 89
96 97 95 96 98 
462 51 81
102 98 98 98 99 
463 32 67
101 97 97 99 101 
464 80 18
101 101 100 96 95 
465 46 13
102 100 97 96 102 
466 54 65
96 100 100 95 104 
467 1 86
98 97 98 96 101 
468 9 36
97 102 99 95 98 
469 60 54
98 99 103 98 104 
470 71 55
104 100 95 97 96 
471 16 23
95 101 95 100 95 
472 64 97
101 96 98 95 103 
473 88 34
99 102 103 104 98 
474 9 65
100 96 103 99 101 
475 42 37
102 101 95 104 99 
476 23 95
101 101 95 97 102 
477 74 56
103 96 95 99 95 
478 31 4
100 104 103 95 95 
479 39 37
103 104 99 103 103 
480 88 8
97 104 97 104 100 
481 93 54
100 103 95 100 96 
482 53 10
98 98 99 103 99 
483 85 92
101 100 102 99 101 
484 5 43
99 96 95 104 95 
485 5 49
103 103 98 100 101 
486 67 83
104 103 98 97 98 
487 8 4
102 99 99 100 104 
488 74 1
100 102 99 97 95 
489 97 32
98 95 96 98 104 
490 37 79
102 97 95 102 98 
491 4 62
101 97 101 99 103 
492 11 82
102 101 98 100 100 
493 29 80
103 101 97 96 102 
494 94 85
103 96 99 100 99 
495 27 15
102 104 103 100 98 
496 45 90
97 102 98 96 100 
497 57 39
95 99 102 103 98 
498 80 62
97 99 100 95 101 
499 12 18
97 102 99 104 103 

