50 5 999
0 84 87
100 98 101 98 99 
1 93 50
99 100 100 98 102 
2 64 27
98 99 100 99 99 
3 69 68
102 100 98 100 101 
4 68 36
102 100 100 101 102 
5 68 94
99 99 100 102 101 
6 22 20
102 100 101 102 98 
7 71 14
99 99 98 99 101 
8 63 71
99 99 98 98 102 
9 28 37
98 99 102 101 100 
10 25 96
100 98 102 100 102 
11 65 44
98 100 101 99 101 
12 89 85
101 99 102 102 100 
13 61 77
101 102 100 99 99 
14 95 40
98 98 102 101 100 
15 2 98
100 100 100 100 99 
16 2 81
99 99 98 102 102 
17 20 41
102 99 100 100 99 
18 82 76
102 100 100 99 100 
19 54 87
98 99 101 102 102 
20 29 72
100 102 101 102 98 
21 69 9
98 98 102 99 101 
22 19 46
99 99 99 98 102 
23 89 65
101 99 98 101 98 
24 35 65
102 102 100 99 101 
25 92 28
98 102 99 100 99 
26 38 29
98 100 102 99 101 
27 96 30
100 98 101 101 101 
28 44 12
101 102 99 102 101 
29 64 14
101 99 98 102 101 
30 29 89
102 100 100 99 102 
31 44 71
101 98 102 100 98 
32 45 91
98 102 102 99 102 
33 83 43
102 100 100 98 102 
34 49 12
100 101 102 101 99 
35 69 41
100 99 98 98 99 
36 62 31
101 98 98 99 102 
37 27 23
98 101 99 100 101 
38 25 38
100 102 98 99 100 
39 100 80
98 101 99 101 99 
40 82 31
101 102 98 101 102 
41 82 100
99 102 101 101 101 
42 91 96
99 99 102 98 98 
43 85 77
100 99 100 98 99 
44 80 19
100 100 101 100 102 
45 10 37
98 100 100 99 99 
46 14 73
99 98 102 102 99 
47 5 40
99 98 100 98 101 
48 28 51
102 101 98 102 100 
49 70 97
99 98 102 100 100 

