50 5 4505
0 2 84
99 101 88 112 100 
1 64 29
110 119 79 89 89 
2 4 15
77 116 76 124 92 
3 5 69
104 98 93 97 107 
4 21 21
105 98 79 81 124 
5 20 95
99 108 97 86 104 
6 77 76
119 106 117 123 97 
7 44 48
114 122 92 96 97 
8 87 96
79 81 91 112 106 
9 73 94
106 116 114 82 101 
10 62 70
81 115 121 77 98 
11 39 1
121 108 124 112 107 
12 68 61
80 80 81 86 88 
13 25 1
119 123 121 102 114 
14 86 86
91 124 81 99 116 
15 3 27
89 118 103 87 101 
16 78 53
86 121 89 91 76 
17 21 80
89 121 105 86 119 
18 27 89
109 88 100 77 87 
19 84 27
80 113 79 95 106 
20 83 35
84 84 111 95 81 
21 52 37
84 98 93 101 95 
22 49 38
89 101 102 75 114 
23 56 55
79 113 107 84 101 
24 37 82
84 93 91 94 103 
25 3 90
111 80 103 120 104 
26 47 74
76 121 87 90 97 
27 41 19
88 122 99 94 110 
28 58 30
87 118 85 96 87 
29 79 43
117 106 109 105 113 
30 15 28
92 85 76 93 83 
31 64 87
107 80 81 120 77 
32 81 66
115 112 121 79 106 
33 9 76
120 112 95 114 95 
34 55 70
83 93 123 103 105 
35 2 47
113 90 109 97 97 
36 41 68
102 96 109 92 83 
37 31 22
116 116 123 113 103 
38 19 78
123 99 123 83 117 
39 48 87
99 123 108 89 90 
40 70 87
113 85 81 90 106 
41 91 85
116 98 80 110 89 
42 54 24
117 99 76 117 123 
43 100 53
118 121 114 92 122 
44 25 33
87 118 93 77 78 
45 77 20
111 92 78 105 115 
46 9 16
81 89 113 75 113 
47 40 95
113 116 121 106 114 
48 86 50
111 86 108 76 80 
49 4 56
85 105 100 124 124 

