50 5 995
0 2 84
99 101 98 102 100 
1 64 29
100 99 99 99 99 
2 4 15
97 96 96 104 102 
3 5 69
104 98 103 97 97 
4 21 21
95 98 99 101 104 
5 20 95
99 98 97 96 104 
6 77 76
99 96 97 103 97 
7 44 48
104 102 102 96 97 
8 87 96
99 101 101 102 96 
9 73 94
96 96 104 102 101 
10 62 70
101 95 101 97 98 
11 39 1
101 98 104 102 97 
12 68 61
100 100 101 96 98 
13 25 1
99 103 101 102 104 
14 86 86
101 104 101 99 96 
15 3 27
99 98 103 97 101 
16 78 53
96 101 99 101 96 
17 21 80
99 101 95 96 99 
18 27 89
99 98 100 97 97 
19 84 27
100 103 99 95 96 
20 83 35
104 104 101 95 101 
21 52 37
104 98 103 101 95 
22 49 38
99 101 102 95 104 
23 56 55
99 103 97 104 101 
24 37 82
104 103 101 104 103 
25 3 90
101 100 103 100 104 
26 47 74
96 101 97 100 97 
27 41 19
98 102 99 104 100 
28 58 30
97 98 95 96 97 
29 79 43
97 96 99 95 103 
30 15 28
102 95 96 103 103 
31 64 87
97 100 101 100 97 
32 81 66
95 102 101 99 96 
33 9 76
100 102 95 104 95 
34 55 70
103 103 103 103 95 
35 2 47
103 100 99 97 97 
36 41 68
102 96 99 102 103 
37 31 22
96 96 103 103 103 
38 19 78
103 99 103 103 97 
39 48 87
99 103 98 99 100 
40 70 87
103 95 101 100 96 
41 91 85
96 98 100 100 99 
42 54 24
97 99 96 97 103 
43 100 53
98 101 104 102 102 
44 25 33
97 98 103 97 98 
45 77 20
101 102 98 95 95 
46 9 16
101 99 103 95 103 
47 40 95
103 96 101 96 104 
48 86 50
101 96 98 96 100 
49 4 56
95 95 100 104 104 

