500 5 34804
0 84 87
102 90 118 110 111 
1 93 50
96 87 102 115 84 
2 64 27
115 101 97 111 86 
3 69 68
104 107 105 87 98 
4 68 36
104 77 97 83 94 
5 68 94
81 86 117 104 98 
6 22 20
109 112 123 99 90 
7 71 14
101 116 105 81 98 
8 63 71
121 106 80 100 109 
9 28 37
80 121 104 88 82 
10 25 96
107 120 89 92 109 
11 65 44
75 112 83 101 103 
12 89 85
78 76 79 124 107 
13 61 77
93 114 87 101 111 
14 95 40
120 95 109 103 92 
15 2 98
77 92 117 77 81 
16 2 81
111 116 90 114 119 
17 20 41
104 106 92 122 96 
18 82 76
84 102 92 81 122 
19 54 87
90 81 108 94 99 
20 29 72
107 104 78 94 95 
21 69 9
90 115 124 121 98 
22 19 46
121 76 96 80 104 
23 89 65
103 116 75 118 75 
24 35 65
99 89 112 81 118 
25 92 28
90 84 111 107 76 
26 38 29
100 82 99 96 83 
27 96 30
112 110 118 93 103 
28 44 12
103 104 101 79 118 
29 64 14
113 81 115 79 93 
30 29 89
94 92 92 121 99 
31 44 71
108 115 124 97 100 
32 45 91
80 114 79 111 94 
33 83 43
89 122 82 80 79 
34 49 12
97 103 124 118 121 
35 69 41
97 86 85 80 76 
36 62 31
103 80 95 111 119 
37 27 23
90 83 91 107 83 
38 25 38
87 99 75 111 77 
39 100 80
75 93 96 98 106 
40 82 31
108 119 85 88 124 
41 82 100
121 84 98 88 93 
42 91 96
101 91 109 115 115 
43 85 77
117 111 82 120 81 
44 80 19
112 87 123 97 84 
45 10 37
85 117 112 81 76 
46 14 73
96 80 94 124 96 
47 5 40
86 115 92 80 103 
48 28 51
109 83 95 99 97 
49 70 97
106 105 109 117 97 
50 73 51
100 110 97 124 115 
51 43 99
88 123 115 99 115 
52 10 82
94 111 107 80 119 
53 5 80
94 98 101 75 80 
54 61 43
104 109 118 80 96 
55 68 5
88 86 79 101 84 
56 45 3
77 81 109 96 117 
57 69 29
114 97 83 83 123 
58 37 9
78 123 78 108 108 
59 49 91
79 92 121 93 104 
60 1 47
113 122 124 115 78 
61 34 64
122 78 117 111 100 
62 53 97
100 113 82 104 111 
63 61 15
96 85 79 103 102 
64 51 49
81 77 119 122 124 
65 44 40
77 103 78 75 106 
66 48 39
84 76 110 109 114 
67 93 16
102 79 104 124 89 
68 86 30
118 110 102 75 113 
69 72 50
114 92 113 117 120 
70 44 45
104 115 107 115 116 
71 70 27
107 86 117 85 92 
72 24 62
106 84 115 100 121 
73 68 78
109 115 101 99 82 
74 15 69
80 83 87 111 75 
75 47 27
119 91 77 103 104 
76 47 91
122 95 76 105 106 
77 94 58
102 87 111 89 80 
78 13 91
87 104 85 94 114 
79 75 56
116 95 108 112 113 
80 39 67
95 109 81 92 81 
81 61 50
112 80 84 92 93 
82 46 84
98 83 98 112 114 
83 84 8
103 82 89 96 104 
84 1 60
93 113 100 113 99 
85 34 58
106 118 83 95 124 
86 18 40
94 88 97 119 98 
87 48 32
87 107 115 117 116 
88 58 16
96 82 99 116 122 
89 52 32
96 112 115 79 105 
90 99 26
106 91 91 77 106 
91 40 97
79 113 105 93 96 
92 71 63
87 104 102 110 111 
93 5 77
108 82 84 82 119 
94 100 12
102 75 111 85 93 
95 6 64
124 119 86 80 109 
96 92 76
80 89 114 93 118 
97 19 6
107 97 107 92 105 
98 94 75
101 118 111 78 118 
99 75 15
88 104 102 87 100 
100 89 20
85 107 119 92 121 
101 36 38
116 78 118 98 103 
102 26 92
85 93 92 111 88 
103 56 91
83 105 79 96 86 
104 34 86
114 98 79 76 80 
105 51 69
78 110 81 120 114 
106 50 21
92 101 88 102 121 
107 82 66
85 111 80 95 93 
108 12 43
107 121 104 96 95 
109 85 73
102 109 115 108 97 
110 99 31
88 122 75 105 98 
111 15 60
97 122 99 107 110 
112 33 5
79 118 123 111 115 
113 79 60
87 87 108 116 123 
114 24 25
97 97 79 110 96 
115 58 66
122 96 101 94 93 
116 2 4
78 108 82 84 103 
117 7 98
95 109 83 109 123 
118 92 77
123 90 77 96 114 
119 60 7
85 91 99 84 114 
120 1 79
84 78 106 89 113 
121 90 27
92 122 98 112 106 
122 33 23
106 100 75 104 115 
123 55 51
106 88 82 119 106 
124 82 4
95 108 107 106 112 
125 16 97
100 79 97 117 76 
126 98 33
109 106 81 90 82 
127 9 96
124 87 122 108 101 
128 55 78
84 112 107 107 96 
129 67 64
85 107 86 110 111 
130 86 31
115 108 89 101 91 
131 21 93
100 103 114 100 115 
132 37 61
93 118 112 103 107 
133 22 11
80 113 100 90 95 
134 38 54
83 97 108 75 82 
135 98 28
101 94 96 76 124 
136 11 29
114 123 113 85 118 
137 78 91
101 124 77 106 112 
138 78 100
82 91 77 92 116 
139 36 69
123 109 120 101 80 
140 67 29
79 103 83 118 103 
141 98 56
97 99 120 75 100 
142 98 84
87 102 107 96 118 
143 35 40
109 96 84 110 82 
144 55 62
87 97 116 91 77 
145 51 63
107 124 92 79 98 
146 16 7
76 89 115 88 116 
147 73 38
112 84 103 96 105 
148 88 57
115 116 95 77 90 
149 12 70
92 86 108 76 87 
150 1 7
113 92 89 114 107 
151 55 5
100 104 116 87 113 
152 70 37
95 81 119 85 124 
153 15 66
89 101 111 108 114 
154 70 36
77 96 118 115 114 
155 10 32
98 89 110 123 120 
156 78 14
108 123 124 80 80 
157 94 69
81 85 108 98 111 
158 72 59
102 115 120 106 86 
159 91 24
75 75 79 100 89 
160 43 25
84 94 114 119 94 
161 39 52
101 108 94 108 118 
162 5 57
106 100 91 86 92 
163 13 93
104 77 93 106 77 
164 75 8
93 91 108 102 112 
165 73 74
82 87 100 108 122 
166 97 19
116 78 101 99 105 
167 94 86
123 80 105 104 84 
168 99 61
87 99 94 105 116 
169 3 11
105 101 108 114 115 
170 9 24
113 82 118 106 85 
171 21 6
115 88 116 113 95 
172 22 68
104 96 105 118 120 
173 100 25
113 79 111 94 107 
174 70 11
98 105 108 88 112 
175 80 95
124 124 76 114 89 
176 43 31
111 90 124 90 111 
177 82 12
109 108 112 97 112 
178 74 44
94 117 79 119 99 
179 40 60
88 93 78 87 94 
180 6 5
108 124 109 94 90 
181 36 88
78 94 75 112 77 
182 38 63
114 85 80 85 79 
183 12 58
104 78 91 117 96 
184 23 6
118 104 86 103 103 
185 48 1
120 107 112 124 76 
186 90 87
78 101 123 119 111 
187 7 8
117 92 89 96 95 
188 81 67
119 79 98 112 108 
189 85 18
87 106 92 84 90 
190 57 9
94 120 120 97 96 
191 96 70
84 76 101 77 96 
192 41 26
118 97 116 114 102 
193 67 79
87 75 121 99 108 
194 14 87
124 95 119 93 90 
195 42 43
114 112 88 123 115 
196 40 3
88 106 103 82 79 
197 72 47
108 113 100 120 115 
198 22 73
101 109 83 100 81 
199 53 46
97 121 114 86 108 
200 4 62
100 117 91 114 99 
201 45 97
105 92 119 88 82 
202 20 61
75 117 107 101 104 
203 91 54
110 120 123 82 116 
204 38 71
101 115 109 76 108 
205 1 93
84 121 115 114 88 
206 36 5
98 81 89 98 76 
207 50 52
105 114 79 90 111 
208 3 26
104 116 122 82 109 
209 32 62
94 106 78 103 102 
210 95 20
118 106 98 93 112 
211 40 44
113 113 119 95 105 
212 99 87
93 77 88 123 120 
213 11 6
104 117 91 123 100 
214 73 79
78 91 122 123 122 
215 73 17
111 87 84 102 75 
216 54 98
107 78 110 76 82 
217 99 50
79 86 81 109 78 
218 26 85
103 122 88 108 90 
219 61 82
89 110 122 75 122 
220 9 30
124 88 104 109 91 
221 15 86
100 90 111 105 101 
222 93 17
104 94 77 84 91 
223 16 96
108 103 101 122 88 
224 27 1
87 111 104 88 75 
225 9 98
91 100 107 119 115 
226 21 27
93 90 119 124 109 
227 47 9
78 87 78 111 117 
228 33 35
82 85 109 94 121 
229 16 85
121 99 107 90 76 
230 17 62
118 112 112 86 77 
231 82 61
113 104 95 116 118 
232 25 29
110 83 87 117 95 
233 97 64
91 86 75 90 112 
234 35 33
115 75 118 108 114 
235 81 95
118 88 79 107 119 
236 76 24
113 76 76 98 86 
237 66 69
106 88 108 124 102 
238 36 15
89 94 121 82 97 
239 92 41
86 98 112 82 111 
240 94 40
106 95 89 96 96 
241 19 97
109 108 89 92 122 
242 1 68
99 110 108 115 82 
243 33 50
104 98 115 117 122 
244 30 50
110 97 115 93 118 
245 56 40
91 100 111 78 85 
246 53 21
82 79 112 108 115 
247 22 27
122 80 102 103 103 
248 70 71
102 123 95 88 96 
249 61 84
91 92 98 107 117 
250 12 36
78 88 83 87 93 
251 96 99
85 93 101 84 98 
252 4 88
79 98 82 106 98 
253 30 97
119 117 105 87 84 
254 56 48
79 91 109 84 106 
255 43 74
76 113 96 88 83 
256 100 23
109 80 86 115 105 
257 72 24
78 75 95 75 117 
258 53 13
79 82 84 83 100 
259 95 18
83 111 115 85 101 
260 15 74
112 90 123 96 95 
261 10 64
75 107 111 79 108 
262 59 57
102 85 93 106 94 
263 29 42
121 99 83 80 85 
264 2 66
114 92 115 101 107 
265 39 100
80 75 87 82 107 
266 49 62
92 82 94 122 94 
267 39 29
114 93 95 110 117 
268 81 43
79 108 82 118 75 
269 51 22
110 113 95 115 115 
270 35 48
100 108 86 119 117 
271 31 92
88 95 95 79 113 
272 43 93
105 97 109 110 83 
273 95 81
83 119 77 120 109 
274 23 88
100 82 110 77 117 
275 49 97
111 105 115 124 76 
276 13 57
114 79 123 97 103 
277 83 58
113 101 112 122 95 
278 40 95
80 89 107 107 98 
279 70 37
90 92 109 78 124 
280 25 55
75 111 85 117 117 
281 59 65
98 116 96 86 94 
282 11 61
115 77 80 122 91 
283 90 82
114 83 92 81 100 
284 2 12
99 103 90 102 91 
285 77 70
86 109 108 111 102 
286 7 100
122 91 85 114 95 
287 68 87
111 83 92 102 91 
288 37 36
118 112 121 94 92 
289 13 97
109 115 92 120 99 
290 51 32
77 83 105 76 100 
291 43 91
122 86 101 109 94 
292 96 64
110 106 76 105 95 
293 98 1
113 86 121 99 76 
294 15 70
103 91 77 107 100 
295 83 34
77 102 98 124 115 
296 52 36
85 121 124 122 104 
297 3 29
124 124 103 114 88 
298 77 64
91 115 109 119 84 
299 37 77
109 96 84 113 75 
300 85 40
115 110 100 75 106 
301 27 51
87 103 103 89 104 
302 59 54
119 109 94 86 102 
303 6 58
111 117 109 97 90 
304 96 11
90 107 124 82 92 
305 77 59
76 77 85 88 107 
306 39 28
89 121 108 83 105 
307 55 70
82 84 102 120 76 
308 14 68
93 85 104 110 117 
309 32 44
87 82 78 88 87 
310 14 29
121 76 81 85 124 
311 42 70
106 120 115 114 79 
312 70 37
83 107 79 101 120 
313 34 15
112 89 82 76 99 
314 11 65
113 98 118 109 101 
315 2 46
100 119 91 81 114 
316 57 48
120 101 109 78 85 
317 41 83
80 98 123 120 115 
318 6 47
91 92 88 79 115 
319 9 91
93 86 110 118 80 
320 2 52
119 85 76 116 113 
321 36 48
123 100 106 81 75 
322 30 52
117 109 124 85 76 
323 65 65
118 97 80 86 108 
324 43 57
115 121 84 111 83 
325 11 29
121 122 100 119 99 
326 57 51
100 110 78 94 96 
327 56 81
99 94 121 92 119 
328 4 31
104 121 111 95 119 
329 46 59
77 83 111 123 80 
330 14 45
105 96 122 82 83 
331 1 79
104 82 83 78 104 
332 8 73
100 85 77 79 83 
333 41 27
77 111 110 81 121 
334 24 5
76 112 76 108 85 
335 49 93
94 75 96 75 83 
336 82 57
112 113 103 87 76 
337 84 19
84 98 120 89 86 
338 83 73
82 82 104 86 119 
339 31 45
82 103 112 101 103 
340 61 29
111 116 109 100 107 
341 66 40
108 123 83 119 98 
342 56 11
110 114 108 119 121 
343 13 56
118 117 75 75 95 
344 90 29
75 124 81 112 117 
345 42 15
99 83 79 84 83 
346 65 55
106 94 91 93 85 
347 100 64
81 88 93 124 80 
348 71 2
102 86 104 103 87 
349 87 18
80 104 108 104 114 
350 38 90
122 78 120 105 99 
351 12 100
109 86 89 118 101 
352 85 43
107 82 121 86 93 
353 26 42
106 88 85 111 119 
354 95 18
110 108 83 107 112 
355 54 16
88 92 89 123 105 
356 81 42
81 89 110 113 98 
357 32 53
117 84 120 100 99 
358 57 64
96 77 105 81 110 
359 92 90
99 119 81 113 86 
360 71 39
116 77 104 123 93 
361 67 39
117 75 117 109 84 
362 89 62
110 121 99 81 123 
363 57 14
110 122 79 87 119 
364 11 3
82 107 115 76 111 
365 72 100
79 114 114 121 114 
366 85 83
75 97 118 111 93 
367 20 93
93 101 82 78 100 
368 64 16
94 100 94 102 84 
369 10 81
120 107 106 75 97 
370 21 47
88 81 104 89 103 
371 25 51
123 119 119 93 97 
372 5 73
122 92 114 94 118 
373 10 49
79 95 103 75 80 
374 60 51
104 106 123 117 113 
375 78 7
93 79 83 94 123 
376 4 88
95 82 86 94 101 
377 4 41
96 89 113 101 111 
378 17 77
116 102 103 97 84 
379 27 66
124 79 98 92 83 
380 33 89
83 112 101 105 119 
381 40 52
97 117 117 119 81 
382 81 23
118 124 123 111 103 
383 77 10
112 77 101 113 83 
384 50 59
93 106 121 103 95 
385 75 59
89 89 87 114 81 
386 55 36
90 109 82 85 110 
387 8 47
89 108 80 78 112 
388 34 43
123 108 75 93 91 
389 47 50
112 96 84 78 112 
390 22 43
118 100 102 85 87 
391 87 71
122 118 92 86 103 
392 25 18
91 83 84 91 118 
393 60 87
84 82 110 121 105 
394 96 3
92 91 121 88 117 
395 75 24
81 85 119 78 81 
396 64 18
109 114 109 77 124 
397 94 19
117 79 80 79 88 
398 93 3
119 112 79 86 81 
399 2 27
123 102 75 79 114 
400 97 10
120 86 101 105 77 
401 13 33
77 82 78 121 86 
402 61 51
102 77 78 96 115 
403 58 85
123 85 86 123 112 
404 14 55
102 86 88 99 99 
405 43 55
101 79 114 103 89 
406 43 26
102 77 102 79 79 
407 81 76
121 115 85 119 75 
408 24 43
115 113 121 94 124 
409 13 94
100 79 123 76 85 
410 88 83
99 104 84 77 108 
411 87 7
112 92 109 111 84 
412 47 31
84 94 100 76 82 
413 74 71
83 110 89 108 114 
414 65 87
77 78 93 101 107 
415 28 31
92 91 112 79 108 
416 72 93
119 92 100 80 113 
417 1 8
122 98 102 82 84 
418 94 93
75 82 103 77 85 
419 48 32
119 101 86 86 117 
420 99 69
102 96 85 96 115 
421 88 80
105 112 111 104 88 
422 64 37
99 84 103 99 91 
423 60 30
102 83 85 96 109 
424 74 36
104 99 78 83 120 
425 16 83
113 78 86 93 117 
426 48 1
80 87 111 106 96 
427 18 59
113 101 112 92 109 
428 100 41
95 97 102 76 121 
429 83 11
119 123 117 107 78 
430 54 3
122 77 79 80 89 
431 92 87
113 85 119 103 113 
432 84 46
97 109 112 119 82 
433 66 97
80 122 81 124 122 
434 51 84
77 78 113 75 80 
435 93 6
96 110 116 86 120 
436 89 40
108 98 111 82 83 
437 27 3
90 116 75 95 115 
438 9 23
113 83 82 115 86 
439 96 41
93 115 122 116 100 
440 42 54
98 104 119 83 77 
441 34 17
85 84 95 102 75 
442 73 1
115 105 99 105 113 
443 32 72
124 104 88 94 94 
444 62 13
121 79 92 94 108 
445 63 29
112 120 121 75 79 
446 67 30
81 113 104 121 93 
447 56 30
83 112 75 82 93 
448 16 79
112 103 115 110 107 
449 9 6
92 97 110 82 94 
450 82 8
98 124 111 104 114 
451 19 28
82 98 81 90 87 
452 9 75
105 101 79 94 81 
453 47 56
114 81 87 83 103 
454 98 66
122 105 97 97 104 
455 62 4
93 106 108 102 81 
456 92 45
94 77 95 76 103 
457 27 24
109 97 105 100 104 
458 95 85
84 116 124 84 98 
459 75 82
77 110 112 97 91 
460 21 2
99 86 120 118 90 
461 68 48
118 118 97 105 92 
462 5 8
121 123 116 83 114 
463 94 18
87 92 75 91 79 
464 88 41
97 84 116 121 98 
465 39 43
113 80 114 107 75 
466 64 15
92 92 96 91 90 
467 66 25
81 83 116 95 100 
468 92 89
104 106 103 76 115 
469 70 98
88 84 116 77 91 
470 33 87
91 120 75 110 89 
471 74 2
104 113 102 112 121 
472 19 58
98 87 120 79 118 
473 26 8
110 121 80 124 80 
474 49 54
98 106 114 114 101 
475 92 78
116 89 105 97 80 
476 9 61
76 101 94 102 115 
477 16 82
108 117 114 94 114 
478 47 71
121 119 98 95 100 
479 15 62
79 80 113 120 96 
480 70 70
101 102 104 105 80 
481 100 58
121 91 113 106 83 
482 80 3
124 100 99 121 97 
483 48 17
122 86 102 76 93 
484 17 99
115 112 93 91 91 
485 50 97
96 123 80 94 91 
486 97 52
102 100 80 101 78 
487 31 73
100 104 113 97 118 
488 19 77
86 111 101 76 98 
489 95 71
114 121 93 87 121 
490 25 33
88 95 110 115 122 
491 93 19
75 97 118 100 79 
492 84 51
122 76 103 83 112 
493 5 63
87 76 107 76 122 
494 3 67
118 101 75 83 123 
495 38 51
123 104 94 123 79 
496 13 77
83 122 103 80 124 
497 9 64
111 89 102 76 90 
498 10 55
89 87 95 85 115 
499 71 69
116 82 96 114 114 

