50 5 2468
0 2 4
124 76 113 87 75 
1 4 9
135 94 104 64 114 
2 4 5
52 91 51 99 67 
3 5 9
129 123 68 72 132 
4 1 1
80 123 54 106 149 
5 10 5
74 133 72 111 129 
6 7 6
94 81 92 148 122 
7 4 8
139 97 117 71 122 
8 7 6
104 56 66 87 81 
9 3 4
81 141 89 57 76 
10 2 10
56 140 146 52 123 
11 9 1
96 83 149 137 82 
12 8 1
55 55 106 61 113 
13 5 1
144 98 96 127 89 
14 6 6
116 149 56 74 91 
15 3 7
64 143 128 62 76 
16 8 3
61 146 114 66 51 
17 1 10
114 146 130 61 94 
18 7 9
134 113 75 52 112 
19 4 7
105 88 54 120 81 
20 3 5
59 109 136 70 106 
21 2 7
59 73 118 76 70 
22 9 8
114 76 127 50 139 
23 6 5
54 88 82 109 126 
24 7 2
109 68 66 119 128 
25 3 10
136 55 128 145 79 
26 7 4
51 96 112 115 122 
27 1 9
63 97 74 119 135 
28 8 10
112 143 60 71 62 
29 9 3
92 131 134 130 88 
30 5 8
117 110 51 118 108 
31 4 7
132 105 106 145 52 
32 1 6
90 87 96 104 81 
33 9 6
145 137 120 139 70 
34 5 10
108 118 98 128 130 
35 2 7
88 115 134 122 122 
36 1 8
77 71 134 117 108 
37 1 2
91 141 98 138 128 
38 9 8
148 74 148 58 142 
39 8 7
74 98 83 64 115 
40 10 7
88 60 56 115 81 
41 1 5
91 123 55 85 114 
42 4 4
92 74 51 142 98 
43 10 3
143 96 89 67 97 
44 5 3
62 143 68 52 53 
45 7 10
136 117 53 130 90 
46 9 6
106 64 88 100 88 
47 10 5
88 141 96 81 139 
48 6 10
86 111 83 51 105 
49 4 6
60 130 125 99 149 

