500 5 44755
0 7 6
103 95 100 95 97 
1 7 2
99 103 99 98 104 
2 3 2
99 100 96 100 100 
3 3 9
103 98 102 100 102 
4 9 9
99 99 101 99 101 
5 2 6
103 95 103 99 103 
6 3 8
103 102 96 97 97 
7 3 10
104 99 102 103 102 
8 7 6
101 99 100 96 96 
9 2 8
102 98 97 103 98 
10 1 3
98 100 95 96 97 
11 2 6
101 98 101 101 102 
12 5 7
101 95 96 98 102 
13 7 7
103 103 98 100 98 
14 7 6
101 103 103 104 98 
15 9 4
102 96 95 101 99 
16 8 3
98 98 95 96 98 
17 2 5
97 104 97 95 102 
18 7 9
95 99 98 103 99 
19 2 1
103 96 100 100 97 
20 8 4
103 99 100 98 104 
21 6 6
98 103 96 102 103 
22 5 9
102 97 103 95 103 
23 2 1
97 100 97 95 103 
24 8 9
98 102 96 98 98 
25 10 8
98 101 99 103 102 
26 6 6
100 96 98 99 98 
27 2 5
98 100 102 101 95 
28 10 9
95 104 103 98 101 
29 3 8
104 96 101 97 104 
30 1 1
101 100 101 98 104 
31 2 1
99 98 99 103 95 
32 2 5
97 98 99 97 97 
33 4 9
103 100 100 102 103 
34 2 3
104 96 97 103 103 
35 1 2
102 97 96 97 102 
36 9 1
102 96 101 104 99 
37 1 4
103 100 96 101 97 
38 9 7
95 104 103 97 97 
39 3 1
96 98 98 95 102 
40 8 5
99 102 99 98 103 
41 3 5
100 100 102 98 95 
42 2 3
98 104 95 100 96 
43 1 8
98 97 104 101 102 
44 4 10
99 97 98 95 104 
45 1 6
104 97 104 99 102 
46 10 1
95 95 99 100 96 
47 5 3
97 99 97 103 103 
48 2 5
101 101 100 97 103 
49 10 6
102 104 95 104 96 
50 3 4
96 98 100 98 98 
51 10 9
101 100 95 104 104 
52 5 10
103 101 98 101 99 
53 2 9
98 95 100 97 104 
54 9 2
97 95 102 100 98 
55 3 9
103 99 103 99 104 
56 2 6
96 100 99 104 96 
57 1 6
101 96 100 96 98 
58 2 4
99 96 102 101 96 
59 5 3
101 103 97 99 99 
60 2 1
101 99 103 102 104 
61 5 9
98 99 100 96 102 
62 3 3
97 100 102 101 101 
63 7 4
102 97 102 98 98 
64 2 10
102 99 97 100 103 
65 1 3
103 99 97 96 96 
66 8 5
95 95 103 98 100 
67 6 10
97 99 99 96 101 
68 2 8
104 100 101 104 104 
69 9 5
103 103 104 101 100 
70 2 10
101 96 98 103 98 
71 2 2
95 103 98 97 97 
72 8 7
96 96 98 95 101 
73 2 2
100 95 101 100 95 
74 8 4
102 103 97 100 96 
75 8 5
99 95 102 100 96 
76 1 10
98 95 102 101 98 
77 1 10
104 99 95 101 99 
78 7 5
101 98 102 101 99 
79 1 2
100 104 102 97 95 
80 6 8
96 102 103 101 104 
81 7 4
97 103 97 96 97 
82 3 1
103 96 99 102 101 
83 2 4
97 98 101 95 98 
84 5 3
100 96 96 101 103 
85 2 5
95 102 104 97 103 
86 2 7
95 101 101 104 104 
87 3 7
102 100 96 95 96 
88 8 3
99 96 101 96 97 
89 8 10
98 95 98 98 95 
90 4 6
103 101 98 103 99 
91 10 10
98 98 100 98 104 
92 7 6
95 101 102 101 102 
93 4 10
97 97 103 102 99 
94 2 3
99 99 104 97 98 
95 4 2
102 97 97 98 103 
96 9 7
104 101 96 96 97 
97 1 8
97 100 101 99 102 
98 7 4
96 102 100 103 99 
99 5 1
102 102 98 101 97 
100 7 10
95 101 102 96 99 
101 1 3
102 97 96 96 102 
102 10 8
101 100 95 103 97 
103 6 7
103 96 103 102 104 
104 3 5
98 103 100 100 101 
105 6 7
95 102 103 104 95 
106 10 1
102 95 102 99 100 
107 8 5
104 99 97 95 103 
108 1 8
102 97 98 97 97 
109 2 8
95 101 100 96 98 
110 4 1
100 99 96 98 101 
111 1 8
96 95 96 97 101 
112 4 3
99 100 95 98 95 
113 6 6
99 101 99 100 99 
114 10 7
95 99 103 100 95 
115 10 9
101 97 102 102 97 
116 1 1
103 100 99 98 96 
117 5 7
98 97 99 102 103 
118 9 3
100 103 95 100 97 
119 10 3
98 95 98 104 97 
120 3 10
99 98 96 100 95 
121 6 1
96 97 103 99 99 
122 3 5
97 96 101 104 96 
123 8 7
98 101 104 103 101 
124 5 1
104 101 104 100 104 
125 1 3
95 102 99 98 104 
126 4 1
98 102 99 103 95 
127 1 8
96 104 99 102 100 
128 6 8
99 104 102 100 100 
129 7 3
100 103 100 102 101 
130 2 1
100 99 95 96 99 
131 7 10
99 102 101 103 101 
132 3 8
99 102 99 95 101 
133 3 6
97 103 104 104 104 
134 7 7
100 103 103 97 99 
135 2 4
103 102 97 100 101 
136 2 4
100 98 95 96 98 
137 7 2
104 103 103 98 104 
138 8 5
103 99 97 100 99 
139 2 10
103 99 98 102 98 
140 8 3
95 95 102 102 101 
141 10 9
104 100 96 95 99 
142 2 5
100 103 103 100 99 
143 2 1
103 99 96 102 103 
144 5 7
98 99 95 98 99 
145 10 3
95 103 95 96 100 
146 4 3
96 99 103 101 98 
147 9 2
104 96 98 103 102 
148 6 8
102 96 98 96 100 
149 6 5
97 99 102 99 97 
150 10 7
104 100 95 96 104 
151 9 8
99 103 96 99 95 
152 7 5
102 96 96 100 100 
153 7 7
97 96 97 99 100 
154 2 10
104 98 102 103 103 
155 8 2
104 102 104 99 100 
156 3 1
102 103 101 100 97 
157 10 3
104 100 95 96 103 
158 5 7
100 103 102 101 98 
159 7 7
96 100 103 97 97 
160 10 9
104 96 103 102 96 
161 7 5
100 100 103 99 97 
162 9 7
97 99 99 102 97 
163 4 6
100 104 97 103 99 
164 1 4
103 96 96 102 99 
165 3 5
102 103 103 98 99 
166 7 10
103 101 102 96 96 
167 4 1
100 101 101 98 102 
168 9 4
96 95 101 104 96 
169 1 10
100 97 98 97 95 
170 5 8
101 95 104 100 104 
171 7 9
97 95 103 102 103 
172 5 3
101 99 103 104 99 
173 7 2
102 101 95 99 103 
174 4 10
96 102 101 104 95 
175 8 7
104 99 99 98 101 
176 4 1
99 104 100 97 99 
177 4 3
95 96 98 103 103 
178 4 5
103 103 98 96 103 
179 3 2
103 104 102 104 98 
180 5 3
96 104 99 101 103 
181 2 1
97 101 97 98 103 
182 8 4
101 95 102 99 96 
183 2 7
104 98 104 102 99 
184 9 9
103 97 95 96 96 
185 7 10
95 103 95 99 99 
186 3 10
97 97 99 103 99 
187 3 6
100 100 98 99 95 
188 5 4
99 97 96 99 102 
189 4 7
103 95 100 95 95 
190 6 8
99 95 101 102 97 
191 4 8
101 100 99 97 97 
192 10 9
97 98 99 101 103 
193 6 4
100 96 104 98 98 
194 5 7
98 97 100 102 97 
195 4 7
99 101 101 97 96 
196 3 7
100 97 100 102 102 
197 10 7
100 101 104 95 104 
198 1 7
97 99 97 100 101 
199 8 6
95 95 96 101 104 
200 10 10
95 97 102 103 99 
201 5 6
98 100 98 104 97 
202 5 10
98 99 100 101 96 
203 10 4
104 103 103 95 96 
204 3 7
95 96 102 97 98 
205 6 1
104 104 103 98 102 
206 2 5
96 103 100 99 97 
207 2 1
98 97 99 98 98 
208 5 4
99 101 96 101 103 
209 2 9
98 101 96 100 102 
210 10 1
99 97 99 100 95 
211 2 1
100 99 97 103 102 
212 9 4
97 98 103 101 104 
213 1 5
104 96 97 100 104 
214 6 3
101 101 97 98 104 
215 9 9
96 104 95 101 99 
216 6 8
98 98 95 100 101 
217 10 4
103 96 102 102 99 
218 2 5
100 102 101 98 98 
219 1 7
99 103 102 103 95 
220 10 5
101 99 98 104 103 
221 5 7
101 100 104 99 103 
222 7 5
99 104 103 104 101 
223 8 3
97 102 96 101 103 
224 9 7
103 102 96 99 99 
225 7 6
97 95 98 103 102 
226 3 4
102 95 104 96 104 
227 10 1
103 101 100 95 99 
228 7 9
97 99 100 97 98 
229 9 9
102 99 100 96 102 
230 9 1
99 95 100 99 97 
231 5 6
96 98 103 96 97 
232 4 2
101 104 97 95 100 
233 8 5
103 102 99 103 98 
234 10 10
95 104 96 102 104 
235 7 2
98 97 103 101 103 
236 7 9
95 104 104 103 95 
237 4 1
100 95 99 101 104 
238 1 5
98 104 100 98 103 
239 8 3
104 98 98 99 103 
240 3 1
101 95 103 103 95 
241 1 7
95 98 103 103 101 
242 5 5
100 99 103 95 100 
243 4 7
100 95 103 99 101 
244 5 1
99 103 95 97 103 
245 2 1
95 96 103 98 101 
246 7 2
97 95 100 95 101 
247 6 3
96 103 103 101 96 
248 10 3
104 98 97 100 98 
249 5 8
96 100 104 97 103 
250 10 6
100 100 101 104 102 
251 4 10
100 103 99 101 103 
252 3 5
104 96 101 95 101 
253 1 6
104 101 99 98 97 
254 6 8
97 99 97 102 96 
255 1 8
95 100 103 100 98 
256 3 2
96 102 102 98 95 
257 6 6
104 100 96 103 99 
258 8 2
103 98 103 95 104 
259 3 9
96 99 102 96 104 
260 8 8
97 95 95 101 104 
261 9 2
104 98 101 95 104 
262 10 10
100 102 97 98 97 
263 4 4
96 102 98 97 97 
264 1 5
98 103 98 103 95 
265 4 5
96 96 102 97 100 
266 4 4
101 98 97 96 97 
267 7 5
99 104 102 102 104 
268 2 1
96 98 101 99 96 
269 10 5
98 99 103 99 101 
270 8 8
96 96 95 104 101 
271 5 1
95 95 101 101 97 
272 6 4
96 103 100 99 97 
273 4 1
100 99 100 104 104 
274 6 6
100 98 99 103 101 
275 5 8
97 95 104 99 98 
276 6 1
102 95 100 103 104 
277 4 5
96 101 99 103 96 
278 10 10
97 102 100 104 95 
279 10 8
101 101 101 95 103 
280 6 5
96 97 101 103 97 
281 2 9
98 101 97 101 98 
282 10 6
101 95 99 103 102 
283 2 8
102 98 101 100 96 
284 3 6
104 104 96 96 96 
285 8 2
100 96 95 96 104 
286 5 8
97 98 99 103 99 
287 2 9
96 97 102 96 102 
288 4 7
103 102 97 103 101 
289 6 2
104 100 99 102 103 
290 5 9
102 96 100 95 99 
291 3 1
95 98 96 97 102 
292 9 4
100 99 96 98 96 
293 6 4
95 96 101 96 101 
294 2 9
99 102 103 98 103 
295 7 6
100 103 103 100 96 
296 10 10
103 104 99 98 98 
297 7 10
102 96 99 102 97 
298 4 1
95 101 96 101 100 
299 10 1
101 100 102 96 98 
300 6 9
99 101 103 98 101 
301 5 9
96 95 102 103 97 
302 5 8
101 102 103 104 100 
303 10 6
95 103 102 101 101 
304 6 10
104 97 103 99 104 
305 9 10
100 97 102 103 98 
306 8 8
102 98 101 100 97 
307 5 7
102 100 97 104 101 
308 2 7
97 103 100 96 96 
309 6 8
95 98 103 102 101 
310 7 6
96 100 99 95 95 
311 2 8
97 102 99 96 98 
312 9 1
96 104 101 98 103 
313 5 7
96 104 101 98 98 
314 5 1
96 97 102 99 104 
315 3 7
104 98 98 96 95 
316 8 5
100 102 100 101 104 
317 4 2
104 102 103 95 102 
318 7 4
97 95 100 98 98 
319 3 8
99 99 100 99 104 
320 9 8
97 103 97 102 100 
321 10 5
99 97 100 98 95 
322 6 6
104 96 103 96 99 
323 6 7
102 103 100 98 99 
324 1 8
99 103 102 101 103 
325 10 4
101 95 104 95 97 
326 8 7
97 97 98 98 101 
327 5 5
95 104 95 104 104 
328 6 3
99 100 97 95 101 
329 10 7
99 95 96 95 95 
330 4 4
97 95 96 102 99 
331 5 1
95 103 100 97 95 
332 8 2
104 98 101 98 95 
333 9 4
101 104 96 98 104 
334 6 4
104 103 103 98 95 
335 10 1
99 99 98 102 99 
336 1 2
99 102 98 99 97 
337 2 10
100 104 98 98 103 
338 7 7
104 96 97 103 104 
339 1 4
104 95 99 101 101 
340 10 6
97 104 101 102 103 
341 2 4
96 97 97 101 98 
342 8 10
98 99 103 97 100 
343 1 3
102 95 101 103 97 
344 3 5
103 96 96 96 97 
345 9 1
95 104 98 96 99 
346 8 10
102 102 96 96 96 
347 10 4
103 104 103 102 104 
348 5 7
97 101 97 97 104 
349 5 6
96 97 100 96 98 
350 9 6
102 103 99 100 100 
351 6 9
103 101 98 101 100 
352 2 5
102 100 97 96 98 
353 5 4
99 103 104 100 97 
354 5 10
101 100 99 98 100 
355 1 1
95 103 103 103 99 
356 3 7
97 100 97 104 96 
357 5 1
101 96 100 96 96 
358 5 9
99 96 102 97 103 
359 4 8
98 101 95 98 99 
360 9 4
95 97 96 97 95 
361 5 2
98 95 98 104 96 
362 10 3
98 100 96 104 101 
363 1 4
101 99 95 104 95 
364 1 5
101 96 104 101 100 
365 2 2
102 100 97 95 100 
366 9 1
104 104 99 99 99 
367 6 6
98 101 103 104 97 
368 1 2
99 98 100 95 101 
369 6 9
98 103 104 96 98 
370 5 2
95 97 98 96 96 
371 9 6
102 100 97 95 98 
372 1 3
100 98 98 96 101 
373 9 2
99 100 95 102 98 
374 10 9
103 98 97 96 102 
375 6 3
95 100 95 103 96 
376 3 9
99 100 95 97 103 
377 4 4
101 99 102 95 96 
378 10 10
102 95 103 102 101 
379 3 1
98 104 100 99 100 
380 6 5
103 104 97 99 99 
381 6 7
99 95 97 95 101 
382 2 3
95 95 97 102 95 
383 3 7
101 99 102 97 98 
384 3 9
95 104 97 95 103 
385 7 6
100 96 98 104 99 
386 6 3
95 103 101 95 103 
387 9 10
96 95 101 102 101 
388 6 2
97 102 104 99 101 
389 4 6
101 95 95 96 96 
390 4 4
100 96 102 103 104 
391 4 9
95 97 95 96 99 
392 7 9
96 96 97 100 95 
393 2 10
103 102 99 99 102 
394 5 9
103 95 96 101 96 
395 1 7
97 98 101 97 102 
396 7 4
99 99 99 100 102 
397 7 1
102 104 104 100 101 
398 7 1
98 95 103 99 95 
399 2 3
98 96 95 103 101 
400 7 1
101 98 101 95 104 
401 3 6
102 103 102 99 104 
402 9 3
103 99 97 98 102 
403 3 10
104 100 98 100 103 
404 4 4
99 95 100 95 100 
405 4 1
99 100 102 96 100 
406 7 9
100 102 95 100 96 
407 5 1
95 103 95 95 98 
408 4 6
96 104 95 102 104 
409 6 1
101 96 97 97 101 
410 1 7
97 103 99 104 100 
411 7 5
104 95 99 104 95 
412 7 2
98 97 103 101 96 
413 9 6
97 101 100 103 102 
414 9 3
98 95 103 102 95 
415 3 7
101 95 97 102 95 
416 8 9
97 100 95 102 102 
417 9 4
103 104 104 97 102 
418 7 1
99 99 98 104 101 
419 2 8
102 101 100 100 101 
420 9 3
104 102 95 96 97 
421 3 10
95 96 99 95 97 
422 6 4
104 97 100 100 103 
423 1 5
102 99 98 99 97 
424 10 2
103 102 98 104 101 
425 6 4
103 103 97 95 96 
426 9 4
98 101 103 99 103 
427 4 10
103 101 100 102 97 
428 10 4
99 103 99 99 102 
429 10 5
100 100 102 98 98 
430 2 7
101 96 96 96 102 
431 10 6
102 99 101 103 95 
432 2 6
97 95 104 101 95 
433 6 4
104 100 102 99 95 
434 7 1
100 102 103 96 103 
435 10 5
103 103 104 100 97 
436 8 4
100 103 96 104 96 
437 1 9
96 100 96 98 97 
438 9 10
97 99 104 104 98 
439 8 1
98 101 99 96 99 
440 6 10
104 97 97 99 98 
441 4 4
99 100 96 102 98 
442 5 1
100 97 95 95 103 
443 2 10
96 104 95 102 102 
444 7 9
99 99 102 98 103 
445 3 10
96 100 99 100 98 
446 9 4
101 97 100 98 102 
447 8 4
100 104 98 104 95 
448 6 7
102 96 101 96 102 
449 5 7
101 103 100 102 100 
450 3 6
103 97 95 101 99 
451 6 1
98 100 98 104 99 
452 7 9
99 96 101 96 100 
453 3 6
99 101 96 95 101 
454 10 1
97 98 102 95 100 
455 8 10
96 99 104 100 104 
456 3 7
100 96 101 104 99 
457 3 4
96 99 103 101 98 
458 2 7
104 97 103 96 100 
459 6 5
97 99 98 99 96 
460 5 2
95 103 102 103 104 
461 4 10
101 102 97 102 96 
462 3 6
101 101 99 101 103 
463 3 10
99 95 100 103 99 
464 1 3
102 99 100 95 98 
465 3 9
99 102 102 95 99 
466 3 1
103 99 100 99 97 
467 10 3
96 99 99 102 99 
468 10 6
95 95 95 95 99 
469 6 1
104 95 103 99 102 
470 8 7
99 104 103 97 101 
471 7 9
103 100 96 104 96 
472 6 9
102 101 101 95 101 
473 7 1
98 96 95 97 96 
474 1 9
96 102 100 100 104 
475 6 10
100 96 104 98 104 
476 3 6
95 104 98 103 101 
477 2 1
99 102 97 102 96 
478 3 3
99 99 95 100 98 
479 8 3
97 98 98 102 99 
480 6 4
98 102 95 99 102 
481 6 5
98 102 101 102 99 
482 9 8
102 97 104 97 101 
483 2 10
96 104 99 99 99 
484 10 4
103 99 103 97 97 
485 9 9
104 99 99 99 96 
486 1 4
102 103 97 100 97 
487 4 10
103 100 103 96 101 
488 5 6
95 99 96 103 95 
489 10 3
97 95 97 98 99 
490 7 10
102 103 100 99 103 
491 8 2
95 96 95 95 103 
492 2 3
101 102 104 101 96 
493 3 7
97 99 96 101 99 
494 4 3
95 97 96 102 97 
495 9 4
96 101 100 98 104 
496 8 7
104 103 95 100 101 
497 10 2
104 99 104 98 103 
498 1 3
99 101 99 99 103 
499 8 2
95 101 101 98 99 

