50 5 994
0 91 20
103 100 96 103 99 
1 78 46
102 97 104 104 98 
2 38 50
99 98 102 95 97 
3 73 70
100 102 96 95 95 
4 97 64
98 101 97 97 96 
5 97 53
102 98 102 102 102 
6 29 7
95 100 101 99 95 
7 76 45
100 104 101 95 101 
8 10 24
103 100 101 97 98 
9 22 17
101 102 103 101 95 
10 18 44
95 100 104 95 97 
11 58 38
99 100 98 104 99 
12 100 63
98 95 102 96 102 
13 24 66
95 101 96 104 100 
14 2 56
103 103 103 103 100 
15 100 89
102 104 102 97 101 
16 12 84
97 97 102 100 98 
17 35 90
97 95 99 100 101 
18 89 75
97 96 96 97 95 
19 32 51
100 95 95 100 96 
20 69 88
102 104 97 97 96 
21 21 10
101 101 103 104 101 
22 6 67
100 100 95 104 101 
23 22 32
103 97 96 101 99 
24 24 32
103 96 95 102 97 
25 93 40
101 99 104 99 96 
26 100 46
104 101 96 99 96 
27 52 14
95 99 101 103 103 
28 30 17
98 98 102 96 99 
29 70 9
104 99 95 100 103 
30 50 20
96 95 100 96 102 
31 77 8
95 95 98 95 101 
32 70 42
100 104 102 103 99 
33 58 42
103 101 96 104 95 
34 2 55
96 97 101 97 98 
35 44 66
97 104 100 97 96 
36 99 74
103 104 101 98 103 
37 24 94
97 97 101 98 104 
38 88 43
96 96 104 99 100 
39 76 100
95 103 99 97 104 
40 90 86
98 104 95 96 104 
41 77 47
104 96 96 97 99 
42 78 28
100 99 96 101 102 
43 71 22
100 102 95 100 100 
44 37 19
102 103 100 95 102 
45 18 52
101 100 104 101 101 
46 41 11
95 102 104 100 98 
47 11 75
98 98 102 103 95 
48 20 4
103 100 98 100 100 
49 81 6
98 104 103 96 99 

