500 5 34933
0 1 10
138 125 111 148 114 
1 8 6
77 92 129 99 143 
2 8 10
104 123 117 80 52 
3 3 10
65 117 141 60 80 
4 7 4
63 136 132 52 111 
5 7 3
127 123 147 107 117 
6 9 7
110 115 106 64 140 
7 6 5
95 149 116 110 116 
8 10 4
98 55 136 112 93 
9 2 7
106 67 118 136 140 
10 8 4
60 95 99 120 112 
11 8 8
54 135 83 99 134 
12 10 3
53 110 87 101 67 
13 4 6
110 146 131 119 115 
14 2 6
58 68 148 68 65 
15 10 9
127 59 127 132 96 
16 2 4
132 112 147 135 73 
17 5 10
142 60 104 55 56 
18 9 5
122 91 131 82 110 
19 2 1
125 80 140 55 141 
20 9 8
87 129 72 122 91 
21 1 10
66 56 148 59 66 
22 6 7
125 95 90 149 136 
23 2 2
148 102 131 76 84 
24 4 2
128 141 120 117 72 
25 3 10
66 114 99 134 121 
26 10 6
89 106 61 64 51 
27 2 4
90 74 146 88 78 
28 10 7
113 103 97 91 94 
29 10 9
69 64 50 85 128 
30 10 10
51 50 115 91 107 
31 7 8
60 130 123 100 106 
32 10 2
135 149 107 98 54 
33 8 2
98 76 51 69 90 
34 2 5
121 52 76 122 53 
35 4 6
62 69 75 72 101 
36 9 4
58 69 116 143 68 
37 4 4
72 82 136 73 109 
38 8 3
101 91 99 124 145 
39 6 10
100 68 114 112 139 
40 10 6
143 89 60 51 109 
41 7 7
79 101 141 102 134 
42 8 8
145 114 71 96 107 
43 1 2
55 147 70 105 65 
44 7 9
107 128 105 100 67 
45 8 2
126 95 99 56 146 
46 1 1
130 67 139 125 83 
47 1 5
93 83 97 98 80 
48 10 4
148 105 123 105 135 
49 1 6
53 99 58 81 144 
50 10 10
141 99 101 73 68 
51 3 2
53 53 127 96 138 
52 5 7
68 93 52 66 100 
53 6 4
86 58 130 141 59 
54 9 5
54 147 66 97 148 
55 8 3
118 62 123 122 65 
56 1 1
105 76 67 123 119 
57 2 3
122 148 67 58 56 
58 9 2
66 136 127 122 86 
59 4 10
136 63 91 105 75 
60 8 10
142 119 51 97 146 
61 9 1
67 139 64 91 138 
62 3 2
96 132 102 64 70 
63 1 7
106 125 107 145 138 
64 2 3
63 68 131 107 89 
65 3 5
137 103 127 107 144 
66 2 9
84 125 50 83 107 
67 5 8
80 84 136 136 112 
68 6 4
100 96 85 66 66 
69 9 4
106 53 128 145 58 
70 8 3
104 100 101 91 76 
71 4 5
85 57 123 115 144 
72 2 5
106 57 139 108 103 
73 8 5
72 147 50 128 102 
74 9 6
110 135 128 117 137 
75 2 9
115 134 84 51 93 
76 10 9
87 121 124 95 80 
77 7 5
85 143 128 107 140 
78 9 8
93 58 63 105 95 
79 2 3
83 74 132 148 110 
80 7 2
53 126 72 143 149 
81 9 9
79 114 92 114 107 
82 2 5
50 101 111 145 62 
83 5 1
107 67 75 92 143 
84 10 4
103 126 94 107 54 
85 9 1
105 117 138 86 81 
86 4 3
91 106 76 91 57 
87 9 7
69 64 88 79 82 
88 6 4
75 125 66 81 53 
89 4 1
109 81 140 64 148 
90 1 3
80 63 104 121 119 
91 2 5
79 71 102 50 85 
92 1 2
69 108 55 147 83 
93 2 1
138 84 70 97 116 
94 1 4
66 142 65 96 108 
95 10 10
129 52 83 110 73 
96 6 2
61 78 92 132 136 
97 8 2
121 71 61 109 57 
98 4 7
75 95 69 92 88 
99 5 1
98 105 60 77 108 
100 6 1
83 131 51 146 111 
101 6 2
97 145 64 68 66 
102 9 10
125 111 137 51 57 
103 9 4
147 94 133 95 149 
104 6 5
59 91 114 145 124 
105 6 4
85 63 124 84 58 
106 10 5
126 69 83 101 130 
107 1 3
137 128 97 134 72 
108 4 2
123 78 56 133 71 
109 1 1
145 138 123 132 103 
110 9 7
111 139 70 87 58 
111 6 1
90 127 95 78 105 
112 3 5
79 125 96 105 106 
113 5 9
79 76 70 127 116 
114 4 10
69 91 78 82 132 
115 1 10
92 56 112 133 133 
116 8 4
141 149 77 122 77 
117 6 8
85 79 67 114 58 
118 8 2
124 133 103 144 74 
119 2 7
109 131 98 51 89 
120 1 5
125 119 97 68 118 
121 8 3
97 102 120 84 84 
122 10 10
92 79 142 118 62 
123 6 3
138 128 91 149 62 
124 2 2
101 53 87 128 122 
125 8 7
142 114 89 90 118 
126 2 5
52 102 75 146 131 
127 9 6
95 65 129 136 144 
128 3 6
56 63 88 59 66 
129 7 9
138 63 134 83 79 
130 6 6
147 86 101 102 139 
131 8 9
72 97 115 70 64 
132 8 7
110 119 93 116 133 
133 3 9
101 60 118 142 125 
134 5 6
54 130 100 51 118 
135 2 6
107 80 56 82 79 
136 2 3
94 70 60 54 140 
137 4 4
75 137 101 126 147 
138 10 9
122 73 95 126 105 
139 6 1
74 99 137 83 129 
140 4 6
59 67 67 55 87 
141 8 10
77 131 82 54 118 
142 6 2
68 104 51 140 80 
143 8 10
87 144 51 111 145 
144 9 6
125 84 110 86 101 
145 1 2
90 107 52 70 140 
146 6 5
61 120 107 131 127 
147 10 4
109 108 144 146 54 
148 6 9
50 86 55 77 72 
149 8 6
123 97 58 63 107 
150 1 6
149 95 60 112 118 
151 8 4
95 128 117 54 138 
152 4 3
143 59 112 95 147 
153 8 3
69 135 89 94 134 
154 8 10
143 107 145 143 105 
155 8 6
73 126 101 118 105 
156 1 5
145 133 78 90 94 
157 2 6
143 60 59 62 97 
158 9 9
82 97 68 75 55 
159 6 1
110 72 128 133 148 
160 10 4
55 101 129 51 136 
161 8 4
81 100 129 74 111 
162 1 10
58 91 147 142 138 
163 8 9
143 82 90 55 56 
164 9 1
107 149 93 112 100 
165 5 6
87 84 111 70 134 
166 3 7
147 82 135 56 123 
167 6 9
64 104 118 109 89 
168 10 6
95 77 55 104 129 
169 2 10
131 125 86 120 111 
170 8 1
148 139 137 145 72 
171 5 2
97 61 102 63 116 
172 1 4
55 131 88 52 111 
173 6 10
90 146 128 71 74 
174 5 3
135 62 84 133 103 
175 4 2
125 100 134 125 111 
176 7 9
129 59 63 86 92 
177 2 10
53 97 98 93 145 
178 9 8
69 142 111 107 106 
179 6 3
60 71 73 87 121 
180 9 3
134 146 103 114 107 
181 7 1
50 120 141 53 119 
182 10 10
114 67 118 86 112 
183 10 4
68 126 87 78 99 
184 2 7
70 71 80 55 119 
185 6 10
77 104 119 129 74 
186 2 5
143 102 135 59 72 
187 4 6
134 84 140 104 113 
188 9 4
62 91 51 83 64 
189 4 1
85 69 109 112 123 
190 1 4
147 143 78 92 148 
191 4 4
122 69 99 58 103 
192 2 3
66 121 147 131 114 
193 9 5
128 132 106 116 103 
194 8 9
76 149 124 125 95 
195 3 10
93 117 122 65 136 
196 4 6
142 67 87 110 138 
197 6 2
103 135 57 133 69 
198 4 10
122 132 80 148 132 
199 7 6
77 108 144 120 127 
200 10 8
66 94 62 58 111 
201 2 1
100 86 64 105 124 
202 2 1
143 87 142 116 69 
203 5 7
103 80 144 130 90 
204 1 3
67 109 141 83 54 
205 6 4
115 107 64 117 95 
206 1 5
69 51 115 115 140 
207 10 2
112 133 149 117 115 
208 6 9
55 136 52 72 95 
209 5 9
51 99 51 69 56 
210 8 9
102 97 63 73 51 
211 1 9
93 89 121 107 124 
212 4 6
89 118 75 146 104 
213 8 9
102 71 128 103 121 
214 3 5
79 101 113 131 149 
215 9 8
102 108 95 97 99 
216 10 6
125 142 132 64 110 
217 8 1
65 84 130 117 106 
218 2 3
129 93 147 58 144 
219 3 3
95 90 149 99 100 
220 7 8
149 115 104 124 107 
221 7 1
68 145 52 83 79 
222 5 3
135 95 126 66 90 
223 6 6
85 87 117 82 79 
224 7 5
129 112 133 128 78 
225 10 5
135 127 94 105 122 
226 7 1
51 131 142 89 76 
227 2 6
117 96 130 104 86 
228 10 9
115 115 74 95 130 
229 8 4
110 146 78 147 123 
230 5 4
95 121 143 149 102 
231 9 1
80 109 95 99 107 
232 9 6
143 127 96 109 93 
233 1 5
125 80 129 85 76 
234 10 3
102 134 135 99 57 
235 2 1
61 71 140 91 130 
236 7 4
87 64 100 81 93 
237 7 3
88 117 96 63 147 
238 8 1
125 139 83 129 123 
239 1 2
130 103 131 93 124 
240 3 7
104 110 129 94 76 
241 1 8
119 128 71 110 147 
242 10 4
96 146 124 124 135 
243 10 4
60 131 136 92 85 
244 9 6
59 142 72 66 54 
245 4 3
132 85 141 53 64 
246 3 4
61 81 139 60 129 
247 6 5
67 124 139 77 57 
248 7 1
92 146 57 54 138 
249 10 3
94 85 134 76 120 
250 8 10
86 89 95 50 72 
251 5 1
51 99 144 68 125 
252 4 9
132 109 70 75 57 
253 8 2
145 59 103 141 94 
254 10 10
64 66 149 53 57 
255 7 4
79 80 63 132 81 
256 8 2
56 92 101 138 104 
257 2 6
111 148 148 59 57 
258 2 1
53 90 120 68 58 
259 2 4
65 67 126 94 149 
260 10 8
80 98 130 138 140 
261 2 9
94 52 96 108 50 
262 5 8
110 146 117 113 138 
263 10 4
147 112 56 62 81 
264 3 10
80 73 138 62 121 
265 1 3
64 101 131 60 55 
266 8 9
107 121 85 67 69 
267 6 4
110 146 116 59 109 
268 6 4
140 109 132 123 133 
269 3 6
56 92 88 70 143 
270 2 4
100 148 101 58 71 
271 10 8
143 96 60 55 92 
272 8 5
51 104 137 94 63 
273 3 8
146 94 104 105 137 
274 5 8
82 65 60 85 115 
275 5 4
89 103 70 134 101 
276 2 10
143 110 53 97 64 
277 3 4
129 114 110 126 111 
278 7 4
50 61 60 134 128 
279 2 10
94 85 112 85 90 
280 6 10
141 116 110 86 128 
281 6 6
94 107 128 73 124 
282 1 2
137 107 84 137 118 
283 8 2
148 68 141 144 55 
284 6 10
147 90 50 138 108 
285 1 7
86 77 114 82 87 
286 3 9
61 83 109 148 92 
287 7 8
112 93 58 110 63 
288 2 6
68 107 86 65 147 
289 8 6
106 99 133 94 127 
290 8 8
64 92 135 127 77 
291 7 8
119 144 114 81 139 
292 5 4
52 126 148 122 135 
293 8 10
84 74 96 140 75 
294 1 8
52 79 66 118 121 
295 4 6
148 51 122 69 146 
296 9 3
135 63 96 90 91 
297 7 3
76 133 102 110 109 
298 9 4
135 130 140 89 112 
299 9 9
83 113 55 134 114 
300 1 6
62 68 108 148 133 
301 7 9
74 54 100 100 138 
302 5 2
149 55 116 134 135 
303 9 7
97 116 134 83 79 
304 2 10
95 121 74 108 140 
305 5 7
123 92 96 100 97 
306 9 1
137 105 113 136 110 
307 10 4
95 87 149 95 105 
308 6 1
86 126 149 132 98 
309 6 1
140 112 98 65 54 
310 7 6
101 144 116 88 99 
311 2 8
59 61 50 57 50 
312 10 5
106 84 84 142 60 
313 6 7
60 110 116 50 124 
314 7 7
129 62 83 80 109 
315 10 2
58 83 148 120 146 
316 9 10
146 99 83 54 85 
317 10 10
95 54 125 58 66 
318 5 1
141 110 126 120 75 
319 3 3
134 111 75 94 96 
320 4 5
92 123 145 141 72 
321 1 6
107 149 146 105 105 
322 3 4
74 68 73 65 80 
323 3 8
105 64 91 89 77 
324 8 5
76 92 100 118 66 
325 9 10
140 128 57 98 80 
326 4 6
87 77 120 111 95 
327 6 7
78 147 115 133 113 
328 10 6
93 76 61 119 70 
329 2 10
86 61 99 77 140 
330 7 8
122 61 132 59 89 
331 3 2
86 147 149 114 97 
332 8 1
112 126 125 55 104 
333 7 7
124 149 66 61 113 
334 8 1
55 123 67 127 86 
335 10 7
77 53 59 114 102 
336 2 1
149 128 82 64 104 
337 10 2
58 147 148 132 99 
338 7 6
62 133 85 67 58 
339 5 5
94 105 82 122 108 
340 5 9
61 105 70 112 83 
341 4 7
89 114 98 149 112 
342 9 4
61 114 129 73 97 
343 7 3
57 121 88 101 128 
344 3 6
87 66 65 50 121 
345 7 3
106 91 141 97 55 
346 2 7
69 139 130 80 55 
347 2 6
54 127 147 61 50 
348 6 5
129 108 140 118 76 
349 6 9
100 143 132 56 84 
350 6 5
142 118 50 61 107 
351 3 5
64 93 149 68 71 
352 10 2
123 134 146 54 144 
353 7 3
71 93 142 121 87 
354 8 10
73 102 85 65 71 
355 9 10
80 70 123 147 114 
356 5 6
87 123 147 112 60 
357 4 8
54 81 141 127 124 
358 5 9
61 61 80 137 65 
359 6 5
138 103 83 121 124 
360 9 9
140 133 85 77 106 
361 5 2
116 127 58 73 110 
362 1 1
85 86 51 148 149 
363 2 6
64 146 142 53 52 
364 6 5
78 86 144 68 69 
365 10 8
77 64 88 96 93 
366 10 10
54 101 71 141 137 
367 3 2
136 55 129 102 104 
368 2 8
106 98 83 134 134 
369 8 5
53 107 53 133 121 
370 2 10
116 142 100 120 93 
371 2 4
80 96 105 118 101 
372 7 2
107 107 130 63 55 
373 5 10
140 91 105 95 100 
374 9 1
123 102 59 90 94 
375 2 3
138 85 126 120 131 
376 4 10
134 119 62 92 128 
377 3 8
85 108 59 127 102 
378 5 6
52 73 105 126 125 
379 8 9
121 78 80 109 65 
380 9 1
98 143 71 83 64 
381 6 8
142 79 136 130 138 
382 6 8
90 62 134 144 137 
383 1 3
64 107 140 135 87 
384 4 6
103 133 77 51 127 
385 1 7
93 87 115 138 116 
386 3 9
56 149 127 96 61 
387 3 2
148 104 113 62 61 
388 7 1
50 81 97 55 64 
389 7 8
93 76 95 137 65 
390 2 6
131 65 145 138 64 
391 5 7
76 136 77 126 142 
392 4 2
53 51 141 106 82 
393 9 2
96 66 70 140 144 
394 7 10
59 127 106 140 142 
395 2 1
108 125 67 134 64 
396 7 4
56 141 104 112 142 
397 8 1
74 137 81 73 53 
398 3 6
147 120 144 108 149 
399 3 9
93 55 81 51 82 
400 1 9
96 146 101 55 90 
401 8 10
82 56 139 59 143 
402 3 5
98 126 99 147 96 
403 6 6
95 147 105 138 52 
404 7 1
136 136 78 83 85 
405 2 1
77 138 111 109 144 
406 1 1
89 72 54 89 101 
407 6 7
147 50 141 93 99 
408 9 4
53 87 123 140 73 
409 4 6
60 134 67 87 74 
410 9 10
120 130 71 59 104 
411 9 9
55 133 86 53 86 
412 10 9
87 128 131 91 65 
413 8 4
140 110 60 103 147 
414 8 1
71 107 141 142 87 
415 4 4
141 141 104 147 76 
416 1 3
112 120 100 50 98 
417 2 4
65 88 78 55 101 
418 9 9
98 67 51 71 76 
419 3 6
113 107 69 104 50 
420 4 4
77 65 105 91 135 
421 6 4
135 139 136 50 77 
422 7 7
128 54 66 128 123 
423 8 1
149 112 115 64 69 
424 7 2
122 111 74 149 127 
425 3 3
64 87 136 50 128 
426 5 1
56 141 108 86 97 
427 8 8
71 94 117 122 108 
428 5 8
80 123 58 52 84 
429 5 4
113 66 95 80 56 
430 2 1
134 106 132 92 149 
431 4 2
96 70 148 117 66 
432 6 3
125 51 129 107 124 
433 10 10
111 73 62 126 142 
434 10 7
148 143 86 84 99 
435 2 8
50 114 58 96 86 
436 7 7
102 73 108 129 74 
437 10 7
101 130 97 62 53 
438 2 9
97 71 97 147 64 
439 6 3
65 56 111 65 72 
440 10 2
60 77 129 65 52 
441 8 5
76 128 133 79 108 
442 1 2
64 92 132 111 65 
443 2 10
79 66 93 146 125 
444 5 4
147 75 74 58 102 
445 5 6
104 143 119 82 74 
446 5 3
132 137 105 98 131 
447 10 3
146 120 123 127 89 
448 7 4
64 122 86 61 147 
449 3 2
99 118 96 105 64 
450 9 10
88 74 51 122 61 
451 10 2
142 148 85 90 71 
452 9 8
110 126 140 124 98 
453 9 8
95 141 111 96 61 
454 10 2
75 129 142 113 54 
455 5 9
117 53 111 110 103 
456 7 3
76 54 120 136 82 
457 3 1
130 141 100 127 84 
458 2 4
95 120 126 121 100 
459 9 7
56 64 124 123 119 
460 6 6
73 81 88 99 137 
461 1 9
121 122 50 101 113 
462 1 1
147 63 53 93 134 
463 2 7
136 102 102 94 116 
464 10 8
86 116 105 61 100 
465 6 3
87 55 102 111 127 
466 4 5
91 105 95 140 119 
467 1 6
103 82 53 141 86 
468 9 6
52 137 54 140 103 
469 10 4
53 54 68 143 59 
470 1 5
89 125 120 82 81 
471 6 3
50 66 110 55 50 
472 4 7
86 121 133 140 108 
473 8 4
114 97 88 69 53 
474 9 5
115 81 68 54 56 
475 2 7
87 106 60 139 74 
476 3 5
126 136 140 62 107 
477 4 6
118 111 90 134 110 
478 1 4
65 89 118 130 120 
479 9 7
78 129 74 68 138 
480 8 8
62 59 52 139 145 
481 3 4
55 68 110 75 81 
482 3 10
93 133 114 108 124 
483 5 2
146 125 77 74 56 
484 5 3
144 141 100 109 50 
485 5 9
98 98 103 55 116 
486 7 3
99 68 93 142 103 
487 8 4
77 94 144 125 69 
488 4 1
75 127 144 122 70 
489 7 2
123 50 81 123 99 
490 7 9
117 52 110 67 123 
491 4 2
76 112 66 104 108 
492 1 2
127 86 83 105 115 
493 9 10
88 126 112 61 127 
494 4 5
128 131 64 95 134 
495 7 5
107 79 78 85 93 
496 5 10
52 57 73 81 145 
497 7 9
110 134 67 148 63 
498 10 2
92 74 95 70 56 
499 2 8
92 87 134 149 68 

