500 5 9997
0 2 84
102 99 101 100 98 
1 64 29
98 102 102 102 102 
2 4 15
100 99 99 102 100 
3 5 69
102 101 101 100 100 
4 21 21
98 101 102 99 102 
5 20 95
102 101 100 99 102 
6 77 76
102 99 100 101 100 
7 44 48
102 100 100 99 100 
8 87 96
102 99 99 100 99 
9 73 94
99 99 102 100 99 
10 62 70
99 98 99 100 101 
11 39 1
99 101 102 100 100 
12 68 61
98 98 99 99 101 
13 25 1
102 101 99 100 102 
14 86 86
99 102 99 102 99 
15 3 27
102 101 101 100 99 
16 78 53
99 99 102 99 99 
17 21 80
102 99 98 99 102 
18 27 89
102 101 98 100 100 
19 84 27
98 101 102 98 99 
20 83 35
102 102 99 98 99 
21 52 37
102 101 101 99 98 
22 49 38
102 99 100 98 102 
23 56 55
102 101 100 102 99 
24 37 82
102 101 99 102 101 
25 3 90
99 98 101 98 102 
26 47 74
99 99 100 98 100 
27 41 19
101 100 102 102 98 
28 58 30
100 101 98 99 100 
29 79 43
100 99 102 98 101 
30 15 28
100 98 99 101 101 
31 64 87
100 98 99 98 100 
32 81 66
98 100 99 102 99 
33 9 76
98 100 98 102 98 
34 55 70
101 101 101 101 98 
35 2 47
101 98 102 100 100 
36 41 68
100 99 102 100 101 
37 31 22
99 99 101 101 101 
38 19 78
101 102 101 101 100 
39 48 87
102 101 101 102 98 
40 70 87
101 98 99 98 99 
41 91 85
99 101 98 98 102 
42 54 24
100 102 99 100 101 
43 100 53
101 99 102 100 100 
44 25 33
100 101 101 100 101 
45 77 20
99 100 101 98 98 
46 9 16
99 102 101 98 101 
47 40 95
101 99 99 99 102 
48 86 50
99 99 101 99 98 
49 4 56
98 98 98 102 102 
50 79 30
99 102 102 100 98 
51 35 50
101 99 101 101 100 
52 90 66
101 100 99 98 101 
53 52 49
98 102 101 99 99 
54 79 56
98 102 99 99 98 
55 81 24
98 102 100 98 100 
56 68 34
102 100 98 101 99 
57 69 16
102 102 98 100 102 
58 19 79
98 102 98 99 98 
59 22 75
100 101 98 102 102 
60 23 72
100 100 102 101 99 
61 8 42
100 98 101 101 98 
62 76 36
99 99 101 99 100 
63 51 80
100 99 102 99 102 
64 5 91
102 101 99 101 98 
65 18 82
101 102 101 98 100 
66 84 75
102 102 99 98 100 
67 28 54
102 100 101 99 99 
68 40 85
98 98 102 99 101 
69 36 30
99 102 99 99 99 
70 87 33
101 99 101 100 100 
71 20 5
102 99 100 101 99 
72 91 7
100 99 98 102 99 
73 65 77
100 99 100 98 101 
74 21 22
102 99 98 102 98 
75 64 59
100 98 100 100 99 
76 20 48
102 100 102 99 101 
77 45 42
100 99 102 99 102 
78 79 27
100 102 102 101 100 
79 6 88
100 101 98 98 98 
80 60 5
100 102 101 101 101 
81 58 86
101 102 101 98 100 
82 100 87
99 100 102 99 101 
83 65 70
99 99 100 101 99 
84 55 26
100 102 99 99 98 
85 86 85
101 100 99 101 101 
86 52 40
98 98 100 102 98 
87 95 56
101 98 102 99 99 
88 34 23
102 98 100 99 102 
89 82 8
99 99 102 99 98 
90 66 20
102 100 98 99 102 
91 41 76
99 102 98 100 99 
92 8 59
102 98 98 101 98 
93 81 26
99 99 102 100 100 
94 29 31
102 99 98 101 98 
95 13 78
102 100 100 101 101 
96 36 51
99 100 101 98 100 
97 90 70
98 102 99 99 98 
98 31 92
102 102 99 101 98 
99 24 50
98 99 99 99 98 
100 31 45
102 98 102 98 100 
101 56 84
100 99 100 100 98 
102 99 11
100 98 101 101 102 
103 28 9
99 98 100 101 101 
104 36 28
102 101 101 98 101 
105 19 28
101 98 98 98 99 
106 15 95
101 102 99 100 98 
107 11 46
99 100 101 101 102 
108 64 54
101 98 100 102 101 
109 57 20
102 99 101 102 99 
110 62 85
100 100 98 100 100 
111 87 100
100 99 102 101 98 
112 50 59
98 102 102 101 100 
113 97 65
100 100 98 99 98 
114 34 43
99 99 99 98 102 
115 9 68
101 98 99 98 101 
116 63 81
102 102 99 99 98 
117 8 62
100 101 98 98 101 
118 61 79
101 98 99 100 102 
119 100 78
101 98 100 99 98 
120 64 44
98 101 98 99 100 
121 19 38
102 98 101 100 99 
122 76 10
102 98 102 102 101 
123 13 4
100 102 99 100 102 
124 79 36
102 101 98 99 99 
125 6 14
98 99 98 98 99 
126 2 15
100 99 98 101 102 
127 15 56
102 100 101 99 101 
128 92 26
100 99 100 101 100 
129 43 80
98 102 100 99 98 
130 96 49
100 99 100 99 102 
131 38 36
101 101 100 100 100 
132 1 16
98 102 100 100 98 
133 5 43
100 99 100 101 101 
134 15 32
101 99 99 100 100 
135 46 67
100 102 101 100 100 
136 96 61
98 100 100 100 99 
137 21 43
100 102 102 99 101 
138 7 17
99 101 100 99 102 
139 79 2
102 101 100 101 102 
140 21 1
100 98 100 102 100 
141 41 69
99 98 98 101 102 
142 96 57
100 101 101 101 101 
143 73 28
98 101 101 99 101 
144 96 40
101 100 102 98 102 
145 53 7
101 102 102 102 102 
146 38 70
101 102 99 99 100 
147 100 77
101 101 98 101 99 
148 84 95
100 98 98 98 102 
149 77 33
101 98 101 100 102 
150 65 39
101 99 101 100 98 
151 35 66
98 98 101 101 98 
152 50 29
100 102 102 102 100 
153 60 42
101 100 101 100 101 
154 64 37
100 100 99 99 99 
155 35 91
101 98 98 101 98 
156 1 89
99 99 101 98 101 
157 95 2
100 98 100 98 101 
158 68 78
99 98 98 101 102 
159 93 75
100 101 102 99 102 
160 72 7
102 102 98 100 98 
161 16 80
101 98 98 98 98 
162 23 47
101 99 98 99 99 
163 94 76
101 100 99 98 98 
164 19 37
102 102 101 99 101 
165 91 94
99 100 101 99 100 
166 6 80
98 98 100 98 99 
167 5 18
101 100 102 101 102 
168 46 54
100 101 100 99 98 
169 38 88
98 100 101 99 99 
170 59 69
102 101 102 99 101 
171 77 39
100 98 98 100 98 
172 100 41
99 98 101 101 98 
173 88 36
98 102 102 99 101 
174 60 50
98 100 102 99 101 
175 69 88
101 102 98 98 100 
176 34 8
100 100 102 101 102 
177 94 43
100 100 102 100 100 
178 56 96
98 98 100 98 102 
179 67 97
102 100 101 98 101 
180 62 96
98 102 98 102 101 
181 55 44
101 102 100 100 100 
182 19 10
102 101 100 99 98 
183 7 3
100 100 101 99 99 
184 35 97
98 100 102 100 99 
185 100 28
102 98 100 102 98 
186 60 82
102 100 101 98 100 
187 53 32
101 101 98 98 100 
188 85 67
102 98 98 99 100 
189 60 49
98 98 100 99 98 
190 50 14
100 98 99 99 102 
191 42 44
100 101 98 98 101 
192 13 56
99 101 101 100 101 
193 89 26
100 102 98 100 102 
194 54 32
98 102 102 100 98 
195 91 12
102 100 102 99 100 
196 82 84
99 102 101 102 100 
197 65 4
101 100 101 98 102 
198 54 51
101 101 101 101 101 
199 78 89
98 102 102 99 101 
200 6 86
99 100 101 102 101 
201 60 34
100 101 99 98 100 
202 17 94
101 102 98 100 101 
203 29 36
101 100 101 98 99 
204 75 62
100 98 101 101 102 
205 68 80
102 101 100 99 101 
206 1 25
100 99 100 99 100 
207 65 14
100 100 98 98 102 
208 25 36
100 98 102 102 100 
209 48 75
101 99 101 100 102 
210 18 42
102 102 98 100 100 
211 35 51
98 101 101 100 100 
212 64 56
99 102 100 98 100 
213 44 31
102 99 99 101 102 
214 11 88
99 102 101 98 102 
215 94 90
99 102 102 99 100 
216 3 7
102 101 101 100 102 
217 8 84
99 99 98 101 102 
218 22 7
101 101 101 102 101 
219 23 18
100 100 99 101 100 
220 47 13
99 98 98 99 98 
221 36 11
98 100 101 101 101 
222 11 12
102 100 100 98 98 
223 64 57
101 100 101 100 102 
224 33 94
101 98 98 98 98 
225 28 29
99 100 101 101 99 
226 33 17
100 102 101 99 99 
227 98 37
102 98 101 102 100 
228 19 68
102 98 98 100 98 
229 18 38
101 99 98 99 101 
230 57 50
102 98 100 101 102 
231 46 11
99 98 101 98 98 
232 92 80
98 100 101 102 100 
233 59 17
98 100 99 101 101 
234 72 77
99 102 98 101 102 
235 95 17
102 98 101 98 100 
236 78 23
100 98 101 102 100 
237 53 59
100 98 100 102 98 
238 34 5
101 99 98 100 99 
239 6 96
98 102 101 102 99 
240 95 77
98 99 101 98 99 
241 53 25
99 99 101 98 101 
242 63 70
101 98 98 100 99 
243 6 70
102 100 99 98 101 
244 32 57
100 98 101 100 99 
245 84 13
98 100 100 101 101 
246 73 96
100 102 99 98 99 
247 42 93
102 99 101 102 101 
248 82 72
99 101 102 101 101 
249 13 67
100 101 98 102 98 
250 68 50
102 99 102 99 100 
251 61 12
98 99 99 98 102 
252 22 72
100 101 102 98 99 
253 74 60
99 99 100 98 99 
254 8 77
99 100 98 98 98 
255 22 42
101 99 98 101 102 
256 62 6
98 102 99 100 100 
257 71 26
98 102 99 102 100 
258 14 10
101 100 99 102 99 
259 64 43
100 98 101 100 101 
260 89 33
98 99 101 98 101 
261 67 36
98 102 98 99 101 
262 97 96
100 99 99 100 98 
263 95 29
100 101 98 102 98 
264 7 34
101 99 98 98 98 
265 4 62
101 100 101 101 99 
266 9 97
99 99 101 101 102 
267 53 3
102 99 100 99 99 
268 6 3
99 99 98 100 102 
269 2 88
102 99 101 100 101 
270 97 64
99 99 99 100 102 
271 8 53
101 102 102 101 100 
272 90 32
99 102 102 100 98 
273 70 35
102 100 102 99 99 
274 23 26
102 99 101 99 102 
275 53 41
102 99 101 102 100 
276 48 70
102 99 99 98 98 
277 36 16
100 99 99 102 102 
278 76 31
98 98 98 99 99 
279 97 75
100 101 98 101 102 
280 9 79
99 100 100 100 99 
281 49 11
101 98 98 101 100 
282 79 73
101 102 102 101 102 
283 10 57
100 100 101 99 100 
284 99 31
101 101 98 99 100 
285 8 15
101 101 99 102 101 
286 54 63
100 99 102 98 98 
287 89 96
99 102 100 98 100 
288 88 53
99 98 100 98 98 
289 43 87
100 99 100 101 102 
290 29 23
98 99 102 100 98 
291 71 56
98 98 98 102 99 
292 55 15
98 99 99 100 101 
293 1 73
101 100 101 101 99 
294 12 69
98 99 98 100 101 
295 27 8
101 101 100 98 98 
296 65 37
99 102 101 102 98 
297 70 32
99 100 98 102 99 
298 14 55
100 99 100 98 98 
299 65 33
101 100 102 101 100 
300 54 76
100 101 102 99 100 
301 68 71
102 101 99 98 98 
302 57 58
100 99 99 99 98 
303 87 62
98 100 102 98 98 
304 86 51
102 102 100 100 100 
305 42 19
99 98 101 98 102 
306 42 37
99 102 98 98 100 
307 57 83
100 102 101 102 100 
308 38 10
102 98 99 101 102 
309 90 78
101 100 98 102 98 
310 36 17
102 101 102 100 100 
311 50 99
100 101 100 102 100 
312 76 20
99 98 98 100 98 
313 45 34
99 98 98 102 100 
314 59 51
100 98 99 101 102 
315 72 19
101 98 99 98 98 
316 1 33
101 100 101 99 100 
317 36 85
102 102 100 100 102 
318 80 72
102 100 101 101 101 
319 41 58
102 99 98 102 101 
320 44 73
102 98 102 102 100 
321 60 38
100 102 101 99 102 
322 43 47
98 100 102 102 99 
323 44 74
99 101 100 98 99 
324 58 73
99 100 102 100 100 
325 1 49
99 102 99 101 101 
326 12 41
102 102 101 98 101 
327 8 45
102 98 100 99 98 
328 52 94
99 98 98 98 100 
329 62 65
99 99 101 101 98 
330 52 74
102 100 98 101 101 
331 4 24
99 99 98 101 99 
332 90 27
100 99 99 98 99 
333 90 48
99 98 100 102 100 
334 26 15
102 101 101 101 98 
335 54 65
102 100 102 100 101 
336 12 48
99 99 98 98 100 
337 98 12
98 99 98 101 101 
338 23 44
98 102 100 98 100 
339 98 96
98 99 99 102 101 
340 52 89
101 100 101 102 98 
341 14 91
102 98 101 98 101 
342 16 71
100 101 101 102 102 
343 24 27
100 98 100 100 101 
344 34 69
101 99 101 99 99 
345 97 74
99 98 98 99 100 
346 21 34
99 98 101 101 98 
347 70 100
98 100 99 102 102 
348 49 72
98 101 99 101 100 
349 52 88
101 101 98 99 101 
350 28 68
98 100 100 101 100 
351 57 14
98 100 101 98 99 
352 40 60
98 102 100 100 102 
353 26 2
99 99 101 99 102 
354 1 64
102 102 100 100 99 
355 36 21
98 101 102 98 98 
356 48 96
99 101 99 101 100 
357 41 57
101 98 102 98 100 
358 50 24
101 99 99 101 98 
359 22 71
99 101 100 101 99 
360 77 92
101 98 101 99 101 
361 46 47
100 98 102 99 101 
362 64 49
98 100 101 101 98 
363 11 69
98 101 98 101 99 
364 34 23
100 99 101 100 100 
365 52 34
100 101 102 100 99 
366 35 46
102 102 98 102 102 
367 69 50
102 98 98 98 101 
368 61 81
102 98 100 101 100 
369 68 16
99 99 98 98 102 
370 33 100
100 101 102 99 100 
371 42 81
101 98 100 101 100 
372 53 91
99 102 98 100 98 
373 26 62
102 102 101 100 98 
374 82 68
100 101 100 102 101 
375 64 92
98 98 101 102 100 
376 58 50
102 99 102 98 99 
377 62 81
101 99 101 102 99 
378 22 27
101 102 101 98 102 
379 13 83
100 101 98 101 101 
380 1 90
98 101 98 99 102 
381 82 30
100 100 102 100 102 
382 3 47
100 98 100 98 98 
383 19 49
102 100 98 100 98 
384 8 58
101 100 101 98 98 
385 89 60
100 102 101 102 101 
386 98 73
100 102 98 102 99 
387 44 68
99 101 98 101 98 
388 98 11
99 102 102 99 99 
389 18 50
102 100 101 99 101 
390 97 53
99 98 99 99 99 
391 48 43
100 98 102 102 101 
392 77 90
98 101 102 101 102 
393 71 11
101 102 99 100 99 
394 20 41
99 100 100 102 100 
395 70 6
101 101 98 98 101 
396 62 62
101 101 98 98 101 
397 2 25
101 99 99 101 98 
398 98 61
101 99 98 99 101 
399 45 57
98 98 101 98 101 
400 14 86
101 100 102 101 98 
401 50 25
98 99 98 98 102 
402 87 64
98 101 101 98 99 
403 76 33
102 100 98 99 102 
404 54 37
101 102 101 101 99 
405 73 80
101 100 98 101 98 
406 56 70
102 99 100 99 99 
407 9 33
100 98 99 101 102 
408 57 95
102 99 100 100 98 
409 8 43
99 98 99 99 102 
410 77 86
99 99 99 98 102 
411 91 20
100 101 99 102 99 
412 20 45
98 98 98 102 99 
413 73 19
102 100 99 100 100 
414 83 90
101 99 102 102 102 
415 33 32
102 100 98 101 101 
416 54 4
102 102 100 99 102 
417 91 4
101 100 99 100 99 
418 35 5
101 102 101 101 98 
419 20 30
102 99 99 98 99 
420 64 70
102 102 102 98 101 
421 24 67
98 101 102 98 101 
422 44 43
102 100 101 98 99 
423 45 14
99 98 101 101 102 
424 57 99
98 99 102 99 100 
425 44 7
101 102 102 101 100 
426 95 21
98 102 100 100 99 
427 13 73
98 99 100 99 100 
428 33 97
101 101 98 101 100 
429 67 85
102 98 98 100 102 
430 67 78
101 100 100 99 99 
431 12 14
101 102 100 101 100 
432 27 77
102 102 101 102 102 
433 21 88
99 101 101 101 101 
434 66 11
102 100 101 98 102 
435 38 22
99 102 99 99 101 
436 76 52
98 99 102 100 98 
437 5 62
100 99 99 98 98 
438 25 44
98 98 99 98 100 
439 47 93
101 101 101 102 100 
440 52 83
100 99 98 98 102 
441 66 30
98 99 100 102 101 
442 44 80
101 98 101 101 98 
443 30 26
102 98 100 102 98 
444 83 72
101 98 101 100 101 
445 40 68
101 99 99 101 100 
446 40 40
98 102 101 98 102 
447 94 70
99 102 99 98 99 
448 17 8
100 98 101 100 99 
449 32 60
102 100 100 100 98 
450 76 78
101 99 101 98 99 
451 88 77
98 100 100 100 100 
452 96 25
101 99 99 100 102 
453 62 80
98 101 102 99 100 
454 19 97
101 101 98 99 100 
455 95 94
101 101 99 98 98 
456 71 45
100 99 102 101 102 
457 53 6
101 102 100 98 102 
458 77 100
99 99 98 102 102 
459 73 83
101 99 101 99 102 
460 50 38
98 98 99 102 101 
461 3 75
102 100 100 98 101 
462 70 61
100 100 99 98 101 
463 7 88
102 99 99 101 100 
464 50 55
102 99 101 99 101 
465 78 8
101 102 100 100 101 
466 67 48
99 98 98 98 100 
467 72 59
98 98 98 102 99 
468 19 100
98 101 99 102 99 
469 50 26
102 99 101 100 101 
470 68 92
101 101 102 100 98 
471 52 8
100 100 98 102 102 
472 63 41
100 99 98 101 99 
473 47 88
100 100 98 101 99 
474 51 78
99 100 101 102 98 
475 60 97
98 98 102 102 98 
476 22 6
99 102 98 102 98 
477 38 88
99 98 99 98 101 
478 92 9
102 99 98 98 98 
479 6 82
100 98 101 102 100 
480 35 61
102 100 98 99 99 
481 12 66
101 98 102 99 99 
482 83 17
102 102 99 98 100 
483 14 26
98 102 99 100 99 
484 37 78
101 98 100 101 101 
485 56 87
99 101 101 100 101 
486 8 61
102 102 102 98 98 
487 6 6
98 102 100 98 101 
488 42 60
99 100 101 102 98 
489 79 70
101 101 100 99 99 
490 11 34
99 102 99 99 102 
491 76 54
99 98 102 101 99 
492 94 31
99 102 98 100 100 
493 79 58
100 101 101 100 99 
494 87 46
102 99 99 99 99 
495 78 95
100 100 100 98 100 
496 59 70
102 100 99 100 99 
497 42 46
98 100 102 102 98 
498 33 57
102 101 100 101 100 
499 86 37
98 100 98 102 102 

