50 5 4473
0 4 7
107 105 103 105 96 
1 3 10
91 92 97 100 109 
2 4 7
90 96 102 106 101 
3 9 8
99 92 100 92 93 
4 8 6
99 92 92 108 99 
5 8 4
106 101 92 99 103 
6 2 10
94 107 108 94 105 
7 1 4
96 101 90 106 103 
8 3 1
106 91 95 95 94 
9 8 7
95 96 99 103 107 
10 5 6
92 95 104 97 104 
11 5 4
100 97 98 106 108 
12 9 5
93 101 104 109 102 
13 1 7
98 109 102 96 96 
14 5 10
105 100 104 108 97 
15 2 8
92 107 102 102 106 
16 2 1
96 91 95 99 94 
17 10 1
99 101 107 107 101 
18 2 6
99 97 97 106 107 
19 4 7
95 96 93 109 94 
20 9 2
102 99 93 109 100 
21 9 9
105 90 99 106 93 
22 9 6
96 101 91 105 109 
23 9 5
98 91 100 103 90 
24 5 5
94 104 97 106 93 
25 2 8
95 109 106 102 101 
26 8 9
105 97 104 91 108 
27 6 10
107 105 103 108 98 
28 4 2
98 99 106 94 93 
29 4 4
108 96 90 94 108 
30 9 9
99 107 107 106 94 
31 4 1
93 100 109 102 95 
32 5 1
95 109 104 96 99 
33 3 3
94 107 97 105 94 
34 9 2
92 98 109 93 96 
35 9 1
92 101 100 95 91 
36 2 1
108 95 90 106 94 
37 7 3
95 98 106 92 108 
38 5 8
92 94 90 106 102 
39 10 10
100 98 101 103 101 
40 2 1
103 104 90 93 109 
41 2 10
106 109 103 103 98 
42 1 6
96 96 94 90 100 
43 5 7
92 106 97 95 106 
44 10 9
97 102 98 102 109 
45 10 7
100 92 97 96 91 
46 4 3
91 105 109 109 91 
47 5 10
101 90 97 95 98 
48 8 1
94 108 90 94 92 
49 10 7
91 100 94 102 102 

