50 5 970
0 84 87
127 65 143 85 136 
1 93 50
71 112 77 140 109 
2 64 27
90 76 122 86 61 
3 69 68
79 132 80 112 73 
4 68 36
79 52 72 108 119 
5 68 94
106 61 92 79 123 
6 22 20
134 87 148 74 65 
7 71 14
76 141 130 106 123 
8 63 71
146 131 55 75 134 
9 28 37
55 96 79 63 107 
10 25 96
132 95 64 117 84 
11 65 44
100 137 58 126 128 
12 89 85
53 101 104 149 82 
13 61 77
118 89 62 76 136 
14 95 40
145 120 84 128 117 
15 2 98
52 67 142 102 106 
16 2 81
136 91 115 139 94 
17 20 41
79 81 67 147 121 
18 82 76
59 77 117 106 147 
19 54 87
115 56 133 69 74 
20 29 72
82 79 53 69 120 
21 69 9
65 90 99 146 73 
22 19 46
96 101 71 105 129 
23 89 65
78 91 100 143 50 
24 35 65
74 64 137 106 93 
25 92 28
115 109 86 82 101 
26 38 29
125 57 124 71 108 
27 96 30
87 85 143 68 78 
28 44 12
78 79 126 54 93 
29 64 14
88 56 90 54 68 
30 29 89
119 67 67 146 74 
31 44 71
133 140 149 122 75 
32 45 91
55 89 104 136 119 
33 83 43
114 147 57 105 54 
34 49 12
72 78 149 93 96 
35 69 41
72 61 60 55 51 
36 62 31
128 55 70 86 94 
37 27 23
115 58 66 132 108 
38 25 38
112 74 50 86 102 
39 100 80
100 118 121 123 81 
40 82 31
83 144 110 113 149 
41 82 100
146 109 123 63 118 
42 91 96
76 116 134 90 140 
43 85 77
92 86 57 95 106 
44 80 19
137 62 98 122 109 
45 10 37
60 92 137 56 51 
46 14 73
71 105 69 149 71 
47 5 40
61 90 117 55 78 
48 28 51
134 108 70 74 72 
49 70 97
131 80 134 142 122 

