500 5 25006
0 7 6
101 98 98 98 100 
1 7 2
102 101 102 101 102 
2 3 2
102 98 99 98 98 
3 3 9
101 101 100 98 100 
4 9 9
102 102 99 102 99 
5 2 6
101 98 101 102 101 
6 3 8
101 100 99 100 100 
7 3 10
102 102 100 101 100 
8 7 6
99 102 98 99 99 
9 2 8
100 101 100 101 101 
10 1 3
101 98 98 99 100 
11 2 6
99 101 99 99 100 
12 5 7
99 98 99 101 100 
13 7 7
101 101 101 98 101 
14 7 6
99 101 101 102 101 
15 9 4
100 99 98 99 102 
16 8 3
101 101 98 99 101 
17 2 5
100 102 100 98 100 
18 7 9
98 102 101 101 102 
19 2 1
101 99 98 98 100 
20 8 4
101 102 98 101 102 
21 6 6
101 101 99 100 101 
22 5 9
100 100 101 98 101 
23 2 1
100 98 100 98 101 
24 8 9
101 100 99 101 101 
25 10 8
101 99 102 101 100 
26 6 6
98 99 101 102 101 
27 2 5
101 98 100 99 98 
28 10 9
98 102 101 101 99 
29 3 8
102 99 99 100 102 
30 1 1
99 98 99 101 102 
31 2 1
102 101 102 101 98 
32 2 5
100 101 102 100 100 
33 4 9
101 98 98 100 101 
34 2 3
102 99 100 101 101 
35 1 2
100 100 99 100 100 
36 9 1
100 99 99 102 102 
37 1 4
101 98 99 99 100 
38 9 7
98 102 101 100 100 
39 3 1
99 101 101 98 100 
40 8 5
102 100 102 101 101 
41 3 5
98 98 100 101 98 
42 2 3
101 102 98 98 99 
43 1 8
101 100 102 99 100 
44 4 10
102 100 101 98 102 
45 1 6
102 100 102 102 100 
46 10 1
98 98 102 98 99 
47 5 3
100 102 100 101 101 
48 2 5
99 99 98 100 101 
49 10 6
100 102 98 102 99 
50 3 4
99 101 98 101 101 
51 10 9
99 98 98 102 102 
52 5 10
101 99 101 99 102 
53 2 9
101 98 98 100 102 
54 9 2
100 98 100 98 101 
55 3 9
101 102 101 102 102 
56 2 6
99 98 102 102 99 
57 1 6
99 99 98 99 101 
58 2 4
102 99 100 99 99 
59 5 3
99 101 100 102 102 
60 2 1
99 102 101 100 102 
61 5 9
101 102 98 99 100 
62 3 3
100 98 100 99 99 
63 7 4
100 100 100 101 101 
64 2 10
100 102 100 98 101 
65 1 3
101 102 100 99 99 
66 8 5
98 98 101 101 98 
67 6 10
100 102 102 99 99 
68 2 8
102 98 99 102 102 
69 9 5
101 101 102 99 98 
70 2 10
99 99 101 101 101 
71 2 2
98 101 101 100 100 
72 8 7
99 99 101 98 99 
73 2 2
98 98 99 98 98 
74 8 4
100 101 100 98 99 
75 8 5
102 98 100 98 99 
76 1 10
101 98 100 99 101 
77 1 10
102 102 98 99 102 
78 7 5
99 101 100 99 102 
79 1 2
98 102 100 100 98 
80 6 8
99 100 101 99 102 
81 7 4
100 101 100 99 100 
82 3 1
101 99 102 100 99 
83 2 4
100 101 99 98 101 
84 5 3
98 99 99 99 101 
85 2 5
98 100 102 100 101 
86 2 7
98 99 99 102 102 
87 3 7
100 98 99 98 99 
88 8 3
102 99 99 99 100 
89 8 10
101 98 101 101 98 
90 4 6
101 99 101 101 102 
91 10 10
101 101 98 101 102 
92 7 6
98 99 100 99 100 
93 4 10
100 100 101 100 102 
94 2 3
102 102 102 100 101 
95 4 2
100 100 100 101 101 
96 9 7
102 99 99 99 100 
97 1 8
100 98 99 102 100 
98 7 4
99 100 98 101 102 
99 5 1
100 100 101 99 100 
100 7 10
98 99 100 99 102 
101 1 3
100 100 99 99 100 
102 10 8
99 98 98 101 100 
103 6 7
101 99 101 100 102 
104 3 5
101 101 98 98 99 
105 6 7
98 100 101 102 98 
106 10 1
100 98 100 102 98 
107 8 5
102 102 100 98 101 
108 1 8
100 100 101 100 100 
109 2 8
98 99 98 99 101 
110 4 1
98 102 99 101 99 
111 1 8
99 98 99 100 99 
112 4 3
102 98 98 101 98 
113 6 6
102 99 102 98 102 
114 10 7
98 102 101 98 98 
115 10 9
99 100 100 100 100 
116 1 1
101 98 102 101 99 
117 5 7
101 100 102 100 101 
118 9 3
98 101 98 98 100 
119 10 3
101 98 101 102 100 
120 3 10
102 101 99 98 98 
121 6 1
99 100 101 102 102 
122 3 5
100 99 99 102 99 
123 8 7
101 99 102 101 99 
124 5 1
102 99 102 98 102 
125 1 3
98 100 102 101 102 
126 4 1
101 100 102 101 98 
127 1 8
99 102 102 100 98 
128 6 8
102 102 100 98 98 
129 7 3
98 101 98 100 99 
130 2 1
98 102 98 99 102 
131 7 10
102 100 99 101 99 
132 3 8
102 100 102 98 99 
133 3 6
100 101 102 102 102 
134 7 7
98 101 101 100 102 
135 2 4
101 100 100 98 99 
136 2 4
98 101 98 99 101 
137 7 2
102 101 101 101 102 
138 8 5
101 102 100 98 102 
139 2 10
101 102 101 100 101 
140 8 3
98 98 100 100 99 
141 10 9
102 98 99 98 102 
142 2 5
98 101 101 98 102 
143 2 1
101 102 99 100 101 
144 5 7
101 102 98 101 102 
145 10 3
98 101 98 99 98 
146 4 3
99 102 101 99 101 
147 9 2
102 99 101 101 100 
148 6 8
100 99 101 99 98 
149 6 5
100 102 100 102 100 
150 10 7
102 98 98 99 102 
151 9 8
102 101 99 102 98 
152 7 5
100 99 99 98 98 
153 7 7
100 99 100 102 98 
154 2 10
102 101 100 101 101 
155 8 2
102 100 102 102 98 
156 3 1
100 101 99 98 100 
157 10 3
102 98 98 99 101 
158 5 7
98 101 100 99 101 
159 7 7
99 98 101 100 100 
160 10 9
102 99 101 100 99 
161 7 5
98 98 101 102 100 
162 9 7
100 102 102 100 100 
163 4 6
98 102 100 101 102 
164 1 4
101 99 99 100 102 
165 3 5
100 101 101 101 102 
166 7 10
101 99 100 99 99 
167 4 1
98 99 99 101 100 
168 9 4
99 98 99 102 99 
169 1 10
98 100 101 100 98 
170 5 8
99 98 102 98 102 
171 7 9
100 98 101 100 101 
172 5 3
99 102 101 102 102 
173 7 2
100 99 98 102 101 
174 4 10
99 100 99 102 98 
175 8 7
102 102 102 101 99 
176 4 1
102 102 98 100 102 
177 4 3
98 99 101 101 101 
178 4 5
101 101 101 99 101 
179 3 2
101 102 100 102 101 
180 5 3
99 102 102 99 101 
181 2 1
100 99 100 101 101 
182 8 4
99 98 100 102 99 
183 2 7
102 101 102 100 102 
184 9 9
101 100 98 99 99 
185 7 10
98 101 98 102 102 
186 3 10
100 100 102 101 102 
187 3 6
98 98 101 102 98 
188 5 4
102 100 99 102 100 
189 4 7
101 98 98 98 98 
190 6 8
102 98 99 100 100 
191 4 8
99 98 102 100 100 
192 10 9
100 101 102 99 101 
193 6 4
98 99 102 101 101 
194 5 7
101 100 98 100 100 
195 4 7
102 99 99 100 99 
196 3 7
98 100 98 100 100 
197 10 7
98 99 102 98 102 
198 1 7
100 102 100 98 99 
199 8 6
98 98 99 99 102 
200 10 10
98 100 100 101 102 
201 5 6
101 98 101 102 100 
202 5 10
101 102 98 99 99 
203 10 4
102 101 101 98 99 
204 3 7
98 99 100 100 101 
205 6 1
102 102 101 101 100 
206 2 5
99 101 98 102 100 
207 2 1
101 100 102 101 101 
208 5 4
102 99 99 99 101 
209 2 9
101 99 99 98 100 
210 10 1
102 100 102 98 98 
211 2 1
98 102 100 101 100 
212 9 4
100 101 101 99 102 
213 1 5
102 99 100 98 102 
214 6 3
99 99 100 101 102 
215 9 9
99 102 98 99 102 
216 6 8
101 101 98 98 99 
217 10 4
101 99 100 100 102 
218 2 5
98 100 99 101 101 
219 1 7
102 101 100 101 98 
220 10 5
99 102 101 102 101 
221 5 7
99 98 102 102 101 
222 7 5
102 102 101 102 99 
223 8 3
100 100 99 99 101 
224 9 7
101 100 99 102 102 
225 7 6
100 98 101 101 100 
226 3 4
100 98 102 99 102 
227 10 1
101 99 98 98 102 
228 7 9
100 102 98 100 101 
229 9 9
100 102 98 99 100 
230 9 1
102 98 98 102 100 
231 5 6
99 101 101 99 100 
232 4 2
99 102 100 98 98 
233 8 5
101 100 102 101 101 
234 10 10
98 102 99 100 102 
235 7 2
101 100 101 99 101 
236 7 9
98 102 102 101 98 
237 4 1
98 98 102 99 102 
238 1 5
101 102 98 101 101 
239 8 3
102 101 101 102 101 
240 3 1
99 98 101 101 98 
241 1 7
98 101 101 101 99 
242 5 5
98 102 101 98 98 
243 4 7
98 98 101 102 99 
244 5 1
102 101 98 100 101 
245 2 1
98 99 101 101 99 
246 7 2
100 98 98 98 99 
247 6 3
99 101 101 99 99 
248 10 3
102 101 100 98 101 
249 5 8
99 98 102 100 101 
250 10 6
98 98 99 102 100 
251 4 10
98 101 102 99 101 
252 3 5
102 99 99 98 99 
253 1 6
102 99 102 101 100 
254 6 8
100 102 100 100 99 
255 1 8
98 98 101 98 101 
256 3 2
99 100 100 101 98 
257 6 6
102 98 99 101 102 
258 8 2
101 101 101 98 102 
259 3 9
99 102 100 99 102 
260 8 8
100 98 98 99 102 
261 9 2
102 101 99 98 102 
262 10 10
98 100 100 101 100 
263 4 4
99 100 101 100 100 
264 1 5
101 101 101 101 98 
265 4 5
99 99 100 100 98 
266 4 4
99 101 100 99 100 
267 7 5
102 102 100 100 102 
268 2 1
99 101 99 102 99 
269 10 5
101 102 101 102 99 
270 8 8
99 99 98 102 99 
271 5 1
98 98 99 99 100 
272 6 4
99 101 98 102 100 
273 4 1
98 102 98 102 102 
274 6 6
98 101 102 101 99 
275 5 8
100 98 102 102 101 
276 6 1
100 98 98 101 102 
277 4 5
99 99 102 101 99 
278 10 10
100 100 98 102 98 
279 10 8
99 99 99 98 101 
280 6 5
99 100 99 101 100 
281 2 9
101 99 100 99 101 
282 10 6
99 98 102 101 100 
283 2 8
100 101 99 98 99 
284 3 6
102 102 99 99 99 
285 8 2
98 99 98 99 102 
286 5 8
100 101 102 101 102 
287 2 9
99 100 100 99 100 
288 4 7
101 100 100 101 99 
289 6 2
102 98 102 100 101 
290 5 9
100 99 98 98 102 
291 3 1
98 101 99 100 100 
292 9 4
98 102 99 101 99 
293 6 4
98 99 99 99 99 
294 2 9
102 100 101 101 101 
295 7 6
98 101 101 98 99 
296 10 10
101 102 102 101 101 
297 7 10
100 99 102 100 100 
298 4 1
98 99 99 99 98 
299 10 1
99 98 100 99 101 
300 6 9
102 99 101 101 99 
301 5 9
99 98 100 101 100 
302 5 8
99 100 101 102 98 
303 10 6
98 101 100 99 99 
304 6 10
102 100 101 102 102 
305 9 10
98 100 100 101 101 
306 8 8
100 101 99 98 100 
307 5 7
100 98 100 102 99 
308 2 7
100 101 98 99 99 
309 6 8
98 101 101 100 99 
310 7 6
99 98 102 98 98 
311 2 8
100 100 102 99 101 
312 9 1
99 102 99 101 101 
313 5 7
99 102 99 101 101 
314 5 1
99 100 100 102 102 
315 3 7
102 101 101 99 98 
316 8 5
98 100 98 99 102 
317 4 2
102 100 101 98 100 
318 7 4
100 98 98 101 101 
319 3 8
102 102 98 102 102 
320 9 8
100 101 100 100 98 
321 10 5
102 100 98 101 98 
322 6 6
102 99 101 99 102 
323 6 7
100 101 98 101 102 
324 1 8
102 101 100 99 101 
325 10 4
99 98 102 98 100 
326 8 7
100 100 101 101 99 
327 5 5
98 102 98 102 102 
328 6 3
102 98 100 98 99 
329 10 7
102 98 99 98 98 
330 4 4
100 98 99 100 102 
331 5 1
98 101 98 100 98 
332 8 2
102 101 99 101 98 
333 9 4
99 102 99 101 102 
334 6 4
102 101 101 101 98 
335 10 1
102 102 101 100 102 
336 1 2
102 100 101 102 100 
337 2 10
98 102 101 101 101 
338 7 7
102 99 100 101 102 
339 1 4
102 98 102 99 99 
340 10 6
100 102 99 100 101 
341 2 4
99 100 100 99 101 
342 8 10
101 102 101 100 98 
343 1 3
100 98 99 101 100 
344 3 5
101 99 99 99 100 
345 9 1
98 102 101 99 102 
346 8 10
100 100 99 99 99 
347 10 4
101 102 101 100 102 
348 5 7
100 99 100 100 102 
349 5 6
99 100 98 99 101 
350 9 6
100 101 102 98 98 
351 6 9
101 99 101 99 98 
352 2 5
100 98 100 99 101 
353 5 4
102 101 102 98 100 
354 5 10
99 98 102 101 98 
355 1 1
98 101 101 101 102 
356 3 7
100 98 100 102 99 
357 5 1
99 99 98 99 99 
358 5 9
102 99 100 100 101 
359 4 8
101 99 98 101 102 
360 9 4
98 100 99 100 98 
361 5 2
101 98 101 102 99 
362 10 3
101 98 99 102 99 
363 1 4
99 102 98 102 98 
364 1 5
99 99 102 99 98 
365 2 2
100 98 100 98 98 
366 9 1
102 102 102 102 102 
367 6 6
101 99 101 102 100 
368 1 2
102 101 98 98 99 
369 6 9
101 101 102 99 101 
370 5 2
98 100 101 99 99 
371 9 6
100 98 100 98 101 
372 1 3
98 101 101 99 99 
373 9 2
102 98 98 100 101 
374 10 9
101 101 100 99 100 
375 6 3
98 98 98 101 99 
376 3 9
102 98 98 100 101 
377 4 4
99 102 100 98 99 
378 10 10
100 98 101 100 99 
379 3 1
101 102 98 102 98 
380 6 5
101 102 100 102 102 
381 6 7
102 98 100 98 99 
382 2 3
98 98 100 100 98 
383 3 7
99 102 100 100 101 
384 3 9
98 102 100 98 101 
385 7 6
98 99 101 102 102 
386 6 3
98 101 99 98 101 
387 9 10
99 98 99 100 99 
388 6 2
100 100 102 102 99 
389 4 6
99 98 98 99 99 
390 4 4
98 99 100 101 102 
391 4 9
98 100 98 99 102 
392 7 9
99 99 100 98 98 
393 2 10
101 100 102 102 100 
394 5 9
101 98 99 99 99 
395 1 7
100 101 99 100 100 
396 7 4
102 102 102 98 100 
397 7 1
100 102 102 98 99 
398 7 1
101 98 101 102 98 
399 2 3
101 99 98 101 99 
400 7 1
99 101 99 98 102 
401 3 6
100 101 100 102 102 
402 9 3
101 102 100 101 100 
403 3 10
102 98 101 98 101 
404 4 4
102 98 98 98 98 
405 4 1
102 98 100 99 98 
406 7 9
98 100 98 98 99 
407 5 1
98 101 98 98 101 
408 4 6
99 102 98 100 102 
409 6 1
99 99 100 100 99 
410 1 7
100 101 102 102 98 
411 7 5
102 98 102 102 98 
412 7 2
101 100 101 99 99 
413 9 6
100 99 98 101 100 
414 9 3
101 98 101 100 98 
415 3 7
99 98 100 100 98 
416 8 9
100 98 98 100 100 
417 9 4
101 102 102 100 100 
418 7 1
102 102 101 102 99 
419 2 8
100 99 98 98 99 
420 9 3
102 100 98 99 100 
421 3 10
98 99 102 98 100 
422 6 4
102 100 98 98 101 
423 1 5
100 102 101 102 100 
424 10 2
101 100 101 102 99 
425 6 4
101 101 100 98 99 
426 9 4
101 99 101 102 101 
427 4 10
101 99 98 100 100 
428 10 4
102 101 102 102 100 
429 10 5
98 98 100 101 101 
430 2 7
99 99 99 99 100 
431 10 6
100 102 99 101 98 
432 2 6
100 98 102 99 98 
433 6 4
102 98 100 102 98 
434 7 1
98 100 101 99 101 
435 10 5
101 101 102 98 100 
436 8 4
98 101 99 102 99 
437 1 9
99 98 99 101 100 
438 9 10
100 102 102 102 101 
439 8 1
101 99 102 99 102 
440 6 10
102 100 100 102 101 
441 4 4
102 98 99 100 101 
442 5 1
98 100 98 98 101 
443 2 10
99 102 98 100 100 
444 7 9
102 102 100 101 101 
445 3 10
99 98 102 98 101 
446 9 4
99 100 98 101 100 
447 8 4
98 102 101 102 98 
448 6 7
100 99 99 99 100 
449 5 7
99 101 98 100 98 
450 3 6
101 100 98 99 102 
451 6 1
101 98 101 102 102 
452 7 9
102 99 99 99 98 
453 3 6
102 99 99 98 99 
454 10 1
100 101 100 98 98 
455 8 10
99 102 102 98 102 
456 3 7
98 99 99 102 102 
457 3 4
99 102 101 99 101 
458 2 7
102 100 101 99 98 
459 6 5
100 102 101 102 99 
460 5 2
98 101 100 101 102 
461 4 10
99 100 100 100 99 
462 3 6
99 99 102 99 101 
463 3 10
102 98 98 101 102 
464 1 3
100 102 98 98 101 
465 3 9
102 100 100 98 102 
466 3 1
101 102 98 102 100 
467 10 3
99 102 102 100 102 
468 10 6
98 98 98 98 102 
469 6 1
102 98 101 102 100 
470 8 7
102 102 101 100 99 
471 7 9
101 98 99 102 99 
472 6 9
100 99 99 98 99 
473 7 1
101 99 98 100 99 
474 1 9
99 100 98 98 102 
475 6 10
98 99 102 101 102 
476 3 6
98 102 101 101 99 
477 2 1
102 100 100 100 99 
478 3 3
102 102 98 98 101 
479 8 3
100 101 101 100 102 
480 6 4
101 100 98 102 100 
481 6 5
101 100 99 100 102 
482 9 8
100 100 102 100 99 
483 2 10
99 102 102 102 102 
484 10 4
101 102 101 100 100 
485 9 9
102 102 102 102 99 
486 1 4
100 101 100 98 100 
487 4 10
101 98 101 99 99 
488 5 6
98 102 99 101 98 
489 10 3
100 98 100 101 102 
490 7 10
100 101 98 102 101 
491 8 2
98 99 98 98 101 
492 2 3
99 100 102 99 99 
493 3 7
100 102 99 99 102 
494 4 3
98 100 99 100 100 
495 9 4
99 99 98 101 102 
496 8 7
102 101 98 98 99 
497 10 2
102 102 102 101 101 
498 1 3
102 99 102 102 101 
499 8 2
98 99 99 101 102 

