50 5 2486
0 1 10
98 105 91 108 94 
1 8 6
97 92 109 99 103 
2 8 10
104 103 97 100 92 
3 3 10
105 97 101 100 100 
4 7 4
103 96 92 92 91 
5 7 3
107 103 107 107 97 
6 9 7
90 95 106 104 100 
7 6 5
95 109 96 90 96 
8 10 4
98 95 96 92 93 
9 2 7
106 107 98 96 100 
10 8 4
100 95 99 100 92 
11 8 8
94 95 103 99 94 
12 10 3
93 90 107 101 107 
13 4 6
90 106 91 99 95 
14 2 6
98 108 108 108 105 
15 10 9
107 99 107 92 96 
16 2 4
92 92 107 95 93 
17 5 10
102 100 104 95 96 
18 9 5
102 91 91 102 90 
19 2 1
105 100 100 95 101 
20 9 8
107 109 92 102 91 
21 1 10
106 96 108 99 106 
22 6 7
105 95 90 109 96 
23 2 2
108 102 91 96 104 
24 4 2
108 101 100 97 92 
25 3 10
106 94 99 94 101 
26 10 6
109 106 101 104 91 
27 2 4
90 94 106 108 98 
28 10 7
93 103 97 91 94 
29 10 9
109 104 90 105 108 
30 10 10
91 90 95 91 107 
31 7 8
100 90 103 100 106 
32 10 2
95 109 107 98 94 
33 8 2
98 96 91 109 90 
34 2 5
101 92 96 102 93 
35 4 6
102 109 95 92 101 
36 9 4
98 109 96 103 108 
37 4 4
92 102 96 93 109 
38 8 3
101 91 99 104 105 
39 6 10
100 108 94 92 99 
40 10 6
103 109 100 91 109 
41 7 7
99 101 101 102 94 
42 8 8
105 94 91 96 107 
43 1 2
95 107 90 105 105 
44 7 9
107 108 105 100 107 
45 8 2
106 95 99 96 106 
46 1 1
90 107 99 105 103 
47 1 5
93 103 97 98 100 
48 10 4
108 105 103 105 95 
49 1 6
93 99 98 101 104 

