500 5 44983
0 1 10
101 98 99 101 102 
1 8 6
100 100 102 102 101 
2 8 10
102 101 100 98 100 
3 3 10
98 100 99 98 98 
4 7 4
101 99 100 100 99 
5 7 3
100 101 100 100 100 
6 9 7
98 98 99 102 98 
7 6 5
98 102 99 98 99 
8 10 4
101 98 99 100 101 
9 2 7
99 100 101 99 98 
10 8 4
98 98 102 98 100 
11 8 8
102 98 101 102 102 
12 10 3
101 98 100 99 100 
13 4 6
98 99 99 102 98 
14 2 6
101 101 101 101 98 
15 10 9
100 102 100 100 99 
16 2 4
100 100 100 98 101 
17 5 10
100 98 102 98 99 
18 9 5
100 99 99 100 98 
19 2 1
98 98 98 98 99 
20 9 8
100 102 100 100 99 
21 1 10
99 99 101 102 99 
22 6 7
98 98 98 102 99 
23 2 2
101 100 99 99 102 
24 4 2
101 99 98 100 100 
25 3 10
99 102 102 102 99 
26 10 6
102 99 99 102 99 
27 2 4
98 102 99 101 101 
28 10 7
101 101 100 99 102 
29 10 9
102 102 98 98 101 
30 10 10
99 98 98 99 100 
31 7 8
98 98 101 98 99 
32 10 2
98 102 100 101 102 
33 8 2
101 99 99 102 98 
34 2 5
99 100 99 100 101 
35 4 6
100 102 98 100 99 
36 9 4
101 102 99 101 101 
37 4 4
100 100 99 101 102 
38 8 3
99 99 102 102 98 
39 6 10
98 101 102 100 102 
40 10 6
101 102 98 99 102 
41 7 7
102 99 99 100 102 
42 8 8
98 102 99 99 100 
43 1 2
98 100 98 98 98 
44 7 9
100 101 98 98 100 
45 8 2
99 98 102 99 99 
46 1 1
98 100 102 98 101 
47 1 5
101 101 100 101 98 
48 10 4
101 98 101 98 98 
49 1 6
101 102 101 99 102 
50 10 10
99 102 99 101 101 
51 3 2
101 101 100 99 101 
52 5 7
101 101 100 99 98 
53 6 4
99 101 98 99 102 
54 9 5
102 100 99 100 101 
55 8 3
101 100 101 100 98 
56 1 1
98 99 100 101 102 
57 2 3
100 101 100 101 99 
58 9 2
99 99 100 100 99 
59 4 10
99 101 99 98 98 
60 8 10
100 102 99 100 99 
61 9 1
100 102 102 99 101 
62 3 2
99 100 100 102 98 
63 1 7
99 98 100 98 101 
64 2 3
101 101 99 100 102 
65 3 5
100 101 100 100 102 
66 2 9
102 98 98 101 100 
67 5 8
98 102 99 99 100 
68 6 4
98 99 98 99 99 
69 9 4
99 101 101 98 101 
70 8 3
102 98 99 99 99 
71 4 5
98 100 101 98 102 
72 2 5
99 100 102 101 101 
73 8 5
100 100 98 101 100 
74 9 6
98 98 101 100 100 
75 2 9
98 102 102 99 101 
76 10 9
100 99 102 98 98 
77 7 5
98 101 101 100 98 
78 9 8
101 101 101 98 98 
79 2 3
101 102 100 101 98 
80 7 2
101 99 100 101 102 
81 9 9
102 102 100 102 100 
82 2 5
98 99 99 98 100 
83 5 1
100 100 98 100 101 
84 10 4
101 99 102 100 102 
85 9 1
98 100 101 99 99 
86 4 3
99 99 99 99 100 
87 9 7
102 102 101 102 100 
88 6 4
98 98 99 99 101 
89 4 1
102 99 98 102 101 
90 1 3
98 101 102 99 102 
91 2 5
102 99 100 98 98 
92 1 2
102 101 98 100 101 
93 2 1
101 102 98 100 99 
94 1 4
99 100 98 99 101 
95 10 10
102 100 101 98 101 
96 6 2
99 101 100 100 99 
97 8 2
99 99 99 102 100 
98 4 7
98 98 102 100 101 
99 5 1
101 98 98 100 101 
100 6 1
101 99 99 99 99 
101 6 2
100 98 102 101 99 
102 9 10
98 99 100 99 100 
103 9 4
100 102 101 98 102 
104 6 5
102 99 102 98 102 
105 6 4
98 101 102 102 101 
106 10 5
99 102 101 99 98 
107 1 3
100 101 100 102 100 
108 4 2
101 101 99 101 99 
109 1 1
98 101 101 100 101 
110 9 7
99 102 98 100 101 
111 6 1
98 100 98 101 98 
112 3 5
102 98 99 98 99 
113 5 9
102 99 98 100 99 
114 4 10
102 99 101 100 100 
115 1 10
100 99 100 101 101 
116 8 4
99 102 100 100 100 
117 6 8
98 102 100 102 101 
118 8 2
102 101 101 102 102 
119 2 7
102 99 101 99 102 
120 1 5
98 102 100 101 101 
121 8 3
100 100 98 102 102 
122 10 10
100 102 100 101 100 
123 6 3
101 101 99 102 100 
124 2 2
99 101 100 101 100 
125 8 7
100 102 102 98 101 
126 2 5
100 100 98 99 99 
127 9 6
98 98 102 99 102 
128 3 6
99 101 101 102 99 
129 7 9
101 101 102 101 102 
130 6 6
100 99 99 100 102 
131 8 9
100 100 98 98 102 
132 8 7
98 102 101 99 101 
133 3 9
99 98 101 100 98 
134 5 6
102 98 98 99 101 
135 2 6
100 98 99 100 102 
136 2 3
102 98 98 102 98 
137 4 4
98 100 99 99 100 
138 10 9
100 101 98 99 98 
139 6 1
102 102 100 101 102 
140 4 6
102 100 100 98 100 
141 8 10
100 99 100 102 101 
142 6 2
101 102 99 98 98 
143 8 10
100 102 99 99 98 
144 9 6
98 102 98 99 99 
145 1 2
98 100 100 98 98 
146 6 5
99 98 100 99 100 
147 10 4
102 101 102 99 102 
148 6 9
98 99 98 100 100 
149 8 6
101 100 101 101 100 
150 1 6
102 98 98 100 101 
151 8 4
98 101 100 102 101 
152 4 3
101 102 100 98 100 
153 8 3
102 98 102 102 102 
154 8 10
101 100 98 101 98 
155 8 6
101 99 99 101 98 
156 1 5
98 101 101 98 102 
157 2 6
101 98 102 100 100 
158 9 9
100 100 101 98 98 
159 6 1
98 100 101 101 101 
160 10 4
98 99 102 99 99 
161 8 4
99 98 102 102 99 
162 1 10
101 99 100 100 101 
163 8 9
101 100 98 98 99 
164 9 1
100 102 101 100 98 
165 5 6
100 102 99 98 102 
166 3 7
100 100 98 99 101 
167 6 9
102 102 101 102 102 
168 10 6
98 100 98 102 102 
169 2 10
99 98 99 98 99 
170 8 1
101 102 100 98 100 
171 5 2
100 99 100 101 99 
172 1 4
98 99 101 100 99 
173 6 10
98 99 101 99 102 
174 5 3
98 100 102 101 101 
175 4 2
98 98 102 98 99 
176 7 9
102 102 101 99 100 
177 2 10
101 100 101 101 98 
178 9 8
102 100 99 100 99 
179 6 3
98 99 101 100 99 
180 9 3
102 99 101 102 100 
181 7 1
98 98 99 101 102 
182 10 10
102 100 101 99 100 
183 10 4
101 99 100 101 102 
184 2 7
98 99 98 98 102 
185 6 10
100 102 102 102 102 
186 2 5
101 100 98 102 100 
187 4 6
102 102 98 102 101 
188 9 4
100 99 99 101 102 
189 4 1
98 102 102 100 101 
190 1 4
100 101 101 100 101 
191 4 4
100 102 102 101 101 
192 2 3
99 99 100 99 102 
193 9 5
101 100 99 99 101 
194 8 9
99 102 102 98 98 
195 3 10
101 100 100 98 99 
196 4 6
100 100 100 98 101 
197 6 2
101 98 100 101 102 
198 4 10
100 100 98 101 100 
199 7 6
100 101 102 98 100 
200 10 8
99 102 100 101 99 
201 2 1
98 99 102 98 102 
202 2 1
101 100 100 99 102 
203 5 7
101 98 102 98 98 
204 1 3
100 102 99 101 102 
205 6 4
98 100 102 100 98 
206 1 5
102 99 98 98 98 
207 10 2
100 101 102 100 98 
208 6 9
98 99 100 100 98 
209 5 9
99 102 99 102 99 
210 8 9
100 100 101 101 99 
211 1 9
101 102 99 100 102 
212 4 6
102 101 98 99 102 
213 8 9
100 99 101 101 99 
214 3 5
102 99 101 99 102 
215 9 8
100 101 98 100 102 
216 10 6
98 100 100 102 98 
217 8 1
98 102 98 100 99 
218 2 3
102 101 100 101 102 
219 3 3
98 98 102 102 98 
220 7 8
102 98 102 102 100 
221 7 1
101 98 100 101 102 
222 5 3
98 98 99 99 98 
223 6 6
98 100 100 100 102 
224 7 5
102 100 101 101 101 
225 10 5
98 100 102 98 100 
226 7 1
99 99 100 102 99 
227 2 6
100 99 98 102 99 
228 10 9
98 98 102 98 98 
229 8 4
98 99 101 100 101 
230 5 4
98 99 101 102 100 
231 9 1
98 102 98 102 100 
232 9 6
101 100 99 102 101 
233 1 5
98 98 102 98 99 
234 10 3
100 102 98 102 100 
235 2 1
99 99 98 99 98 
236 7 4
100 102 98 99 101 
237 7 3
101 100 99 101 100 
238 8 1
98 102 101 102 101 
239 1 2
98 101 99 101 102 
240 3 7
102 98 102 102 99 
241 1 8
102 101 99 98 100 
242 10 4
99 99 102 102 98 
243 10 4
98 99 99 100 98 
244 9 6
102 100 100 99 102 
245 4 3
100 98 99 101 102 
246 3 4
99 99 102 98 102 
247 6 5
100 102 102 100 100 
248 7 1
100 99 100 102 101 
249 10 3
102 98 102 99 98 
250 8 10
99 102 98 98 100 
251 5 1
99 102 102 101 98 
252 4 9
100 102 98 98 100 
253 8 2
98 102 101 99 102 
254 10 10
102 99 102 101 100 
255 7 4
102 98 101 100 99 
256 8 2
99 100 99 101 102 
257 2 6
99 101 101 102 100 
258 2 1
101 98 98 101 101 
259 2 4
98 100 99 102 102 
260 10 8
98 101 98 101 98 
261 2 9
102 100 99 101 98 
262 5 8
98 99 100 101 101 
263 10 4
100 100 99 100 99 
264 3 10
98 101 101 100 99 
265 1 3
102 99 99 98 98 
266 8 9
100 99 98 100 102 
267 6 4
98 99 99 102 102 
268 6 4
98 102 100 101 101 
269 3 6
99 100 101 98 101 
270 2 4
98 101 99 101 99 
271 10 8
101 99 98 98 100 
272 8 5
99 102 100 102 101 
273 3 8
99 102 102 98 100 
274 5 8
100 98 98 98 98 
275 5 4
102 101 98 102 99 
276 2 10
101 98 101 100 102 
277 3 4
102 102 98 99 99 
278 7 4
98 99 98 102 101 
279 2 10
102 98 100 98 98 
280 6 10
99 99 98 99 101 
281 6 6
102 100 101 101 102 
282 1 2
100 100 102 100 101 
283 8 2
101 101 99 102 98 
284 6 10
100 98 98 101 101 
285 1 7
99 100 102 100 100 
286 3 9
99 101 102 101 100 
287 7 8
100 101 101 98 101 
288 2 6
101 100 99 98 100 
289 8 6
99 102 101 102 100 
290 8 8
102 100 98 100 100 
291 7 8
102 102 102 99 102 
292 5 4
100 99 101 100 98 
293 8 10
102 102 99 98 98 
294 1 8
100 102 99 101 99 
295 4 6
101 99 100 102 99 
296 9 3
98 101 99 98 99 
297 7 3
99 101 100 98 102 
298 9 4
98 98 98 102 100 
299 9 9
101 101 98 102 102 
300 1 6
100 101 101 101 101 
301 7 9
102 102 98 98 101 
302 5 2
102 98 99 102 98 
303 9 7
100 99 102 101 102 
304 2 10
98 99 102 101 98 
305 5 7
101 100 99 98 100 
306 9 1
100 98 101 99 98 
307 10 4
98 100 102 98 98 
308 6 1
99 99 102 100 101 
309 6 1
98 100 101 98 102 
310 7 6
99 102 99 101 102 
311 2 8
102 99 98 100 98 
312 10 5
99 102 102 100 98 
313 6 7
98 98 99 98 102 
314 7 7
102 100 101 98 102 
315 10 2
101 101 101 98 99 
316 9 10
99 102 101 102 98 
317 10 10
98 102 98 101 99 
318 5 1
99 98 99 98 98 
319 3 3
102 99 98 102 99 
320 4 5
100 101 98 99 100 
321 1 6
100 102 99 98 98 
322 3 4
102 101 101 98 98 
323 3 8
98 102 99 102 100 
324 8 5
99 100 98 101 99 
325 9 10
98 101 100 101 98 
326 4 6
100 100 98 99 98 
327 6 7
101 100 98 101 101 
328 10 6
101 99 99 102 98 
329 2 10
99 99 102 100 98 
330 7 8
100 99 100 102 102 
331 3 2
99 100 102 102 100 
332 8 1
100 99 98 98 102 
333 7 7
102 102 99 99 101 
334 8 1
98 101 100 100 99 
335 10 7
100 101 102 102 100 
336 2 1
102 101 100 102 102 
337 10 2
101 100 101 100 102 
338 7 6
100 101 98 100 101 
339 5 5
102 98 100 100 101 
340 5 9
99 98 98 100 101 
341 4 7
102 102 101 102 100 
342 9 4
99 102 102 101 100 
343 7 3
100 99 101 99 101 
344 3 6
100 99 98 98 99 
345 7 3
99 99 99 100 98 
346 2 7
102 102 98 98 98 
347 2 6
102 100 100 99 98 
348 6 5
102 101 98 101 99 
349 6 9
98 101 100 99 102 
350 6 5
100 101 98 99 100 
351 3 5
102 101 102 101 99 
352 10 2
101 102 99 102 102 
353 7 3
99 101 100 99 100 
354 8 10
101 100 98 98 99 
355 9 10
98 98 101 100 102 
356 5 6
100 101 100 100 98 
357 4 8
102 99 99 100 102 
358 5 9
99 99 98 100 98 
359 6 5
101 101 101 99 102 
360 9 9
98 101 98 100 99 
361 5 2
99 100 101 101 98 
362 1 1
98 99 99 101 102 
363 2 6
102 99 100 101 100 
364 6 5
101 99 102 101 102 
365 10 8
100 102 101 99 101 
366 10 10
102 99 99 99 100 
367 3 2
99 98 102 100 102 
368 2 8
99 101 101 102 102 
369 8 5
101 100 101 101 99 
370 2 10
99 100 98 98 101 
371 2 4
98 99 98 101 99 
372 7 2
100 100 98 101 98 
373 5 10
98 99 98 98 98 
374 9 1
101 100 102 98 102 
375 2 3
101 98 99 98 99 
376 4 10
102 102 100 100 101 
377 3 8
98 101 102 100 100 
378 5 6
100 101 98 99 98 
379 8 9
99 101 98 102 98 
380 9 1
101 101 99 101 102 
381 6 8
100 102 99 98 101 
382 6 8
98 100 102 102 100 
383 1 3
102 100 98 98 100 
384 4 6
101 101 100 99 100 
385 1 7
101 100 98 101 99 
386 3 9
99 102 100 99 99 
387 3 2
101 102 101 100 99 
388 7 1
98 99 100 98 102 
389 7 8
101 99 98 100 98 
390 2 6
99 98 98 101 102 
391 5 7
99 99 100 99 100 
392 4 2
101 99 99 99 100 
393 9 2
99 99 98 98 102 
394 7 10
102 100 99 98 100 
395 2 1
101 98 100 102 102 
396 7 4
99 99 102 100 100 
397 8 1
102 100 99 101 101 
398 3 6
100 98 102 101 102 
399 3 9
101 98 99 99 100 
400 1 9
99 99 99 98 98 
401 8 10
100 99 102 102 101 
402 3 5
101 99 102 100 99 
403 6 6
98 100 98 101 100 
404 7 1
99 99 101 101 98 
405 2 1
100 101 99 102 102 
406 1 1
102 100 102 102 99 
407 6 7
100 98 99 101 102 
408 9 4
101 100 101 98 101 
409 4 6
98 102 100 100 102 
410 9 10
98 98 99 102 102 
411 9 9
98 101 99 101 99 
412 10 9
100 101 99 99 98 
413 8 4
98 98 98 101 100 
414 8 1
99 100 99 100 100 
415 4 4
99 99 102 100 99 
416 1 3
100 98 98 98 101 
417 2 4
98 101 101 98 99 
418 9 9
101 100 99 99 99 
419 3 6
101 100 102 102 98 
420 4 4
100 98 98 99 98 
421 6 4
98 102 99 98 100 
422 7 7
101 102 99 101 101 
423 8 1
102 100 98 102 102 
424 7 2
100 99 102 102 100 
425 3 3
102 100 99 98 101 
426 5 1
99 99 101 99 100 
427 8 8
99 102 100 100 101 
428 5 8
98 101 101 100 102 
429 5 4
101 99 98 98 99 
430 2 1
102 99 100 100 102 
431 4 2
99 98 101 100 99 
432 6 3
98 99 102 100 102 
433 10 10
99 101 100 99 100 
434 10 7
101 101 99 102 102 
435 2 8
98 102 101 99 99 
436 7 7
100 101 101 102 102 
437 10 7
99 98 100 100 101 
438 2 9
100 99 100 100 102 
439 6 3
98 99 99 98 100 
440 10 2
98 100 102 98 100 
441 8 5
99 101 101 102 101 
442 1 2
102 100 100 99 98 
443 2 10
102 99 101 99 98 
444 5 4
100 98 102 101 100 
445 5 6
102 101 102 100 102 
446 5 3
100 100 98 101 99 
447 10 3
99 98 101 100 102 
448 7 4
102 100 99 99 100 
449 3 2
102 101 99 98 102 
450 9 10
101 102 99 100 99 
451 10 2
100 101 98 98 99 
452 9 8
98 99 98 102 101 
453 9 8
98 99 99 99 99 
454 10 2
98 102 100 101 102 
455 5 9
100 101 99 98 101 
456 7 3
99 102 98 99 100 
457 3 1
98 99 98 100 102 
458 2 4
98 98 99 99 98 
459 9 7
99 102 102 101 102 
460 6 6
101 99 101 102 100 
461 1 9
99 100 98 99 101 
462 1 1
100 101 101 101 102 
463 2 7
99 100 100 102 99 
464 10 8
99 99 98 99 98 
465 6 3
100 98 100 99 100 
466 4 5
99 98 98 98 102 
467 1 6
101 100 101 99 99 
468 9 6
100 100 102 98 101 
469 10 4
101 102 101 101 102 
470 1 5
102 98 98 100 99 
471 6 3
98 99 98 98 98 
472 4 7
99 99 101 98 101 
473 8 4
102 100 101 102 101 
474 9 5
98 99 101 102 99 
475 2 7
100 99 98 102 102 
476 3 5
99 99 98 100 100 
477 4 6
101 99 98 102 98 
478 1 4
98 102 101 98 98 
479 9 7
101 102 102 101 101 
480 8 8
100 102 100 102 98 
481 3 4
98 101 98 98 99 
482 3 10
101 101 102 101 102 
483 5 2
99 98 100 102 99 
484 5 3
102 99 98 102 98 
485 5 9
101 101 101 98 99 
486 7 3
102 101 101 100 101 
487 8 4
100 102 102 98 102 
488 4 1
98 100 102 100 98 
489 7 2
101 98 99 101 102 
490 7 9
100 100 98 100 101 
491 4 2
99 100 99 102 101 
492 1 2
100 99 101 98 98 
493 9 10
101 99 100 99 100 
494 4 5
101 99 102 98 102 
495 7 5
100 102 101 98 101 
496 5 10
100 100 101 99 98 
497 7 9
98 102 100 101 101 
498 10 2
100 102 98 98 99 
499 2 8
100 100 102 102 101 

