50 5 3503
0 7 6
101 98 98 98 100 
1 7 2
102 101 102 101 102 
2 3 2
102 98 99 98 98 
3 3 9
101 101 100 98 100 
4 9 9
102 102 99 102 99 
5 2 6
101 98 101 102 101 
6 3 8
101 100 99 100 100 
7 3 10
102 102 100 101 100 
8 7 6
99 102 98 99 99 
9 2 8
100 101 100 101 101 
10 1 3
101 98 98 99 100 
11 2 6
99 101 99 99 100 
12 5 7
99 98 99 101 100 
13 7 7
101 101 101 98 101 
14 7 6
99 101 101 102 101 
15 9 4
100 99 98 99 102 
16 8 3
101 101 98 99 101 
17 2 5
100 102 100 98 100 
18 7 9
98 102 101 101 102 
19 2 1
101 99 98 98 100 
20 8 4
101 102 98 101 102 
21 6 6
101 101 99 100 101 
22 5 9
100 100 101 98 101 
23 2 1
100 98 100 98 101 
24 8 9
101 100 99 101 101 
25 10 8
101 99 102 101 100 
26 6 6
98 99 101 102 101 
27 2 5
101 98 100 99 98 
28 10 9
98 102 101 101 99 
29 3 8
102 99 99 100 102 
30 1 1
99 98 99 101 102 
31 2 1
102 101 102 101 98 
32 2 5
100 101 102 100 100 
33 4 9
101 98 98 100 101 
34 2 3
102 99 100 101 101 
35 1 2
100 100 99 100 100 
36 9 1
100 99 99 102 102 
37 1 4
101 98 99 99 100 
38 9 7
98 102 101 100 100 
39 3 1
99 101 101 98 100 
40 8 5
102 100 102 101 101 
41 3 5
98 98 100 101 98 
42 2 3
101 102 98 98 99 
43 1 8
101 100 102 99 100 
44 4 10
102 100 101 98 102 
45 1 6
102 100 102 102 100 
46 10 1
98 98 102 98 99 
47 5 3
100 102 100 101 101 
48 2 5
99 99 98 100 101 
49 10 6
100 102 98 102 99 

