500 5 34972
0 4 7
127 65 143 85 136 
1 3 10
71 112 77 140 109 
2 4 7
90 76 122 86 61 
3 9 8
79 132 80 112 73 
4 8 6
79 52 72 108 119 
5 8 4
106 61 92 79 123 
6 2 10
134 87 148 74 65 
7 1 4
76 141 130 106 123 
8 3 1
146 131 55 75 134 
9 8 7
55 96 79 63 107 
10 5 6
132 95 64 117 84 
11 5 4
100 137 58 126 128 
12 9 5
53 101 104 149 82 
13 1 7
118 89 62 76 136 
14 5 10
145 120 84 128 117 
15 2 8
52 67 142 102 106 
16 2 1
136 91 115 139 94 
17 10 1
79 81 67 147 121 
18 2 6
59 77 117 106 147 
19 4 7
115 56 133 69 74 
20 9 2
82 79 53 69 120 
21 9 9
65 90 99 146 73 
22 9 6
96 101 71 105 129 
23 9 5
78 91 100 143 50 
24 5 5
74 64 137 106 93 
25 2 8
115 109 86 82 101 
26 8 9
125 57 124 71 108 
27 6 10
87 85 143 68 78 
28 4 2
78 79 126 54 93 
29 4 4
88 56 90 54 68 
30 9 9
119 67 67 146 74 
31 4 1
133 140 149 122 75 
32 5 1
55 89 104 136 119 
33 3 3
114 147 57 105 54 
34 9 2
72 78 149 93 96 
35 9 1
72 61 60 55 51 
36 2 1
128 55 70 86 94 
37 7 3
115 58 66 132 108 
38 5 8
112 74 50 86 102 
39 10 10
100 118 121 123 81 
40 2 1
83 144 110 113 149 
41 2 10
146 109 123 63 118 
42 1 6
76 116 134 90 140 
43 5 7
92 86 57 95 106 
44 10 9
137 62 98 122 109 
45 10 7
60 92 137 56 51 
46 4 3
71 105 69 149 71 
47 5 10
61 90 117 55 78 
48 8 1
134 108 70 74 72 
49 10 7
131 80 134 142 122 
50 3 1
75 135 72 149 90 
51 3 9
63 148 140 74 140 
52 10 2
69 86 82 105 144 
53 5 10
119 123 126 100 105 
54 1 3
129 134 143 55 71 
55 8 5
63 111 104 76 109 
56 5 3
52 56 134 71 92 
57 9 9
139 122 58 108 148 
58 7 9
103 98 53 83 83 
59 9 1
104 117 96 118 79 
60 1 7
138 147 99 140 53 
61 4 4
147 103 142 136 75 
62 3 7
125 138 107 79 86 
63 1 5
71 110 54 78 77 
64 1 9
106 52 144 147 149 
65 4 10
52 78 53 50 131 
66 8 9
109 101 85 84 89 
67 3 6
77 54 79 99 114 
68 6 10
93 85 127 50 88 
69 2 10
139 117 138 142 145 
70 4 5
79 140 132 90 91 
71 10 7
82 111 92 110 67 
72 4 2
131 59 140 75 146 
73 8 8
84 140 76 74 107 
74 5 9
55 108 62 136 50 
75 7 7
144 66 102 128 79 
76 7 1
97 120 101 130 81 
77 4 8
77 62 136 64 105 
78 3 1
62 129 60 119 139 
79 5 6
91 70 83 137 138 
80 9 7
120 134 106 67 56 
81 1 10
87 55 109 67 68 
82 6 4
123 108 123 87 139 
83 4 8
128 107 64 121 79 
84 1 10
68 88 75 138 124 
85 4 8
131 143 108 120 149 
86 8 10
119 113 72 144 123 
87 8 2
112 132 140 142 141 
88 8 6
71 107 124 141 97 
89 2 2
71 87 90 104 80 
90 9 6
131 66 66 52 81 
91 10 7
54 88 130 68 71 
92 1 3
62 129 127 135 86 
93 5 7
133 57 109 107 94 
94 10 2
77 100 86 110 68 
95 6 4
99 94 61 55 84 
96 2 6
105 64 139 118 143 
97 9 6
132 72 132 67 80 
98 4 5
76 143 136 103 93 
99 5 5
63 129 127 112 125 
100 9 10
60 82 144 67 96 
101 6 8
141 103 93 123 78 
102 6 2
60 68 67 86 113 
103 6 1
108 80 54 121 111 
104 4 6
139 123 54 101 55 
105 1 9
53 135 56 145 89 
106 10 1
117 76 113 127 146 
107 2 6
110 86 105 120 68 
108 2 3
82 146 129 71 120 
109 5 3
77 84 90 133 122 
110 9 1
113 97 100 80 123 
111 5 10
72 97 74 132 85 
112 3 5
104 93 148 136 90 
113 9 10
112 112 133 91 98 
114 4 5
122 72 104 85 71 
115 8 6
97 121 126 119 68 
116 2 4
103 83 57 109 78 
117 7 8
70 134 58 84 148 
118 2 7
148 65 102 121 139 
119 10 7
60 66 74 59 89 
120 1 9
59 103 131 64 88 
121 10 7
117 97 73 137 81 
122 3 3
131 125 100 129 140 
123 5 1
81 63 107 144 131 
124 2 4
70 83 132 131 137 
125 6 7
75 54 72 142 101 
126 8 3
84 131 56 65 107 
127 9 6
149 112 147 133 126 
128 5 8
59 137 82 132 71 
129 7 4
110 132 61 135 136 
130 6 1
140 133 64 126 66 
131 1 3
75 78 89 75 140 
132 7 1
68 93 87 78 132 
133 2 1
105 138 75 65 120 
134 8 4
58 72 133 100 107 
135 8 8
76 119 121 101 99 
136 1 9
89 148 138 60 143 
137 8 1
126 149 102 81 137 
138 8 10
107 116 102 67 91 
139 6 9
148 134 145 126 55 
140 7 9
104 78 58 143 128 
141 8 6
122 124 95 50 75 
142 8 4
62 77 132 71 143 
143 5 10
84 71 109 135 107 
144 5 2
112 122 91 66 102 
145 1 3
132 149 67 104 123 
146 6 7
101 114 140 113 141 
147 3 8
87 109 78 121 130 
148 8 7
140 91 120 102 115 
149 2 10
67 111 133 101 62 
150 1 7
88 117 114 139 82 
151 5 5
125 129 91 62 88 
152 10 7
120 106 94 110 99 
153 5 6
64 76 136 133 89 
154 10 6
102 71 143 140 139 
155 10 2
123 114 85 98 145 
156 8 4
83 148 99 105 105 
157 4 9
106 110 83 73 136 
158 2 9
127 90 95 131 111 
159 1 4
100 50 104 125 114 
160 3 5
109 69 139 94 119 
161 9 2
126 133 69 83 93 
162 5 7
131 125 116 61 117 
163 3 3
79 52 118 81 52 
164 5 8
68 66 133 127 137 
165 3 4
107 112 75 83 147 
166 7 9
91 103 76 124 130 
167 4 6
98 55 80 79 109 
168 9 1
112 74 69 130 91 
169 3 1
130 76 133 139 90 
170 9 4
88 107 143 81 60 
171 1 6
140 63 141 88 120 
172 2 8
79 121 130 93 145 
173 10 5
138 104 136 119 82 
174 10 1
123 80 83 113 137 
175 10 5
99 149 101 89 114 
176 3 1
136 65 99 65 136 
177 2 2
84 83 137 72 137 
178 4 4
69 92 104 94 74 
179 10 10
113 68 103 62 119 
180 6 5
83 149 84 69 65 
181 6 8
103 119 100 137 52 
182 8 3
139 60 55 110 54 
183 2 8
79 53 66 142 71 
184 3 6
93 129 111 78 128 
185 8 1
95 132 137 149 101 
186 10 7
103 76 98 144 86 
187 7 8
142 67 114 71 70 
188 1 7
144 104 73 87 83 
189 5 8
62 81 67 59 115 
190 7 9
119 95 145 72 121 
191 6 10
109 51 126 102 121 
192 1 6
93 122 141 139 77 
193 7 9
62 100 146 74 83 
194 4 7
149 120 144 118 65 
195 2 3
89 87 113 148 140 
196 10 3
63 81 78 107 54 
197 2 7
133 88 75 145 90 
198 2 3
76 84 108 75 106 
199 3 6
122 96 89 61 133 
200 4 2
75 92 66 89 124 
201 5 7
80 117 144 63 107 
202 10 1
100 142 82 126 129 
203 1 4
85 145 148 57 91 
204 8 1
126 90 134 51 133 
205 1 3
59 146 90 89 113 
206 6 5
123 56 114 73 101 
207 10 2
80 89 54 115 136 
208 3 6
129 141 97 57 134 
209 2 2
69 81 103 78 77 
210 5 10
93 131 73 118 137 
211 10 4
88 138 144 70 130 
212 9 7
68 102 113 148 145 
213 1 6
129 92 116 148 75 
214 3 9
103 116 147 98 97 
215 3 7
136 62 109 127 50 
216 4 8
82 53 85 101 57 
217 9 10
104 111 56 84 53 
218 6 5
78 147 113 83 65 
219 1 2
64 135 147 50 147 
220 9 10
99 63 129 84 66 
221 5 6
125 115 136 80 76 
222 3 7
79 119 102 59 116 
223 6 6
83 78 126 97 63 
224 7 1
112 136 79 113 50 
225 9 8
66 125 132 94 90 
226 1 7
68 115 144 149 84 
227 7 9
103 112 53 136 92 
228 3 5
57 60 84 119 146 
229 6 5
146 74 132 115 101 
230 7 2
93 87 137 111 52 
231 2 1
138 129 70 91 143 
232 5 9
85 58 112 92 120 
233 7 4
116 61 50 65 137 
234 5 3
140 100 143 83 89 
235 1 5
143 63 104 132 94 
236 6 4
88 101 101 123 61 
237 6 9
131 63 133 149 127 
238 6 5
114 119 96 57 122 
239 2 1
61 73 137 107 86 
240 4 10
131 70 64 121 121 
241 9 7
84 133 114 117 147 
242 1 8
124 85 83 140 107 
243 3 10
79 73 140 142 97 
244 10 10
85 72 90 118 93 
245 6 10
116 75 86 103 110 
246 3 1
107 54 137 133 90 
247 2 7
147 55 77 128 78 
248 10 1
77 148 70 113 71 
249 1 4
66 117 73 132 142 
250 2 6
103 113 58 112 118 
251 6 9
110 118 126 59 123 
252 4 8
104 123 107 131 73 
253 10 7
94 92 130 62 59 
254 6 8
104 116 84 109 131 
255 3 4
51 88 121 63 108 
256 10 3
134 105 111 140 130 
257 2 4
53 50 70 50 92 
258 3 3
54 57 109 108 75 
259 5 8
108 86 140 110 76 
260 5 4
87 115 98 71 70 
261 10 4
50 82 136 54 83 
262 9 7
77 60 118 81 119 
263 9 2
96 124 108 55 60 
264 2 6
139 117 140 76 82 
265 9 10
55 50 112 107 82 
266 9 2
67 57 119 147 119 
267 9 9
89 68 120 135 142 
268 1 3
104 83 57 93 50 
269 1 2
135 138 70 140 90 
270 5 8
75 133 111 144 92 
271 1 2
113 70 70 104 88 
272 3 3
80 72 84 135 58 
273 5 1
58 94 52 95 134 
274 3 8
75 107 85 52 142 
275 9 7
136 80 90 99 101 
276 3 7
139 104 98 122 78 
277 3 8
138 126 87 147 70 
278 10 5
55 64 132 132 73 
279 10 7
65 67 134 103 149 
280 5 5
100 86 60 142 92 
281 9 5
73 91 71 61 119 
282 1 1
140 52 105 97 66 
283 10 2
89 108 67 56 125 
284 2 2
124 128 115 127 116 
285 7 10
111 84 83 86 77 
286 7 10
147 66 110 89 120 
287 8 7
136 58 117 127 116 
288 7 6
143 87 96 69 117 
289 3 7
84 90 67 145 124 
290 1 2
52 58 80 101 75 
291 3 1
97 111 126 84 119 
292 6 4
85 81 101 130 70 
293 8 1
138 111 146 124 51 
294 5 10
78 66 102 132 75 
295 3 4
52 127 73 99 140 
296 2 6
110 96 149 97 79 
297 3 9
99 149 78 139 63 
298 7 4
116 140 134 144 109 
299 7 7
134 121 59 88 50 
300 5 10
140 85 125 100 131 
301 7 1
112 78 128 114 129 
302 9 4
94 84 119 61 127 
303 6 8
86 92 84 122 115 
304 6 1
115 82 99 57 117 
305 7 9
51 52 110 113 132 
306 9 8
64 146 83 108 80 
307 5 10
57 109 77 145 51 
308 4 8
68 110 79 85 142 
309 2 4
62 57 103 63 112 
310 4 9
146 101 106 60 149 
311 2 10
131 145 140 139 104 
312 10 7
58 132 54 76 145 
313 4 5
137 114 107 101 74 
314 1 5
88 73 143 84 76 
315 2 6
75 144 116 56 139 
316 7 8
145 76 134 53 110 
317 1 3
105 123 98 145 140 
318 6 7
116 117 113 54 140 
319 9 1
118 111 85 143 105 
320 2 2
94 60 101 141 138 
321 6 8
98 125 131 106 50 
322 10 2
92 84 99 110 51 
323 5 5
93 122 105 61 83 
324 3 7
90 146 109 86 108 
325 1 9
96 147 125 144 74 
326 7 1
75 135 103 69 121 
327 6 1
74 69 146 117 94 
328 4 1
79 96 136 120 144 
329 6 9
102 58 136 148 55 
330 4 5
80 71 97 57 108 
331 1 9
79 57 108 103 129 
332 8 3
125 60 52 54 58 
333 1 7
52 136 135 56 96 
334 4 5
101 87 51 83 60 
335 9 3
119 50 121 100 58 
336 2 7
137 138 78 112 101 
337 4 9
109 73 95 64 111 
338 3 3
57 107 79 61 144 
339 1 5
107 128 87 76 128 
340 1 9
136 91 134 75 132 
341 6 10
83 98 108 94 73 
342 6 1
135 139 133 94 96 
343 3 6
143 92 50 100 70 
344 10 9
100 99 106 87 92 
345 2 5
74 108 104 59 108 
346 5 5
131 69 66 68 110 
347 10 4
56 113 68 149 55 
348 1 2
127 61 79 78 62 
349 7 8
105 129 133 129 139 
350 8 10
97 103 145 130 74 
351 2 10
134 61 64 93 76 
352 5 3
82 57 146 111 68 
353 6 2
81 113 60 136 144 
354 5 8
85 133 108 132 87 
355 4 6
63 67 64 148 130 
356 1 2
56 114 85 88 73 
357 2 3
92 59 95 75 74 
358 7 4
121 52 130 56 135 
359 2 10
124 94 106 138 111 
360 1 9
91 52 129 98 68 
361 7 9
92 100 92 134 109 
362 9 2
85 146 74 56 148 
363 7 4
85 97 104 112 94 
364 1 3
107 82 90 101 136 
365 2 10
54 139 139 96 89 
366 5 3
100 122 93 136 118 
367 10 3
68 126 107 103 125 
368 4 6
69 75 119 127 59 
369 10 1
145 82 81 50 72 
370 1 7
63 106 79 114 78 
371 5 1
98 94 144 68 122 
372 5 3
97 117 89 69 143 
373 10 9
104 120 78 100 105 
374 10 1
79 81 98 92 138 
375 8 7
118 104 58 119 148 
376 4 8
120 57 61 119 76 
377 4 1
121 114 138 76 136 
378 7 7
91 77 128 72 109 
379 7 6
149 54 73 117 108 
380 3 9
58 137 126 80 144 
381 10 2
122 92 142 94 56 
382 1 3
143 99 148 136 78 
383 7 10
137 52 76 88 108 
384 10 9
118 131 96 78 70 
385 5 9
64 64 112 89 106 
386 5 6
65 84 107 110 85 
387 8 7
114 133 105 53 87 
388 4 3
98 133 50 118 66 
389 7 10
87 71 109 53 137 
390 2 3
93 125 127 60 112 
391 7 1
147 143 67 111 78 
392 5 8
116 108 109 116 143 
393 10 7
59 107 85 96 80 
394 6 3
67 66 146 63 142 
395 5 4
56 110 144 53 56 
396 4 8
84 89 84 102 99 
397 4 9
92 54 55 54 63 
398 3 3
94 137 54 111 106 
399 2 7
98 77 100 104 89 
400 7 10
95 61 76 130 52 
401 3 3
102 107 53 96 111 
402 1 1
77 102 103 121 90 
403 8 5
98 60 61 98 87 
404 4 5
127 111 113 124 74 
405 3 5
76 104 89 128 114 
406 3 6
127 52 77 54 104 
407 1 6
96 140 110 144 50 
408 4 3
140 138 146 69 99 
409 3 4
75 104 98 101 110 
410 8 3
74 79 109 52 133 
411 7 7
87 117 84 86 59 
412 7 1
59 119 75 101 107 
413 4 1
108 135 114 133 89 
414 5 7
102 53 118 126 82 
415 8 1
117 116 87 54 83 
416 2 3
144 67 125 105 88 
417 1 8
97 123 127 107 109 
418 4 3
100 107 128 52 110 
419 8 2
94 76 111 61 142 
420 9 9
127 71 110 121 140 
421 8 10
130 137 136 129 63 
422 4 7
74 59 78 124 116 
423 10 10
77 108 110 121 134 
424 4 6
79 74 53 108 95 
425 6 3
138 53 111 118 92 
426 8 1
105 112 86 81 121 
427 8 9
88 126 137 67 84 
428 10 1
120 122 77 101 146 
429 3 1
144 148 142 132 103 
430 4 3
97 102 104 105 64 
431 2 7
88 110 94 78 138 
432 4 6
72 84 87 94 57 
433 6 7
105 97 56 99 147 
434 1 4
52 53 88 100 105 
435 3 6
71 85 141 61 145 
436 9 10
133 73 86 107 108 
437 7 3
115 141 100 70 140 
438 9 3
138 108 107 140 111 
439 6 1
118 90 147 91 125 
440 2 4
73 79 94 108 102 
441 4 7
60 109 120 77 100 
442 3 1
90 130 124 130 88 
443 2 2
149 129 113 69 69 
444 2 3
96 104 67 119 133 
445 3 9
137 145 146 100 104 
446 7 10
106 88 79 146 68 
447 6 10
58 137 50 57 68 
448 6 9
87 78 140 85 132 
449 9 6
67 72 135 107 119 
450 2 8
73 149 86 129 139 
451 9 8
57 123 106 65 62 
452 9 5
80 126 54 69 106 
453 7 6
89 56 62 58 78 
454 8 6
147 80 122 122 79 
455 2 4
68 81 133 127 106 
456 2 5
119 102 120 101 78 
457 7 4
134 122 80 125 129 
458 5 5
109 141 99 59 123 
459 5 2
52 85 87 122 116 
460 1 2
124 61 95 93 65 
461 8 8
93 143 72 130 67 
462 5 8
146 148 141 58 139 
463 4 8
112 117 100 66 104 
464 8 1
122 109 91 96 73 
465 9 3
88 55 139 132 100 
466 4 5
117 117 71 66 115 
467 6 5
56 108 91 70 75 
468 2 9
129 81 78 101 140 
469 10 8
63 109 141 102 66 
470 3 7
116 145 50 135 64 
471 4 2
129 88 127 87 146 
472 9 8
123 112 95 54 143 
473 6 8
85 96 55 99 55 
474 9 4
123 131 89 89 126 
475 2 8
141 114 80 72 105 
476 9 1
101 76 119 127 90 
477 6 2
83 142 139 119 89 
478 7 1
146 144 73 120 125 
479 5 2
54 55 88 145 71 
480 10 10
126 127 79 130 105 
481 10 8
146 116 88 131 108 
482 10 3
99 75 74 96 122 
483 8 7
97 111 127 101 68 
484 7 9
90 87 118 66 116 
485 10 7
71 98 55 119 116 
486 7 2
127 125 55 76 103 
487 1 3
75 79 138 122 93 
488 9 7
111 136 76 51 73 
489 5 1
139 146 68 112 146 
490 5 3
113 70 85 90 97 
491 3 9
50 72 93 75 54 
492 4 1
97 51 128 58 137 
493 5 3
112 101 82 101 97 
494 3 7
93 76 100 108 148 
495 8 1
148 79 119 148 54 
496 3 7
58 97 128 105 99 
497 9 4
86 114 127 101 65 
498 10 5
64 62 70 60 140 
499 1 9
91 57 121 89 139 

