500 5 34470
0 2 84
124 76 113 87 75 
1 64 29
135 94 104 64 114 
2 4 15
52 91 51 99 67 
3 5 69
129 123 68 72 132 
4 21 21
80 123 54 106 149 
5 20 95
74 133 72 111 129 
6 77 76
94 81 92 148 122 
7 44 48
139 97 117 71 122 
8 87 96
104 56 66 87 81 
9 73 94
81 141 89 57 76 
10 62 70
56 140 146 52 123 
11 39 1
96 83 149 137 82 
12 68 61
55 55 106 61 113 
13 25 1
144 98 96 127 89 
14 86 86
116 149 56 74 91 
15 3 27
64 143 128 62 76 
16 78 53
61 146 114 66 51 
17 21 80
114 146 130 61 94 
18 27 89
134 113 75 52 112 
19 84 27
105 88 54 120 81 
20 83 35
59 109 136 70 106 
21 52 37
59 73 118 76 70 
22 49 38
114 76 127 50 139 
23 56 55
54 88 82 109 126 
24 37 82
109 68 66 119 128 
25 3 90
136 55 128 145 79 
26 47 74
51 96 112 115 122 
27 41 19
63 97 74 119 135 
28 58 30
112 143 60 71 62 
29 79 43
92 131 134 130 88 
30 15 28
117 110 51 118 108 
31 64 87
132 105 106 145 52 
32 81 66
90 87 96 104 81 
33 9 76
145 137 120 139 70 
34 55 70
108 118 98 128 130 
35 2 47
88 115 134 122 122 
36 41 68
77 71 134 117 108 
37 31 22
91 141 98 138 128 
38 19 78
148 74 148 58 142 
39 48 87
74 98 83 64 115 
40 70 87
88 60 56 115 81 
41 91 85
91 123 55 85 114 
42 54 24
92 74 51 142 98 
43 100 53
143 96 89 67 97 
44 25 33
62 143 68 52 53 
45 77 20
136 117 53 130 90 
46 9 16
106 64 88 100 88 
47 40 95
88 141 96 81 139 
48 86 50
86 111 83 51 105 
49 4 56
60 130 125 99 149 
50 79 30
141 89 94 97 55 
51 35 50
93 76 93 83 67 
52 90 66
108 77 116 145 138 
53 52 49
145 104 53 56 136 
54 79 56
135 59 86 126 50 
55 81 24
55 64 122 50 142 
56 68 34
59 107 100 118 86 
57 69 16
74 69 65 122 124 
58 19 79
110 99 135 96 60 
59 22 75
112 103 100 69 69 
60 23 72
62 92 54 123 101 
61 8 42
137 125 58 113 145 
62 76 36
71 96 63 131 97 
63 51 80
107 121 104 121 74 
64 5 91
94 128 111 58 70 
65 18 82
73 74 73 60 102 
66 84 75
149 109 111 70 107 
67 28 54
54 127 83 111 51 
68 40 85
75 145 124 71 123 
69 36 30
96 54 61 71 131 
70 87 33
83 71 108 82 82 
71 20 5
139 96 107 143 126 
72 91 7
127 131 140 104 126 
73 65 77
52 101 107 50 58 
74 21 22
139 56 55 124 130 
75 64 59
62 85 112 52 131 
76 20 48
59 112 104 136 93 
77 45 42
122 111 119 76 114 
78 79 27
122 149 149 63 107 
79 6 88
87 118 95 100 105 
80 60 5
87 129 53 148 143 
81 58 86
138 104 128 110 117 
82 100 87
81 127 114 106 78 
83 65 70
136 71 107 73 91 
84 55 26
147 64 131 136 95 
85 86 85
88 92 71 128 98 
86 52 40
65 100 127 149 130 
87 95 56
58 60 74 96 81 
88 34 23
74 90 97 71 104 
89 82 8
101 116 94 91 110 
90 66 20
59 67 60 126 69 
91 41 76
101 84 80 62 146 
92 8 59
129 90 130 53 130 
93 81 26
136 111 134 87 77 
94 29 31
89 96 100 98 65 
95 13 78
84 102 102 88 88 
96 36 51
136 92 58 115 132 
97 90 70
65 119 96 51 80 
98 31 92
59 109 71 98 55 
99 24 50
70 86 76 56 90 
100 31 45
129 115 144 115 57 
101 56 84
92 146 102 107 115 
102 99 11
97 130 103 58 89 
103 28 9
146 100 107 118 88 
104 36 28
129 68 73 60 133 
105 19 28
93 75 60 135 71 
106 15 95
88 114 106 87 95 
107 11 46
86 87 103 83 89 
108 64 54
128 100 82 59 118 
109 57 20
54 76 148 149 101 
110 62 85
122 77 80 112 142 
111 87 100
87 146 94 123 135 
112 50 59
75 114 114 53 117 
113 97 65
137 102 85 141 80 
114 34 43
131 96 76 55 124 
115 9 68
68 145 116 105 93 
116 63 81
79 114 141 56 130 
117 8 62
97 53 75 85 58 
118 61 79
88 95 71 122 94 
119 100 78
68 110 147 86 105 
120 64 44
100 128 125 81 92 
121 19 38
124 75 148 72 131 
122 76 10
139 85 89 129 83 
123 13 4
127 114 131 97 74 
124 79 36
129 143 80 131 121 
125 6 14
115 126 100 90 51 
126 2 15
132 126 125 73 114 
127 15 56
99 77 108 76 93 
128 92 26
117 71 62 148 117 
129 43 80
140 149 142 106 125 
130 96 49
127 146 112 61 74 
131 38 36
138 53 92 87 132 
132 1 16
75 94 142 142 115 
133 5 43
82 96 72 73 148 
134 15 32
123 111 81 52 107 
135 46 67
132 84 103 72 87 
136 96 61
70 97 77 147 141 
137 21 43
107 74 134 91 73 
138 7 17
71 123 97 96 84 
139 79 2
94 73 117 128 59 
140 21 1
97 65 62 69 112 
141 41 69
56 110 60 113 134 
142 96 57
57 103 123 78 128 
143 73 28
115 53 78 111 128 
144 96 40
138 117 89 85 84 
145 53 7
98 94 124 104 54 
146 38 70
138 134 76 146 87 
147 100 77
118 73 105 83 76 
148 84 95
107 80 135 95 99 
149 77 33
133 130 88 82 74 
150 65 39
78 51 58 67 135 
151 35 66
125 135 143 93 110 
152 50 29
137 134 124 94 117 
153 60 42
118 137 123 102 118 
154 64 37
142 77 76 71 131 
155 35 91
68 70 105 143 55 
156 1 89
116 51 118 55 88 
157 95 2
107 55 92 75 143 
158 68 78
111 80 115 103 59 
159 93 75
92 128 114 111 149 
160 72 7
54 74 145 72 75 
161 16 80
113 60 130 70 65 
162 23 47
58 91 125 71 121 
163 94 76
83 87 51 125 65 
164 19 37
64 139 93 121 63 
165 91 94
141 107 123 56 117 
166 6 80
85 130 127 145 71 
167 5 18
143 147 94 128 84 
168 46 54
52 113 92 66 55 
169 38 88
120 77 83 111 86 
170 59 69
54 113 149 141 93 
171 77 39
67 130 105 112 80 
172 100 41
66 95 143 68 110 
173 88 36
115 74 124 86 53 
174 60 50
90 67 119 146 83 
175 69 88
78 94 75 95 127 
176 34 8
57 82 149 73 79 
177 94 43
92 82 79 57 107 
178 56 96
110 65 147 50 134 
179 67 97
119 137 133 100 133 
180 62 96
110 144 105 69 128 
181 55 44
58 149 87 52 82 
182 19 10
139 123 107 51 90 
183 7 3
127 122 148 96 61 
184 35 97
145 97 94 57 91 
185 100 28
69 55 72 129 55 
186 60 82
139 127 93 80 52 
187 53 32
93 108 135 70 132 
188 85 67
144 120 65 91 67 
189 60 49
60 60 77 131 65 
190 50 14
122 110 96 111 139 
191 42 44
142 143 125 85 53 
192 13 56
136 98 123 82 68 
193 89 26
137 149 75 147 59 
194 54 32
75 104 94 147 65 
195 91 12
54 82 104 146 127 
196 82 84
131 144 88 69 92 
197 65 4
63 102 78 50 54 
198 54 51
63 108 83 88 63 
199 78 89
130 69 149 86 53 
200 6 86
131 137 118 64 83 
201 60 34
77 73 86 90 77 
202 17 94
133 119 145 147 78 
203 29 36
143 107 73 75 126 
204 75 62
82 130 148 63 69 
205 68 80
54 128 62 81 103 
206 1 25
82 66 67 66 87 
207 65 14
67 142 50 60 99 
208 25 36
127 100 99 59 132 
209 48 75
103 116 103 107 94 
210 18 42
99 119 115 132 87 
211 35 51
125 148 113 142 92 
212 64 56
141 89 92 70 92 
213 44 31
74 141 106 128 59 
214 11 88
56 129 78 105 99 
215 94 90
136 129 89 111 127 
216 3 7
69 68 63 112 59 
217 8 84
101 101 115 78 144 
218 22 7
53 133 143 59 113 
219 23 18
62 117 56 148 97 
220 47 13
126 50 120 146 120 
221 36 11
130 92 143 133 143 
222 11 12
89 82 67 145 65 
223 64 57
128 87 123 92 54 
224 33 94
53 80 55 130 80 
225 28 29
51 112 88 83 106 
226 33 17
52 144 78 91 76 
227 98 37
144 110 143 74 147 
228 19 68
104 100 110 107 130 
229 18 38
113 146 115 66 108 
230 57 50
64 90 67 118 84 
231 46 11
111 145 148 105 105 
232 92 80
55 112 148 109 62 
233 59 17
95 77 56 58 73 
234 72 77
131 129 75 98 69 
235 95 17
104 90 128 65 137 
236 78 23
92 70 103 149 132 
237 53 59
97 60 77 94 140 
238 34 5
63 106 130 97 86 
239 6 96
105 149 113 59 141 
240 95 77
80 121 148 75 141 
241 53 25
76 106 133 75 68 
242 63 70
58 145 75 72 101 
243 6 70
89 112 66 145 63 
244 32 57
107 75 83 137 146 
245 84 13
90 137 87 68 93 
246 73 96
112 84 66 120 131 
247 42 93
134 96 63 74 58 
248 82 72
71 63 129 128 88 
249 13 67
137 98 80 129 85 
250 68 50
129 141 94 91 127 
251 61 12
60 51 106 145 149 
252 22 72
57 53 144 130 66 
253 74 60
56 136 127 95 136 
254 8 77
71 77 75 50 120 
255 22 42
98 131 55 108 84 
256 62 6
135 84 126 142 87 
257 71 26
55 94 86 114 132 
258 14 10
118 122 136 139 101 
259 64 43
72 135 133 72 68 
260 89 33
55 51 88 140 138 
261 67 36
75 139 110 81 83 
262 97 96
117 111 106 137 135 
263 95 29
87 108 120 109 145 
264 7 34
63 96 115 120 50 
265 4 62
138 72 98 63 61 
266 9 97
146 106 93 113 119 
267 53 3
104 96 132 141 106 
268 6 3
101 61 85 67 59 
269 2 88
59 106 98 147 128 
270 97 64
91 106 61 87 114 
271 8 53
83 109 104 138 107 
272 90 32
116 144 84 67 55 
273 70 35
64 72 124 126 81 
274 23 26
59 121 138 101 129 
275 53 41
94 61 143 79 72 
276 48 70
129 86 51 95 80 
277 36 16
137 106 51 104 129 
278 76 31
60 100 105 121 71 
279 97 75
102 98 65 98 109 
280 9 79
131 57 97 62 146 
281 49 11
128 85 75 68 142 
282 79 73
73 104 104 83 54 
283 10 57
127 107 133 131 107 
284 99 31
118 108 110 51 67 
285 8 15
63 58 126 94 93 
286 54 63
137 81 84 60 135 
287 89 96
91 99 102 120 57 
288 88 53
66 135 132 135 145 
289 43 87
62 51 102 128 59 
290 29 23
55 131 134 142 115 
291 71 56
100 60 100 94 61 
292 55 15
120 91 116 137 128 
293 1 73
123 92 108 88 146 
294 12 69
55 141 140 112 123 
295 27 8
88 98 112 90 60 
296 65 37
71 69 53 94 110 
297 70 32
141 72 105 114 66 
298 14 55
62 126 72 120 70 
299 65 33
143 92 89 133 92 
300 54 76
102 68 114 76 87 
301 68 71
99 138 51 90 60 
302 57 58
77 71 61 141 100 
303 87 62
120 52 144 65 95 
304 86 51
89 89 127 142 107 
305 42 19
96 110 138 145 99 
306 42 37
61 99 95 140 72 
307 57 83
122 144 93 144 147 
308 38 10
144 125 61 83 64 
309 90 78
73 132 145 119 145 
310 36 17
94 78 54 57 127 
311 50 99
102 108 82 74 102 
312 76 20
51 115 130 97 90 
313 45 34
56 135 60 79 117 
314 59 51
112 95 116 108 124 
315 72 19
53 70 66 105 80 
316 1 33
133 77 53 86 142 
317 36 85
134 129 67 92 114 
318 80 72
134 87 123 148 133 
319 41 58
59 61 125 114 133 
320 44 73
64 145 54 99 72 
321 60 38
117 144 123 101 124 
322 43 47
140 72 119 124 61 
323 44 74
96 133 132 105 96 
324 58 73
131 102 94 97 97 
325 1 49
71 109 136 138 103 
326 12 41
129 104 88 120 78 
327 8 45
89 100 67 136 135 
328 52 94
81 110 115 115 62 
329 62 65
61 111 63 83 70 
330 52 74
124 112 115 103 118 
331 4 24
146 61 70 138 111 
332 90 27
97 91 121 80 51 
333 90 48
116 100 62 79 62 
334 26 15
134 78 138 108 140 
335 54 65
109 107 89 57 118 
336 12 48
131 51 75 130 92 
337 98 12
145 136 60 63 138 
338 23 44
50 149 107 135 77 
339 98 96
120 101 61 79 58 
340 52 89
78 112 138 59 65 
341 14 91
59 60 103 55 98 
342 16 71
87 88 63 139 139 
343 24 27
67 70 72 137 73 
344 34 69
133 86 58 61 101 
345 97 74
116 60 65 126 122 
346 21 34
71 85 53 108 75 
347 70 100
65 142 76 134 114 
348 49 72
90 83 141 73 72 
349 52 88
123 98 110 141 108 
350 28 68
80 97 102 53 132 
351 57 14
110 127 63 125 71 
352 40 60
135 89 132 127 74 
353 26 2
96 126 138 121 74 
354 1 64
84 129 132 67 76 
355 36 21
110 93 84 70 70 
356 48 96
91 88 56 128 127 
357 41 57
103 115 59 50 92 
358 50 24
68 51 136 103 130 
359 22 71
56 58 92 68 101 
360 77 92
73 125 88 66 63 
361 46 47
92 135 104 146 53 
362 64 49
95 62 73 113 115 
363 11 69
95 133 140 53 141 
364 34 23
92 111 63 67 87 
365 52 34
52 98 129 147 136 
366 35 46
139 99 95 84 64 
367 69 50
129 80 120 75 63 
368 61 81
54 95 52 148 57 
369 68 16
146 121 50 100 69 
370 33 100
107 68 94 96 117 
371 42 81
83 60 132 63 142 
372 53 91
56 114 120 112 60 
373 26 62
119 94 78 67 65 
374 82 68
137 63 117 94 133 
375 64 92
100 55 73 134 117 
376 58 50
109 111 89 115 76 
377 62 81
138 136 143 59 81 
378 22 27
148 104 143 135 69 
379 13 83
52 78 75 103 83 
380 1 90
50 108 140 61 69 
381 82 30
147 92 59 87 79 
382 3 47
62 125 122 60 80 
383 19 49
99 132 80 102 60 
384 8 58
93 57 148 145 115 
385 89 60
87 119 138 84 113 
386 98 73
142 149 120 54 76 
387 44 68
106 63 65 108 145 
388 98 11
56 54 69 51 61 
389 18 50
79 107 58 116 128 
390 97 53
91 95 126 136 146 
391 48 43
72 140 59 129 53 
392 77 90
100 123 149 58 79 
393 71 11
143 89 61 72 146 
394 20 41
76 117 142 69 62 
395 70 6
58 118 50 80 108 
396 62 62
63 88 100 65 113 
397 2 25
143 121 136 88 60 
398 98 61
108 66 50 86 133 
399 45 57
145 115 63 105 83 
400 14 86
93 77 149 58 115 
401 50 25
130 101 50 75 124 
402 87 64
135 133 73 145 101 
403 76 33
84 122 90 131 139 
404 54 37
73 69 123 68 96 
405 73 80
113 72 105 93 75 
406 56 70
149 91 82 86 126 
407 9 33
77 85 66 63 109 
408 57 95
99 111 132 122 130 
409 8 43
76 130 71 91 104 
410 77 86
81 81 56 80 74 
411 91 20
102 148 101 129 136 
412 20 45
95 125 140 144 86 
413 73 19
119 82 111 97 62 
414 83 90
68 61 124 99 144 
415 33 32
69 72 100 73 123 
416 54 4
109 74 97 106 149 
417 91 4
138 112 71 107 96 
418 35 5
108 119 143 78 130 
419 20 30
124 101 111 95 76 
420 64 70
149 119 74 60 143 
421 24 67
95 63 119 135 78 
422 44 43
124 127 148 135 96 
423 45 14
76 65 93 103 69 
424 57 99
95 121 69 146 142 
425 44 7
88 69 74 133 82 
426 95 21
110 139 112 137 116 
427 13 73
115 106 87 141 122 
428 33 97
93 138 145 138 62 
429 67 85
54 60 140 92 79 
430 67 78
63 62 147 76 51 
431 12 14
118 74 87 83 82 
432 27 77
54 109 123 149 149 
433 21 88
61 88 73 118 98 
434 66 11
79 82 138 145 94 
435 38 22
96 99 136 116 123 
436 76 52
55 51 129 112 110 
437 5 62
62 126 51 125 65 
438 25 44
65 140 56 95 72 
439 47 93
68 133 63 114 82 
440 52 83
107 76 135 65 129 
441 66 30
90 71 92 54 148 
442 44 80
63 70 73 78 60 
443 30 26
134 125 67 104 60 
444 83 72
93 135 103 102 113 
445 40 68
93 106 146 133 127 
446 40 40
125 84 68 90 104 
447 94 70
66 124 96 50 51 
448 17 8
62 100 128 57 86 
449 32 60
149 72 77 92 80 
450 76 78
58 116 118 85 51 
451 88 77
105 82 147 122 57 
452 96 25
58 61 81 122 64 
453 62 80
100 143 89 51 117 
454 19 97
148 143 75 56 62 
455 95 94
63 83 71 70 115 
456 71 45
122 116 119 83 79 
457 53 6
93 64 87 95 109 
458 77 100
76 96 145 74 89 
459 73 83
53 116 78 66 149 
460 50 38
115 70 131 139 88 
461 3 75
69 57 82 65 123 
462 70 61
82 147 61 60 93 
463 7 88
84 81 71 88 147 
464 50 55
99 101 93 116 73 
465 78 8
63 129 132 82 88 
466 67 48
61 85 110 145 82 
467 72 59
125 80 95 59 111 
468 19 100
60 118 56 109 121 
469 50 26
144 76 83 57 108 
470 68 92
98 83 89 62 70 
471 52 8
102 72 115 129 54 
472 63 41
67 131 90 78 51 
473 47 88
122 97 115 68 76 
474 51 78
86 67 118 134 100 
475 60 97
120 60 54 124 135 
476 22 6
91 134 95 109 115 
477 38 88
116 85 76 140 133 
478 92 9
59 91 135 95 60 
479 6 82
62 115 128 84 77 
480 35 61
114 57 115 56 141 
481 12 66
58 50 54 76 86 
482 83 17
69 124 126 130 117 
483 14 26
80 69 56 92 86 
484 37 78
113 120 87 78 128 
485 56 87
71 68 53 132 68 
486 8 61
104 139 79 75 65 
487 6 6
85 69 132 115 88 
488 42 60
76 127 138 139 50 
489 79 70
128 83 57 101 101 
490 11 34
71 119 96 126 109 
491 76 54
76 130 109 63 101 
492 94 31
91 84 140 117 62 
493 79 58
62 58 128 92 91 
494 87 46
94 146 81 116 116 
495 78 95
127 102 97 105 82 
496 59 70
134 102 101 127 136 
497 42 46
100 122 104 64 130 
498 33 57
124 68 52 68 117 
499 86 37
135 112 80 64 64 

