500 5 24867
0 2 4
99 101 98 102 100 
1 4 9
100 99 99 99 99 
2 4 5
97 96 96 104 102 
3 5 9
104 98 103 97 97 
4 1 1
95 98 99 101 104 
5 10 5
99 98 97 96 104 
6 7 6
99 96 97 103 97 
7 4 8
104 102 102 96 97 
8 7 6
99 101 101 102 96 
9 3 4
96 96 104 102 101 
10 2 10
101 95 101 97 98 
11 9 1
101 98 104 102 97 
12 8 1
100 100 101 96 98 
13 5 1
99 103 101 102 104 
14 6 6
101 104 101 99 96 
15 3 7
99 98 103 97 101 
16 8 3
96 101 99 101 96 
17 1 10
99 101 95 96 99 
18 7 9
99 98 100 97 97 
19 4 7
100 103 99 95 96 
20 3 5
104 104 101 95 101 
21 2 7
104 98 103 101 95 
22 9 8
99 101 102 95 104 
23 6 5
99 103 97 104 101 
24 7 2
104 103 101 104 103 
25 3 10
101 100 103 100 104 
26 7 4
96 101 97 100 97 
27 1 9
98 102 99 104 100 
28 8 10
97 98 95 96 97 
29 9 3
97 96 99 95 103 
30 5 8
102 95 96 103 103 
31 4 7
97 100 101 100 97 
32 1 6
95 102 101 99 96 
33 9 6
100 102 95 104 95 
34 5 10
103 103 103 103 95 
35 2 7
103 100 99 97 97 
36 1 8
102 96 99 102 103 
37 1 2
96 96 103 103 103 
38 9 8
103 99 103 103 97 
39 8 7
99 103 98 99 100 
40 10 7
103 95 101 100 96 
41 1 5
96 98 100 100 99 
42 4 4
97 99 96 97 103 
43 10 3
98 101 104 102 102 
44 5 3
97 98 103 97 98 
45 7 10
101 102 98 95 95 
46 9 6
101 99 103 95 103 
47 10 5
103 96 101 96 104 
48 6 10
101 96 98 96 100 
49 4 6
95 95 100 104 104 
50 9 10
96 104 99 102 100 
51 5 10
98 101 98 98 102 
52 10 6
103 102 101 100 103 
53 2 9
100 99 98 101 101 
54 9 6
100 104 101 101 95 
55 1 4
100 99 97 95 97 
56 8 4
104 102 95 103 101 
57 9 6
99 104 100 97 99 
58 9 9
95 104 100 101 95 
59 2 5
97 98 95 104 104 
60 3 2
97 97 99 98 96 
61 8 2
102 100 103 98 100 
62 6 6
96 101 98 96 102 
63 1 10
102 96 99 96 99 
64 5 1
99 103 96 103 95 
65 8 2
98 99 98 95 97 
66 4 5
104 104 96 95 102 
67 8 4
99 102 98 96 96 
68 10 5
100 100 99 96 98 
69 6 10
101 99 96 96 96 
70 7 3
98 96 103 97 97 
71 10 5
104 101 102 98 101 
72 1 7
102 96 95 99 101 
73 5 7
97 96 102 95 103 
74 1 2
104 101 100 99 95 
75 4 9
97 100 97 97 96 
76 10 8
104 97 99 101 98 
77 5 2
97 96 104 101 99 
78 9 7
97 104 104 98 102 
79 6 8
102 103 100 95 100 
80 10 5
102 104 98 103 98 
81 8 6
103 99 103 95 102 
82 10 7
96 102 99 101 103 
83 5 10
101 96 102 98 96 
84 5 6
102 99 96 101 100 
85 6 5
103 97 96 103 103 
86 2 10
100 95 102 104 95 
87 5 6
103 95 99 101 96 
88 4 3
99 95 102 96 99 
89 2 8
96 101 99 96 95 
90 6 10
104 102 95 101 104 
91 1 6
96 99 95 97 101 
92 8 9
104 95 95 98 95 
93 1 6
101 96 99 102 102 
94 9 1
104 101 95 103 100 
95 3 8
99 97 97 103 103 
96 6 1
101 97 103 100 97 
97 10 10
100 104 101 96 95 
98 1 2
104 104 96 103 100 
99 4 10
95 101 101 101 95 
100 1 5
104 100 99 100 102 
101 6 4
97 101 97 102 100 
102 9 1
102 95 98 103 104 
103 8 9
101 95 102 103 103 
104 6 8
104 103 98 95 98 
105 9 8
98 100 95 100 96 
106 5 5
103 99 101 102 100 
107 1 6
101 102 98 98 104 
108 4 4
103 95 97 104 103 
109 7 10
99 101 103 104 96 
110 2 5
97 102 95 97 97 
111 7 10
102 101 99 98 100 
112 10 9
100 99 99 98 102 
113 7 5
102 97 100 96 95 
114 4 3
96 101 101 100 99 
115 9 8
103 100 101 100 98 
116 3 1
104 99 96 101 95 
117 8 2
102 98 100 100 103 
118 1 9
103 100 96 97 99 
119 10 8
103 95 102 101 100 
120 4 4
95 103 100 96 97 
121 9 8
99 100 103 97 96 
122 6 10
104 100 104 104 98 
123 3 4
102 99 96 102 99 
124 9 6
104 98 95 96 96 
125 6 4
100 101 95 95 96 
126 2 5
97 101 100 98 99 
127 5 6
104 102 103 101 98 
128 2 6
102 96 97 103 102 
129 3 10
95 104 97 101 100 
130 6 9
102 101 97 96 99 
131 8 6
103 98 97 102 97 
132 1 6
100 99 97 97 100 
133 5 3
97 101 97 98 103 
134 5 2
98 96 96 97 102 
135 6 7
97 99 98 97 102 
136 6 1
95 102 102 102 96 
137 1 3
102 99 99 96 98 
138 7 7
96 98 102 101 99 
139 9 2
99 98 102 103 104 
140 1 1
102 100 97 104 97 
141 1 9
101 95 95 98 99 
142 6 7
102 98 98 103 103 
143 3 8
100 98 103 96 103 
144 6 10
103 102 104 100 99 
145 3 7
103 99 99 99 99 
146 8 10
103 99 101 101 102 
147 10 7
103 98 100 98 101 
148 4 5
102 95 100 100 104 
149 7 3
98 95 103 97 99 
150 5 9
103 96 103 102 100 
151 5 6
100 100 98 98 95 
152 10 9
102 99 99 99 102 
153 10 2
103 102 98 97 103 
154 4 7
97 102 101 96 96 
155 5 1
103 95 100 98 100 
156 1 9
101 96 103 100 103 
157 5 2
102 100 97 100 98 
158 8 8
96 95 100 98 104 
159 3 5
97 103 99 96 104 
160 2 7
99 99 100 97 100 
161 6 10
98 95 95 95 100 
162 3 7
103 96 100 96 96 
163 4 6
98 102 96 100 100 
164 9 7
99 104 98 96 98 
165 1 4
96 102 98 101 102 
166 6 10
100 95 102 100 96 
167 5 8
98 102 99 103 99 
168 6 4
97 98 97 101 100 
169 8 8
95 102 98 96 101 
170 9 9
99 98 104 96 98 
171 7 9
102 95 100 97 95 
172 10 1
101 100 98 103 95 
173 8 6
100 99 99 101 98 
174 10 10
95 102 104 101 98 
175 9 8
103 99 100 100 102 
176 4 8
102 97 104 98 104 
177 4 3
97 97 104 102 102 
178 6 6
95 100 102 95 99 
179 7 7
104 102 98 95 98 
180 2 6
95 99 100 104 103 
181 5 4
103 104 102 97 97 
182 9 10
104 98 102 96 95 
183 7 3
102 97 103 101 96 
184 5 7
100 102 99 102 96 
185 10 8
104 100 97 104 100 
186 10 2
104 102 98 95 97 
187 3 2
98 103 100 95 97 
188 5 7
99 95 100 96 102 
189 10 9
95 95 102 96 100 
190 10 4
97 95 101 96 104 
191 2 4
97 98 100 100 98 
192 3 6
101 103 98 97 103 
193 9 6
102 104 100 102 104 
194 4 2
100 99 99 102 100 
195 1 2
99 97 99 101 102 
196 2 4
96 99 103 104 97 
197 5 4
98 97 103 95 99 
198 4 1
98 103 98 103 98 
199 8 9
95 104 104 101 98 
200 6 6
96 102 103 99 98 
201 10 4
102 98 101 95 102 
202 7 4
98 104 100 102 103 
203 9 6
98 102 98 100 101 
204 5 2
97 95 103 98 104 
205 8 10
99 103 97 96 98 
206 1 5
97 101 102 101 102 
207 5 4
102 97 95 95 104 
208 5 6
102 95 104 104 97 
209 8 5
98 101 98 102 99 
210 8 2
104 104 100 97 102 
211 5 1
100 103 98 97 97 
212 4 6
96 104 97 95 97 
213 4 1
99 96 101 103 104 
214 1 8
101 104 103 100 104 
215 4 10
101 104 104 96 102 
216 3 7
104 103 98 97 104 
217 8 4
96 96 100 103 99 
218 2 7
98 98 98 104 98 
219 3 8
97 102 101 103 102 
220 7 3
101 95 95 101 95 
221 6 1
95 97 98 98 98 
222 1 2
104 97 102 100 100 
223 4 7
103 102 98 97 99 
224 3 4
98 95 100 95 95 
225 8 9
96 97 103 98 101 
226 3 7
97 99 103 96 101 
227 8 7
99 95 98 99 102 
228 9 8
99 95 95 102 95 
229 8 8
98 101 100 101 103 
230 7 10
99 95 102 103 99 
231 6 1
96 100 103 100 100 
232 2 10
100 97 103 104 97 
233 9 7
100 102 101 103 98 
234 2 7
96 104 100 103 104 
235 5 7
99 95 103 100 102 
236 8 3
97 95 98 104 97 
237 3 9
102 95 102 99 95 
238 4 5
98 101 95 102 101 
239 6 6
100 104 98 104 96 
240 5 7
95 96 103 100 96 
241 3 5
101 101 98 100 103 
242 3 10
103 100 100 97 96 
243 6 10
104 97 101 100 98 
244 2 7
102 100 98 102 101 
245 4 3
95 102 102 103 98 
246 3 6
97 99 101 95 96 
247 2 3
99 101 98 99 103 
248 2 2
96 98 104 103 103 
249 3 7
102 103 95 104 100 
250 8 10
104 96 99 96 102 
251 1 2
95 96 101 100 104 
252 2 2
102 98 99 95 101 
253 4 10
101 101 102 100 101 
254 8 7
96 102 100 95 95 
255 2 2
103 96 100 103 99 
256 2 6
100 99 101 97 102 
257 1 6
100 99 101 99 97 
258 4 10
103 97 101 104 96 
259 4 3
97 100 98 97 103 
260 9 3
100 96 103 95 103 
261 7 6
100 104 95 96 98 
262 7 6
102 96 101 102 100 
263 5 9
102 103 95 104 100 
264 7 4
98 101 100 95 95 
265 4 2
103 97 103 98 96 
266 9 7
101 101 98 98 104 
267 3 3
99 101 97 96 101 
268 6 3
96 96 100 102 104 
269 2 8
104 101 103 102 103 
270 7 4
96 101 96 102 99 
271 8 3
98 104 99 103 102 
272 10 2
101 99 99 102 100 
273 10 5
99 97 99 101 96 
274 3 6
104 96 103 96 104 
275 3 1
99 96 98 104 97 
276 8 10
104 101 96 100 95 
277 6 6
102 101 96 99 104 
278 6 1
95 95 100 96 96 
279 7 5
97 103 100 103 104 
280 9 9
96 102 102 97 101 
281 9 1
103 100 100 103 97 
282 9 3
98 99 99 98 99 
283 10 7
102 102 98 96 102 
284 9 1
103 103 95 96 102 
285 8 5
98 103 101 99 98 
286 4 3
102 96 99 95 100 
287 9 6
96 104 97 95 102 
288 8 3
101 100 97 100 100 
289 3 7
97 96 97 103 104 
290 9 3
100 96 99 97 100 
291 1 6
95 95 95 99 96 
292 5 5
95 96 101 102 103 
293 1 3
98 97 103 103 101 
294 2 9
100 96 95 97 98 
295 7 8
103 103 97 95 95 
296 5 7
96 104 98 99 95 
297 10 2
96 97 100 99 101 
298 4 5
97 101 97 95 95 
299 5 3
98 97 104 98 97 
300 4 6
97 103 99 101 102 
301 8 1
104 103 96 95 95 
302 7 8
102 96 96 96 95 
303 7 2
95 97 99 100 100 
304 6 1
104 104 102 97 102 
305 2 9
101 95 103 100 104 
306 2 7
96 104 100 95 97 
307 7 3
97 99 98 99 102 
308 8 10
99 100 96 98 99 
309 10 8
98 97 100 104 100 
310 6 7
99 103 99 102 102 
311 10 9
97 103 97 99 97 
312 6 10
96 100 95 102 95 
313 5 4
101 100 95 104 102 
314 9 1
97 100 101 103 99 
315 2 9
98 95 101 100 95 
316 1 3
98 102 98 101 97 
317 6 5
99 104 102 97 99 
318 10 2
99 102 98 103 98 
319 1 8
104 96 100 99 98 
320 4 3
99 100 99 104 97 
321 10 8
102 99 98 96 99 
322 3 7
95 97 104 99 96 
323 4 4
101 98 97 100 101 
324 8 3
96 97 99 102 102 
325 1 9
96 104 101 103 98 
326 2 1
104 99 103 95 103 
327 8 5
104 95 102 101 100 
328 2 4
96 95 100 100 97 
329 2 5
96 96 98 98 95 
330 2 4
99 97 100 98 103 
331 4 4
101 96 95 103 96 
332 10 7
102 96 96 95 96 
333 10 8
101 95 97 104 97 
334 6 5
99 103 103 103 95 
335 4 5
104 102 104 102 103 
336 2 8
96 96 100 95 97 
337 8 2
100 101 95 98 103 
338 3 4
95 104 102 100 102 
339 8 6
95 96 96 104 103 
340 2 9
103 97 103 104 100 
341 4 1
104 95 98 100 103 
342 6 1
102 103 98 104 104 
343 4 7
102 95 97 102 98 
344 4 9
98 101 103 96 96 
345 7 4
101 95 100 101 97 
346 1 4
96 100 98 103 100 
347 10 10
100 97 101 99 99 
348 9 2
95 98 96 98 97 
349 2 8
98 103 95 96 103 
350 8 8
95 102 97 98 97 
351 7 4
95 102 98 100 96 
352 10 10
100 104 97 102 99 
353 6 2
101 101 103 96 99 
354 1 4
99 104 97 102 101 
355 6 1
95 98 99 95 95 
356 8 6
96 103 101 103 102 
357 1 7
98 100 104 95 97 
358 10 4
103 96 101 98 95 
359 2 1
101 103 97 103 96 
360 7 2
98 100 103 101 98 
361 6 7
97 100 99 101 98 
362 4 9
100 97 98 98 100 
363 1 9
100 98 95 98 96 
364 4 3
97 96 98 102 102 
365 2 4
97 103 104 102 101 
366 5 6
104 104 100 99 99 
367 9 10
104 95 95 100 98 
368 1 1
99 100 97 103 102 
369 8 6
101 96 95 95 104 
370 3 10
102 103 99 101 102 
371 2 1
98 95 97 98 97 
372 3 1
101 99 95 97 95 
373 6 2
104 99 103 102 100 
374 2 8
102 98 102 99 98 
375 4 2
95 100 98 99 102 
376 8 10
104 96 104 100 101 
377 2 1
103 101 98 104 96 
378 2 7
103 99 98 100 104 
379 3 3
97 103 100 98 98 
380 1 10
95 103 95 96 104 
381 2 10
102 97 104 102 104 
382 3 7
97 100 97 95 95 
383 9 9
104 97 95 97 95 
384 8 8
98 102 103 100 100 
385 9 10
102 104 103 99 98 
386 8 3
97 104 95 99 101 
387 4 8
101 98 100 103 100 
388 8 1
101 99 104 96 96 
389 8 10
104 102 103 101 103 
390 7 3
96 100 101 101 101 
391 8 3
97 95 104 104 98 
392 7 10
95 98 104 103 104 
393 1 1
98 104 96 97 101 
394 10 1
101 102 97 104 97 
395 10 6
103 103 95 95 103 
396 2 2
98 103 95 100 98 
397 2 5
98 96 101 103 95 
398 8 1
103 101 95 101 98 
399 5 7
100 100 98 100 98 
400 4 6
98 102 104 103 100 
401 10 5
95 96 95 100 99 
402 7 4
100 98 98 100 96 
403 6 3
99 97 95 96 104 
404 4 7
98 104 98 103 101 
405 3 10
98 97 100 98 100 
406 6 10
104 96 97 101 101 
407 9 3
102 100 101 98 104 
408 7 5
104 96 97 97 95 
409 8 3
101 95 96 96 99 
410 7 6
96 96 101 95 99 
411 1 10
97 103 96 104 101 
412 10 5
100 100 95 99 101 
413 3 9
104 97 96 102 97 
414 3 10
103 96 99 104 99 
415 3 2
104 97 95 98 98 
416 4 4
104 99 102 101 104 
417 1 4
103 97 96 102 101 
418 5 5
103 104 98 103 95 
419 10 10
99 96 96 100 101 
420 4 10
104 104 99 95 98 
421 4 7
100 98 104 100 103 
422 4 3
99 102 103 100 101 
423 5 4
101 100 98 98 104 
424 7 9
100 96 104 101 97 
425 4 7
103 104 99 98 97 
426 5 1
95 104 97 102 101 
427 3 3
100 101 102 96 97 
428 3 7
98 103 100 103 97 
429 7 5
99 95 95 97 104 
430 7 8
98 97 102 101 96 
431 2 4
103 99 102 98 97 
432 7 7
99 104 98 104 104 
433 1 8
96 103 98 103 103 
434 6 1
104 97 103 100 99 
435 8 2
101 104 101 101 98 
436 6 2
100 96 104 97 95 
437 5 2
97 101 96 100 100 
438 5 4
100 95 101 100 97 
439 7 3
103 98 98 99 97 
440 2 3
102 101 100 100 104 
441 6 10
95 96 97 99 103 
442 4 10
98 95 98 103 95 
443 10 6
99 100 102 99 95 
444 3 2
98 100 98 97 98 
445 10 8
98 101 101 98 102 
446 10 10
100 99 103 95 99 
447 4 10
101 99 101 95 96 
448 7 8
97 95 103 102 101 
449 2 10
104 97 102 97 95 
450 6 8
103 101 103 100 96 
451 8 7
100 97 102 97 102 
452 6 5
103 96 96 97 99 
453 2 10
95 98 104 96 102 
454 9 7
103 98 100 101 97 
455 5 4
98 98 96 95 100 
456 1 5
97 101 104 98 104 
457 3 6
98 99 102 100 104 
458 7 10
101 101 100 99 104 
459 3 3
98 101 103 101 104 
460 10 8
100 95 96 104 103 
461 3 5
104 102 97 100 98 
462 10 1
97 102 96 95 98 
463 7 8
99 96 96 103 102 
464 10 5
104 96 98 101 98 
465 8 8
98 104 97 97 103 
466 7 8
96 100 95 100 97 
467 2 9
100 95 100 104 96 
468 9 10
95 103 101 104 96 
469 10 6
99 101 98 102 103 
470 8 2
103 98 104 97 95 
471 2 8
97 97 100 104 99 
472 3 1
102 96 95 103 96 
473 7 8
97 102 100 103 101 
474 1 8
101 102 103 99 95 
475 10 7
95 95 99 99 100 
476 2 6
96 99 100 104 100 
477 8 8
101 100 101 95 98 
478 2 9
104 96 100 100 95 
479 6 2
97 100 103 99 102 
480 5 1
99 102 100 101 96 
481 2 6
103 95 99 101 101 
482 3 7
104 99 101 95 102 
483 4 6
95 104 101 97 101 
484 7 8
98 95 102 103 103 
485 6 7
96 103 98 97 103 
486 8 1
99 104 104 100 100 
487 6 6
100 104 97 100 103 
488 2 10
101 102 103 104 95 
489 9 10
103 98 102 96 96 
490 1 4
96 104 101 101 104 
491 6 4
101 95 104 98 96 
492 4 1
96 99 95 102 97 
493 9 8
97 103 103 97 96 
494 7 6
99 101 96 101 101 
495 8 5
102 97 102 100 97 
496 9 10
99 97 96 102 101 
497 2 6
95 97 99 99 95 
498 3 7
99 103 97 103 102 
499 6 7
100 97 95 99 99 

