50 5 3556
0 7 6
93 115 100 115 97 
1 7 2
89 83 99 118 114 
2 3 2
89 100 76 120 90 
3 3 9
83 98 122 110 112 
4 9 9
79 89 111 99 81 
5 2 6
103 115 93 119 123 
6 3 8
113 122 106 77 97 
7 3 10
114 99 112 123 122 
8 7 6
111 79 110 116 96 
9 2 8
102 108 107 83 98 
10 1 3
98 120 115 86 117 
11 2 6
91 78 91 81 102 
12 5 7
101 115 116 88 122 
13 7 7
93 123 98 120 108 
14 7 6
81 83 83 104 78 
15 9 4
122 96 85 91 99 
16 8 3
78 108 105 106 98 
17 2 5
97 124 77 115 122 
18 7 9
105 109 118 113 119 
19 2 1
123 76 90 120 97 
20 8 4
123 79 110 78 114 
21 6 6
88 113 106 112 113 
22 5 9
112 87 93 95 123 
23 2 1
117 90 107 115 93 
24 8 9
118 102 76 118 108 
25 10 8
98 81 109 113 122 
26 6 6
110 76 78 99 88 
27 2 5
88 110 82 81 75 
28 10 9
95 114 113 88 91 
29 3 8
124 106 81 97 114 
30 1 1
111 80 111 98 84 
31 2 1
99 88 119 113 75 
32 2 5
77 118 119 97 107 
33 4 9
123 100 120 122 83 
34 2 3
124 116 107 113 123 
35 1 2
82 87 86 107 102 
36 9 1
102 86 91 104 79 
37 1 4
113 120 116 111 97 
38 9 7
105 114 83 107 107 
39 3 1
106 88 108 115 102 
40 8 5
79 82 119 108 93 
41 3 5
100 100 92 88 95 
42 2 3
118 124 115 100 116 
43 1 8
98 117 104 81 82 
44 4 10
109 87 98 115 94 
45 1 6
114 107 114 89 82 
46 10 1
105 95 109 100 96 
47 5 3
87 99 87 113 93 
48 2 5
101 81 120 87 93 
49 10 6
112 114 105 104 96 

