500 5 34853
0 84 87
102 100 98 100 101 
1 93 50
96 97 102 95 104 
2 64 27
95 101 97 101 96 
3 69 68
104 97 95 97 98 
4 68 36
104 97 97 103 104 
5 68 94
101 96 97 104 98 
6 22 20
99 102 103 99 100 
7 71 14
101 96 95 101 98 
8 63 71
101 96 100 100 99 
9 28 37
100 101 104 98 102 
10 25 96
97 100 99 102 99 
11 65 44
95 102 103 101 103 
12 89 85
98 96 99 104 97 
13 61 77
103 104 97 101 101 
14 95 40
100 95 99 103 102 
15 2 98
97 102 97 97 101 
16 2 81
101 96 100 104 99 
17 20 41
104 96 102 102 96 
18 82 76
104 102 102 101 102 
19 54 87
100 101 98 104 99 
20 29 72
97 104 98 104 95 
21 69 9
100 95 104 101 98 
22 19 46
101 96 96 100 104 
23 89 65
103 96 95 98 95 
24 35 65
99 99 102 101 98 
25 92 28
100 104 101 97 96 
26 38 29
100 102 99 96 103 
27 96 30
102 100 98 103 103 
28 44 12
103 104 101 99 98 
29 64 14
103 101 95 99 103 
30 29 89
104 102 102 101 99 
31 44 71
98 95 104 97 100 
32 45 91
100 104 99 101 104 
33 83 43
99 102 102 100 99 
34 49 12
97 103 104 98 101 
35 69 41
97 96 95 100 96 
36 62 31
103 100 95 101 99 
37 27 23
100 103 101 97 103 
38 25 38
97 99 95 101 97 
39 100 80
95 103 96 98 96 
40 82 31
98 99 95 98 104 
41 82 100
101 104 98 98 103 
42 91 96
101 101 99 95 95 
43 85 77
97 101 102 100 101 
44 80 19
102 97 103 97 104 
45 10 37
95 97 102 101 96 
46 14 73
96 100 104 104 96 
47 5 40
96 95 102 100 103 
48 28 51
99 103 95 99 97 
49 70 97
96 95 99 97 97 
50 73 51
100 100 97 104 95 
51 43 99
98 103 95 99 95 
52 10 82
104 101 97 100 99 
53 5 80
104 98 101 95 100 
54 61 43
104 99 98 100 96 
55 68 5
98 96 99 101 104 
56 45 3
97 101 99 96 97 
57 69 29
104 97 103 103 103 
58 37 9
98 103 98 98 98 
59 49 91
99 102 101 103 104 
60 1 47
103 102 104 95 98 
61 34 64
102 98 97 101 100 
62 53 97
100 103 102 104 101 
63 61 15
96 95 99 103 102 
64 51 49
101 97 99 102 104 
65 44 40
97 103 98 95 96 
66 48 39
104 96 100 99 104 
67 93 16
102 99 104 104 99 
68 86 30
98 100 102 95 103 
69 72 50
104 102 103 97 100 
70 44 45
104 95 97 95 96 
71 70 27
97 96 97 95 102 
72 24 62
96 104 95 100 101 
73 68 78
99 95 101 99 102 
74 15 69
100 103 97 101 95 
75 47 27
99 101 97 103 104 
76 47 91
102 95 96 95 96 
77 94 58
102 97 101 99 100 
78 13 91
97 104 95 104 104 
79 75 56
96 95 98 102 103 
80 39 67
95 99 101 102 101 
81 61 50
102 100 104 102 103 
82 46 84
98 103 98 102 104 
83 84 8
103 102 99 96 104 
84 1 60
103 103 100 103 99 
85 34 58
96 98 103 95 104 
86 18 40
104 98 97 99 98 
87 48 32
97 97 95 97 96 
88 58 16
96 102 99 96 102 
89 52 32
96 102 95 99 95 
90 99 26
96 101 101 97 96 
91 40 97
99 103 95 103 96 
92 71 63
97 104 102 100 101 
93 5 77
98 102 104 102 99 
94 100 12
102 95 101 95 103 
95 6 64
104 99 96 100 99 
96 92 76
100 99 104 103 98 
97 19 6
97 97 97 102 95 
98 94 75
101 98 101 98 98 
99 75 15
98 104 102 97 100 
100 89 20
95 97 99 102 101 
101 36 38
96 98 98 98 103 
102 26 92
95 103 102 101 98 
103 56 91
103 95 99 96 96 
104 34 86
104 98 99 96 100 
105 51 69
98 100 101 100 104 
106 50 21
102 101 98 102 101 
107 82 66
95 101 100 95 103 
108 12 43
97 101 104 96 95 
109 85 73
102 99 95 98 97 
110 99 31
98 102 95 95 98 
111 15 60
97 102 99 97 100 
112 33 5
99 98 103 101 95 
113 79 60
97 97 98 96 103 
114 24 25
97 97 99 100 96 
115 58 66
102 96 101 104 103 
116 2 4
98 98 102 104 103 
117 7 98
95 99 103 99 103 
118 92 77
103 100 97 96 104 
119 60 7
95 101 99 104 104 
120 1 79
104 98 96 99 103 
121 90 27
102 102 98 102 96 
122 33 23
96 100 95 104 95 
123 55 51
96 98 102 99 96 
124 82 4
95 98 97 96 102 
125 16 97
100 99 97 97 96 
126 98 33
99 96 101 100 102 
127 9 96
104 97 102 98 101 
128 55 78
104 102 97 97 96 
129 67 64
95 97 96 100 101 
130 86 31
95 98 99 101 101 
131 21 93
100 103 104 100 95 
132 37 61
103 98 102 103 97 
133 22 11
100 103 100 100 95 
134 38 54
103 97 98 95 102 
135 98 28
101 104 96 96 104 
136 11 29
104 103 103 95 98 
137 78 91
101 104 97 96 102 
138 78 100
102 101 97 102 96 
139 36 69
103 99 100 101 100 
140 67 29
99 103 103 98 103 
141 98 56
97 99 100 95 100 
142 98 84
97 102 97 96 98 
143 35 40
99 96 104 100 102 
144 55 62
97 97 96 101 97 
145 51 63
97 104 102 99 98 
146 16 7
96 99 95 98 96 
147 73 38
102 104 103 96 95 
148 88 57
95 96 95 97 100 
149 12 70
102 96 98 96 97 
150 1 7
103 102 99 104 97 
151 55 5
100 104 96 97 103 
152 70 37
95 101 99 95 104 
153 15 66
99 101 101 98 104 
154 70 36
97 96 98 95 104 
155 10 32
98 99 100 103 100 
156 78 14
98 103 104 100 100 
157 94 69
101 95 98 98 101 
158 72 59
102 95 100 96 96 
159 91 24
95 95 99 100 99 
160 43 25
104 104 104 99 104 
161 39 52
101 98 104 98 98 
162 5 57
96 100 101 96 102 
163 13 93
104 97 103 96 97 
164 75 8
103 101 98 102 102 
165 73 74
102 97 100 98 102 
166 97 19
96 98 101 99 95 
167 94 86
103 100 95 104 104 
168 99 61
97 99 104 95 96 
169 3 11
95 101 98 104 95 
170 9 24
103 102 98 96 95 
171 21 6
95 98 96 103 95 
172 22 68
104 96 95 98 100 
173 100 25
103 99 101 104 97 
174 70 11
98 95 98 98 102 
175 80 95
104 104 96 104 99 
176 43 31
101 100 104 100 101 
177 82 12
99 98 102 97 102 
178 74 44
104 97 99 99 99 
179 40 60
98 103 98 97 104 
180 6 5
98 104 99 104 100 
181 36 88
98 104 95 102 97 
182 38 63
104 95 100 95 99 
183 12 58
104 98 101 97 96 
184 23 6
98 104 96 103 103 
185 48 1
100 97 102 104 96 
186 90 87
98 101 103 99 101 
187 7 8
97 102 99 96 95 
188 81 67
99 99 98 102 98 
189 85 18
97 96 102 104 100 
190 57 9
104 100 100 97 96 
191 96 70
104 96 101 97 96 
192 41 26
98 97 96 104 102 
193 67 79
97 95 101 99 98 
194 14 87
104 95 99 103 100 
195 42 43
104 102 98 103 95 
196 40 3
98 96 103 102 99 
197 72 47
98 103 100 100 95 
198 22 73
101 99 103 100 101 
199 53 46
97 101 104 96 98 
200 4 62
100 97 101 104 99 
201 45 97
95 102 99 98 102 
202 20 61
95 97 97 101 104 
203 91 54
100 100 103 102 96 
204 38 71
101 95 99 96 98 
205 1 93
104 101 95 104 98 
206 36 5
98 101 99 98 96 
207 50 52
95 104 99 100 101 
208 3 26
104 96 102 102 99 
209 32 62
104 96 98 103 102 
210 95 20
98 96 98 103 102 
211 40 44
103 103 99 95 95 
212 99 87
103 97 98 103 100 
213 11 6
104 97 101 103 100 
214 73 79
98 101 102 103 102 
215 73 17
101 97 104 102 95 
216 54 98
97 98 100 96 102 
217 99 50
99 96 101 99 98 
218 26 85
103 102 98 98 100 
219 61 82
99 100 102 95 102 
220 9 30
104 98 104 99 101 
221 15 86
100 100 101 95 101 
222 93 17
104 104 97 104 101 
223 16 96
98 103 101 102 98 
224 27 1
97 101 104 98 95 
225 9 98
101 100 97 99 95 
226 21 27
103 100 99 104 99 
227 47 9
98 97 98 101 97 
228 33 35
102 95 99 104 101 
229 16 85
101 99 97 100 96 
230 17 62
98 102 102 96 97 
231 82 61
103 104 95 96 98 
232 25 29
100 103 97 97 95 
233 97 64
101 96 95 100 102 
234 35 33
95 95 98 98 104 
235 81 95
98 98 99 97 99 
236 76 24
103 96 96 98 96 
237 66 69
96 98 98 104 102 
238 36 15
99 104 101 102 97 
239 92 41
96 98 102 102 101 
240 94 40
96 95 99 96 96 
241 19 97
99 98 99 102 102 
242 1 68
99 100 98 95 102 
243 33 50
104 98 95 97 102 
244 30 50
100 97 95 103 98 
245 56 40
101 100 101 98 95 
246 53 21
102 99 102 98 95 
247 22 27
102 100 102 103 103 
248 70 71
102 103 95 98 96 
249 61 84
101 102 98 97 97 
250 12 36
98 98 103 97 103 
251 96 99
95 103 101 104 98 
252 4 88
99 98 102 96 98 
253 30 97
99 97 95 97 104 
254 56 48
99 101 99 104 96 
255 43 74
96 103 96 98 103 
256 100 23
99 100 96 95 95 
257 72 24
98 95 95 95 97 
258 53 13
99 102 104 103 100 
259 95 18
103 101 95 95 101 
260 15 74
102 100 103 96 95 
261 10 64
95 97 101 99 98 
262 59 57
102 95 103 96 104 
263 29 42
101 99 103 100 95 
264 2 66
104 102 95 101 97 
265 39 100
100 95 97 102 97 
266 49 62
102 102 104 102 104 
267 39 29
104 103 95 100 97 
268 81 43
99 98 102 98 95 
269 51 22
100 103 95 95 95 
270 35 48
100 98 96 99 97 
271 31 92
98 95 95 99 103 
272 43 93
95 97 99 100 103 
273 95 81
103 99 97 100 99 
274 23 88
100 102 100 97 97 
275 49 97
101 95 95 104 96 
276 13 57
104 99 103 97 103 
277 83 58
103 101 102 102 95 
278 40 95
100 99 97 97 98 
279 70 37
100 102 99 98 104 
280 25 55
95 101 95 97 97 
281 59 65
98 96 96 96 104 
282 11 61
95 97 100 102 101 
283 90 82
104 103 102 101 100 
284 2 12
99 103 100 102 101 
285 77 70
96 99 98 101 102 
286 7 100
102 101 95 104 95 
287 68 87
101 103 102 102 101 
288 37 36
98 102 101 104 102 
289 13 97
99 95 102 100 99 
290 51 32
97 103 95 96 100 
291 43 91
102 96 101 99 104 
292 96 64
100 96 96 95 95 
293 98 1
103 96 101 99 96 
294 15 70
103 101 97 97 100 
295 83 34
97 102 98 104 95 
296 52 36
95 101 104 102 104 
297 3 29
104 104 103 104 98 
298 77 64
101 95 99 99 104 
299 37 77
99 96 104 103 95 
300 85 40
95 100 100 95 96 
301 27 51
97 103 103 99 104 
302 59 54
99 99 104 96 102 
303 6 58
101 97 99 97 100 
304 96 11
100 97 104 102 102 
305 77 59
96 97 95 98 97 
306 39 28
99 101 98 103 95 
307 55 70
102 104 102 100 96 
308 14 68
103 95 104 100 97 
309 32 44
97 102 98 98 97 
310 14 29
101 96 101 95 104 
311 42 70
96 100 95 104 99 
312 70 37
103 97 99 101 100 
313 34 15
102 99 102 96 99 
314 11 65
103 98 98 99 101 
315 2 46
100 99 101 101 104 
316 57 48
100 101 99 98 95 
317 41 83
100 98 103 100 95 
318 6 47
101 102 98 99 95 
319 9 91
103 96 100 98 100 
320 2 52
99 95 96 96 103 
321 36 48
103 100 96 101 95 
322 30 52
97 99 104 95 96 
323 65 65
98 97 100 96 98 
324 43 57
95 101 104 101 103 
325 11 29
101 102 100 99 99 
326 57 51
100 100 98 104 96 
327 56 81
99 104 101 102 99 
328 4 31
104 101 101 95 99 
329 46 59
97 103 101 103 100 
330 14 45
95 96 102 102 103 
331 1 79
104 102 103 98 104 
332 8 73
100 95 97 99 103 
333 41 27
97 101 100 101 101 
334 24 5
96 102 96 98 95 
335 49 93
104 95 96 95 103 
336 82 57
102 103 103 97 96 
337 84 19
104 98 100 99 96 
338 83 73
102 102 104 96 99 
339 31 45
102 103 102 101 103 
340 61 29
101 96 99 100 97 
341 66 40
98 103 103 99 98 
342 56 11
100 104 98 99 101 
343 13 56
98 97 95 95 95 
344 90 29
95 104 101 102 97 
345 42 15
99 103 99 104 103 
346 65 55
96 104 101 103 95 
347 100 64
101 98 103 104 100 
348 71 2
102 96 104 103 97 
349 87 18
100 104 98 104 104 
350 38 90
102 98 100 95 99 
351 12 100
99 96 99 98 101 
352 85 43
97 102 101 96 103 
353 26 42
96 98 95 101 99 
354 95 18
100 98 103 97 102 
355 54 16
98 102 99 103 95 
356 81 42
101 99 100 103 98 
357 32 53
97 104 100 100 99 
358 57 64
96 97 95 101 100 
359 92 90
99 99 101 103 96 
360 71 39
96 97 104 103 103 
361 67 39
97 95 97 99 104 
362 89 62
100 101 99 101 103 
363 57 14
100 102 99 97 99 
364 11 3
102 97 95 96 101 
365 72 100
99 104 104 101 104 
366 85 83
95 97 98 101 103 
367 20 93
103 101 102 98 100 
368 64 16
104 100 104 102 104 
369 10 81
100 97 96 95 97 
370 21 47
98 101 104 99 103 
371 25 51
103 99 99 103 97 
372 5 73
102 102 104 104 98 
373 10 49
99 95 103 95 100 
374 60 51
104 96 103 97 103 
375 78 7
103 99 103 104 103 
376 4 88
95 102 96 104 101 
377 4 41
96 99 103 101 101 
378 17 77
96 102 103 97 104 
379 27 66
104 99 98 102 103 
380 33 89
103 102 101 95 99 
381 40 52
97 97 97 99 101 
382 81 23
98 104 103 101 103 
383 77 10
102 97 101 103 103 
384 50 59
103 96 101 103 95 
385 75 59
99 99 97 104 101 
386 55 36
100 99 102 95 100 
387 8 47
99 98 100 98 102 
388 34 43
103 98 95 103 101 
389 47 50
102 96 104 98 102 
390 22 43
98 100 102 95 97 
391 87 71
102 98 102 96 103 
392 25 18
101 103 104 101 98 
393 60 87
104 102 100 101 95 
394 96 3
102 101 101 98 97 
395 75 24
101 95 99 98 101 
396 64 18
99 104 99 97 104 
397 94 19
97 99 100 99 98 
398 93 3
99 102 99 96 101 
399 2 27
103 102 95 99 104 
400 97 10
100 96 101 95 97 
401 13 33
97 102 98 101 96 
402 61 51
102 97 98 96 95 
403 58 85
103 95 96 103 102 
404 14 55
102 96 98 99 99 
405 43 55
101 99 104 103 99 
406 43 26
102 97 102 99 99 
407 81 76
101 95 95 99 95 
408 24 43
95 103 101 104 104 
409 13 94
100 99 103 96 95 
410 88 83
99 104 104 97 98 
411 87 7
102 102 99 101 104 
412 47 31
104 104 100 96 102 
413 74 71
103 100 99 98 104 
414 65 87
97 98 103 101 97 
415 28 31
102 101 102 99 98 
416 72 93
99 102 100 100 103 
417 1 8
102 98 102 102 104 
418 94 93
95 102 103 97 95 
419 48 32
99 101 96 96 97 
420 99 69
102 96 95 96 95 
421 88 80
95 102 101 104 98 
422 64 37
99 104 103 99 101 
423 60 30
102 103 95 96 99 
424 74 36
104 99 98 103 100 
425 16 83
103 98 96 103 97 
426 48 1
100 97 101 96 96 
427 18 59
103 101 102 102 99 
428 100 41
95 97 102 96 101 
429 83 11
99 103 97 97 98 
430 54 3
102 97 99 100 99 
431 92 87
103 95 99 103 103 
432 84 46
97 99 102 99 102 
433 66 97
100 102 101 104 102 
434 51 84
97 98 103 95 100 
435 93 6
96 100 96 96 100 
436 89 40
98 98 101 102 103 
437 27 3
100 96 95 95 95 
438 9 23
103 103 102 95 96 
439 96 41
103 95 102 96 100 
440 42 54
98 104 99 103 97 
441 34 17
95 104 95 102 95 
442 73 1
95 95 99 95 103 
443 32 72
104 104 98 104 104 
444 62 13
101 99 102 104 98 
445 63 29
102 100 101 95 99 
446 67 30
101 103 104 101 103 
447 56 30
103 102 95 102 103 
448 16 79
102 103 95 100 97 
449 9 6
102 97 100 102 104 
450 82 8
98 104 101 104 104 
451 19 28
102 98 101 100 97 
452 9 75
95 101 99 104 101 
453 47 56
104 101 97 103 103 
454 98 66
102 95 97 97 104 
455 62 4
103 96 98 102 101 
456 92 45
104 97 95 96 103 
457 27 24
99 97 95 100 104 
458 95 85
104 96 104 104 98 
459 75 82
97 100 102 97 101 
460 21 2
99 96 100 98 100 
461 68 48
98 98 97 95 102 
462 5 8
101 103 96 103 104 
463 94 18
97 102 95 101 99 
464 88 41
97 104 96 101 98 
465 39 43
103 100 104 97 95 
466 64 15
102 102 96 101 100 
467 66 25
101 103 96 95 100 
468 92 89
104 96 103 96 95 
469 70 98
98 104 96 97 101 
470 33 87
101 100 95 100 99 
471 74 2
104 103 102 102 101 
472 19 58
98 97 100 99 98 
473 26 8
100 101 100 104 100 
474 49 54
98 96 104 104 101 
475 92 78
96 99 95 97 100 
476 9 61
96 101 104 102 95 
477 16 82
98 97 104 104 104 
478 47 71
101 99 98 95 100 
479 15 62
99 100 103 100 96 
480 70 70
101 102 104 95 100 
481 100 58
101 101 103 96 103 
482 80 3
104 100 99 101 97 
483 48 17
102 96 102 96 103 
484 17 99
95 102 103 101 101 
485 50 97
96 103 100 104 101 
486 97 52
102 100 100 101 98 
487 31 73
100 104 103 97 98 
488 19 77
96 101 101 96 98 
489 95 71
104 101 103 97 101 
490 25 33
98 95 100 95 102 
491 93 19
95 97 98 100 99 
492 84 51
102 96 103 103 102 
493 5 63
97 96 97 96 102 
494 3 67
98 101 95 103 103 
495 38 51
103 104 104 103 99 
496 13 77
103 102 103 100 104 
497 9 64
101 99 102 96 100 
498 10 55
99 97 95 95 95 
499 71 69
96 102 96 104 104 

