50 5 4505
0 2 4
99 101 88 112 100 
1 4 9
110 119 79 89 89 
2 4 5
77 116 76 124 92 
3 5 9
104 98 93 97 107 
4 1 1
105 98 79 81 124 
5 10 5
99 108 97 86 104 
6 7 6
119 106 117 123 97 
7 4 8
114 122 92 96 97 
8 7 6
79 81 91 112 106 
9 3 4
106 116 114 82 101 
10 2 10
81 115 121 77 98 
11 9 1
121 108 124 112 107 
12 8 1
80 80 81 86 88 
13 5 1
119 123 121 102 114 
14 6 6
91 124 81 99 116 
15 3 7
89 118 103 87 101 
16 8 3
86 121 89 91 76 
17 1 10
89 121 105 86 119 
18 7 9
109 88 100 77 87 
19 4 7
80 113 79 95 106 
20 3 5
84 84 111 95 81 
21 2 7
84 98 93 101 95 
22 9 8
89 101 102 75 114 
23 6 5
79 113 107 84 101 
24 7 2
84 93 91 94 103 
25 3 10
111 80 103 120 104 
26 7 4
76 121 87 90 97 
27 1 9
88 122 99 94 110 
28 8 10
87 118 85 96 87 
29 9 3
117 106 109 105 113 
30 5 8
92 85 76 93 83 
31 4 7
107 80 81 120 77 
32 1 6
115 112 121 79 106 
33 9 6
120 112 95 114 95 
34 5 10
83 93 123 103 105 
35 2 7
113 90 109 97 97 
36 1 8
102 96 109 92 83 
37 1 2
116 116 123 113 103 
38 9 8
123 99 123 83 117 
39 8 7
99 123 108 89 90 
40 10 7
113 85 81 90 106 
41 1 5
116 98 80 110 89 
42 4 4
117 99 76 117 123 
43 10 3
118 121 114 92 122 
44 5 3
87 118 93 77 78 
45 7 10
111 92 78 105 115 
46 9 6
81 89 113 75 113 
47 10 5
113 116 121 106 114 
48 6 10
111 86 108 76 80 
49 4 6
85 105 100 124 124 

