500 5 9944
0 7 6
98 90 95 90 102 
1 7 2
94 108 94 103 109 
2 3 2
94 105 91 105 105 
3 3 9
108 103 97 95 107 
4 9 9
104 104 106 104 96 
5 2 6
108 100 98 104 98 
6 3 8
98 97 91 102 92 
7 3 10
99 94 107 98 107 
8 7 6
96 94 105 91 101 
9 2 8
107 103 92 98 93 
10 1 3
93 105 100 101 92 
11 2 6
106 103 96 96 107 
12 5 7
96 90 101 103 107 
13 7 7
98 108 103 95 93 
14 7 6
96 108 98 99 103 
15 9 4
97 91 90 106 104 
16 8 3
93 93 90 91 93 
17 2 5
102 99 102 90 97 
18 7 9
100 104 93 98 94 
19 2 1
108 91 105 95 92 
20 8 4
98 104 105 93 99 
21 6 6
103 108 101 107 98 
22 5 9
97 92 98 100 98 
23 2 1
102 105 102 100 98 
24 8 9
93 97 91 93 103 
25 10 8
93 106 94 98 97 
26 6 6
105 101 93 104 103 
27 2 5
103 105 97 96 100 
28 10 9
100 109 98 103 96 
29 3 8
109 101 106 92 109 
30 1 1
96 105 106 103 109 
31 2 1
94 93 94 108 100 
32 2 5
102 93 94 92 92 
33 4 9
98 105 95 97 108 
34 2 3
99 91 102 98 98 
35 1 2
97 102 91 102 97 
36 9 1
107 91 96 99 94 
37 1 4
108 105 101 96 92 
38 9 7
90 99 98 92 92 
39 3 1
101 103 93 100 107 
40 8 5
94 97 94 103 98 
41 3 5
95 95 107 93 90 
42 2 3
93 99 90 105 101 
43 1 8
103 102 109 106 107 
44 4 10
104 102 103 100 109 
45 1 6
109 102 99 94 107 
46 10 1
100 90 104 95 91 
47 5 3
102 104 92 108 108 
48 2 5
106 106 95 92 98 
49 10 6
97 99 90 109 91 
50 3 4
101 103 105 103 103 
51 10 9
96 105 100 109 99 
52 5 10
98 96 93 106 104 
53 2 9
93 90 105 92 99 
54 9 2
92 100 107 95 93 
55 3 9
98 104 98 104 99 
56 2 6
101 105 104 109 91 
57 1 6
106 101 95 101 93 
58 2 4
94 91 97 96 101 
59 5 3
96 98 92 104 104 
60 2 1
106 104 108 97 99 
61 5 9
93 104 95 101 107 
62 3 3
102 105 97 106 106 
63 7 4
97 92 97 103 93 
64 2 10
107 94 102 95 108 
65 1 3
98 104 92 101 91 
66 8 5
100 100 98 93 95 
67 6 10
92 104 104 91 106 
68 2 8
109 105 96 99 109 
69 9 5
108 98 109 96 105 
70 2 10
106 91 93 108 93 
71 2 2
90 108 103 92 102 
72 8 7
91 91 93 90 106 
73 2 2
105 90 106 95 90 
74 8 4
97 98 102 105 91 
75 8 5
94 100 97 95 91 
76 1 10
103 90 97 96 103 
77 1 10
99 94 90 106 94 
78 7 5
106 93 107 106 94 
79 1 2
95 99 107 92 90 
80 6 8
91 107 108 96 99 
81 7 4
92 98 102 101 102 
82 3 1
98 91 104 107 106 
83 2 4
102 103 106 100 93 
84 5 3
105 101 101 106 98 
85 2 5
100 97 109 102 98 
86 2 7
90 106 106 99 99 
87 3 7
107 95 101 100 101 
88 8 3
104 91 106 91 102 
89 8 10
103 90 93 93 90 
90 4 6
98 96 93 98 104 
91 10 10
93 103 105 103 109 
92 7 6
100 96 97 106 97 
93 4 10
102 92 108 107 104 
94 2 3
104 94 109 92 93 
95 4 2
107 92 102 103 98 
96 9 7
109 96 91 91 102 
97 1 8
102 105 96 94 107 
98 7 4
101 107 95 108 104 
99 5 1
107 97 93 96 92 
100 7 10
100 106 107 91 104 
101 1 3
97 92 101 101 107 
102 10 8
96 95 90 108 92 
103 6 7
98 91 98 107 99 
104 3 5
93 98 105 95 106 
105 6 7
100 97 98 99 100 
106 10 1
97 90 97 104 95 
107 8 5
109 94 102 90 108 
108 1 8
97 102 103 92 102 
109 2 8
90 96 95 101 103 
110 4 1
105 94 91 93 106 
111 1 8
91 90 91 102 106 
112 4 3
104 95 100 103 100 
113 6 6
104 106 104 105 104 
114 10 7
90 94 108 105 90 
115 10 9
106 102 97 107 102 
116 1 1
98 95 104 93 101 
117 5 7
103 102 94 97 98 
118 9 3
105 108 90 105 92 
119 10 3
93 100 103 109 92 
120 3 10
104 103 101 105 100 
121 6 1
91 92 108 104 104 
122 3 5
92 91 106 99 101 
123 8 7
103 106 109 98 96 
124 5 1
99 106 99 105 99 
125 1 3
90 107 94 103 109 
126 4 1
103 107 104 98 100 
127 1 8
91 109 104 97 105 
128 6 8
104 99 97 105 95 
129 7 3
105 98 95 97 96 
130 2 1
95 94 90 101 104 
131 7 10
94 107 106 108 106 
132 3 8
94 97 94 100 106 
133 3 6
92 98 109 99 99 
134 7 7
105 108 98 102 104 
135 2 4
98 97 92 95 106 
136 2 4
95 103 90 91 103 
137 7 2
99 98 98 93 99 
138 8 5
108 94 102 95 104 
139 2 10
98 104 103 107 103 
140 8 3
100 100 107 97 106 
141 10 9
99 95 101 100 104 
142 2 5
105 108 108 95 104 
143 2 1
98 94 101 107 108 
144 5 7
93 94 90 103 104 
145 10 3
100 108 90 101 105 
146 4 3
91 104 98 106 103 
147 9 2
109 91 93 98 107 
148 6 8
97 101 93 101 105 
149 6 5
92 94 107 94 92 
150 10 7
99 95 100 101 109 
151 9 8
94 98 91 94 100 
152 7 5
97 101 91 105 105 
153 7 7
92 101 92 94 105 
154 2 10
99 103 107 108 108 
155 8 2
99 107 99 104 95 
156 3 1
97 108 96 105 92 
157 10 3
99 105 90 101 108 
158 5 7
95 108 107 96 93 
159 7 7
91 95 108 92 92 
160 10 9
109 91 108 97 101 
161 7 5
95 105 98 104 92 
162 9 7
102 104 104 107 102 
163 4 6
105 99 102 98 104 
164 1 4
98 91 101 97 104 
165 3 5
107 108 98 93 104 
166 7 10
98 106 97 91 101 
167 4 1
105 106 96 93 107 
168 9 4
101 90 96 109 91 
169 1 10
105 102 103 102 100 
170 5 8
106 100 99 95 109 
171 7 9
92 100 98 107 108 
172 5 3
106 94 98 109 94 
173 7 2
107 106 100 94 98 
174 4 10
101 107 106 109 90 
175 8 7
109 104 104 103 106 
176 4 1
104 99 105 92 104 
177 4 3
100 91 103 98 108 
178 4 5
108 108 103 91 98 
179 3 2
98 109 107 109 103 
180 5 3
91 109 104 106 98 
181 2 1
92 106 102 103 108 
182 8 4
106 90 107 104 101 
183 2 7
109 103 99 97 94 
184 9 9
108 92 100 101 91 
185 7 10
100 108 100 94 104 
186 3 10
102 102 104 98 94 
187 3 6
105 105 93 104 90 
188 5 4
94 92 101 104 107 
189 4 7
108 100 95 90 90 
190 6 8
104 100 96 97 92 
191 4 8
96 95 104 92 102 
192 10 9
102 103 104 106 98 
193 6 4
95 101 99 93 103 
194 5 7
103 92 95 97 102 
195 4 7
104 106 96 102 91 
196 3 7
95 92 105 107 97 
197 10 7
105 96 99 90 99 
198 1 7
92 94 102 105 96 
199 8 6
100 90 91 106 99 
200 10 10
100 102 97 98 104 
201 5 6
103 105 93 99 92 
202 5 10
93 104 95 96 101 
203 10 4
99 108 98 90 101 
204 3 7
90 91 107 92 103 
205 6 1
109 109 98 103 97 
206 2 5
91 98 105 94 92 
207 2 1
103 92 94 93 103 
208 5 4
94 96 101 106 98 
209 2 9
103 96 91 95 107 
210 10 1
94 102 94 95 90 
211 2 1
105 94 102 98 97 
212 9 4
102 103 108 106 109 
213 1 5
109 101 92 95 99 
214 6 3
96 106 102 93 99 
215 9 9
91 109 100 106 94 
216 6 8
93 93 90 105 106 
217 10 4
98 91 97 97 94 
218 2 5
95 107 96 93 103 
219 1 7
104 108 97 98 100 
220 10 5
96 94 103 99 98 
221 5 7
106 95 109 94 108 
222 7 5
104 109 98 109 106 
223 8 3
92 107 91 106 98 
224 9 7
108 107 91 94 104 
225 7 6
92 90 103 108 107 
226 3 4
97 100 109 91 99 
227 10 1
108 96 105 90 94 
228 7 9
102 94 95 92 103 
229 9 9
97 94 105 91 107 
230 9 1
104 90 105 104 92 
231 5 6
101 103 98 91 102 
232 4 2
106 109 92 90 105 
233 8 5
98 107 94 98 103 
234 10 10
100 109 91 107 109 
235 7 2
103 92 108 106 98 
236 7 9
90 99 109 98 90 
237 4 1
105 90 104 106 99 
238 1 5
93 99 95 103 98 
239 8 3
109 93 103 94 108 
240 3 1
96 100 108 108 90 
241 1 7
90 93 108 98 106 
242 5 5
95 104 98 90 105 
243 4 7
105 90 98 104 106 
244 5 1
104 108 100 102 98 
245 2 1
90 101 98 103 96 
246 7 2
92 100 95 90 106 
247 6 3
101 108 108 96 101 
248 10 3
109 103 92 95 93 
249 5 8
101 95 109 102 98 
250 10 6
105 95 96 99 97 
251 4 10
105 98 104 96 108 
252 3 5
99 101 106 90 106 
253 1 6
109 96 104 93 102 
254 6 8
102 94 102 97 91 
255 1 8
90 95 108 105 103 
256 3 2
101 107 107 103 90 
257 6 6
99 105 101 98 104 
258 8 2
108 93 108 100 109 
259 3 9
91 94 97 91 99 
260 8 8
92 100 100 96 109 
261 9 2
109 103 106 90 99 
262 10 10
105 107 102 103 102 
263 4 4
101 107 103 102 92 
264 1 5
93 108 93 108 90 
265 4 5
101 91 97 92 105 
266 4 4
106 93 102 101 102 
267 7 5
94 109 97 97 99 
268 2 1
101 103 96 104 101 
269 10 5
93 104 98 104 106 
270 8 8
101 101 90 109 96 
271 5 1
100 90 96 96 102 
272 6 4
91 108 95 94 102 
273 4 1
105 94 105 109 109 
274 6 6
105 93 104 108 96 
275 5 8
102 100 109 104 93 
276 6 1
97 100 95 98 99 
277 4 5
91 96 104 98 101 
278 10 10
92 107 95 99 90 
279 10 8
96 96 106 100 98 
280 6 5
101 102 106 108 92 
281 2 9
93 106 92 106 93 
282 10 6
96 100 94 98 97 
283 2 8
97 103 106 95 101 
284 3 6
109 109 101 101 101 
285 8 2
95 91 90 91 99 
286 5 8
102 93 104 108 104 
287 2 9
91 102 97 91 107 
288 4 7
98 97 92 98 96 
289 6 2
99 95 94 97 108 
290 5 9
97 101 95 90 104 
291 3 1
90 93 91 92 97 
292 9 4
95 94 91 103 101 
293 6 4
100 91 106 101 96 
294 2 9
94 107 108 93 98 
295 7 6
105 98 108 105 101 
296 10 10
108 109 94 93 93 
297 7 10
97 91 104 107 92 
298 4 1
90 106 101 106 95 
299 10 1
96 95 97 91 103 
300 6 9
94 106 108 93 106 
301 5 9
101 90 97 108 92 
302 5 8
106 107 98 99 95 
303 10 6
100 98 107 106 96 
304 6 10
109 92 108 94 109 
305 9 10
105 92 107 108 93 
306 8 8
107 93 106 95 102 
307 5 7
107 105 102 109 106 
308 2 7
92 108 95 91 91 
309 6 8
90 93 98 97 96 
310 7 6
91 105 104 100 100 
311 2 8
92 97 104 101 93 
312 9 1
101 109 96 103 108 
313 5 7
101 109 106 93 93 
314 5 1
91 92 97 104 99 
315 3 7
109 103 93 91 90 
316 8 5
105 97 105 96 109 
317 4 2
99 107 108 90 107 
318 7 4
102 100 95 103 103 
319 3 8
104 104 105 104 109 
320 9 8
102 98 102 97 105 
321 10 5
104 102 95 93 100 
322 6 6
109 91 108 101 94 
323 6 7
107 98 105 93 104 
324 1 8
104 98 107 96 98 
325 10 4
106 90 109 100 102 
326 8 7
92 102 103 103 96 
327 5 5
100 109 90 109 109 
328 6 3
104 95 102 90 96 
329 10 7
104 100 101 100 100 
330 4 4
92 90 101 107 94 
331 5 1
100 98 105 102 90 
332 8 2
109 93 96 103 90 
333 9 4
96 109 101 103 99 
334 6 4
109 108 98 103 100 
335 10 1
104 94 103 107 94 
336 1 2
94 97 103 94 92 
337 2 10
105 99 93 103 98 
338 7 7
99 91 92 98 109 
339 1 4
99 100 94 106 96 
340 10 6
92 99 96 97 98 
341 2 4
101 92 102 96 93 
342 8 10
93 104 108 102 105 
343 1 3
97 100 96 98 102 
344 3 5
108 101 91 91 102 
345 9 1
90 109 93 101 104 
346 8 10
107 97 91 91 91 
347 10 4
98 109 108 97 99 
348 5 7
92 96 102 102 99 
349 5 6
91 92 95 91 103 
350 9 6
97 98 104 95 105 
351 6 9
98 96 93 106 95 
352 2 5
97 95 102 91 93 
353 5 4
94 108 109 95 102 
354 5 10
96 95 94 103 95 
355 1 1
90 108 98 98 94 
356 3 7
92 95 102 99 101 
357 5 1
96 91 105 101 101 
358 5 9
94 101 97 92 98 
359 4 8
103 96 100 103 94 
360 9 4
90 92 91 92 90 
361 5 2
93 100 103 99 101 
362 10 3
93 105 91 109 96 
363 1 4
96 94 90 109 100 
364 1 5
96 91 99 96 105 
365 2 2
97 95 102 100 105 
366 9 1
109 109 94 104 104 
367 6 6
103 96 108 109 92 
368 1 2
94 103 105 100 96 
369 6 9
103 98 99 91 103 
370 5 2
90 102 93 101 101 
371 9 6
107 95 92 100 93 
372 1 3
95 93 103 91 106 
373 9 2
104 95 90 97 103 
374 10 9
108 93 102 101 97 
375 6 3
100 105 90 98 91 
376 3 9
94 105 90 92 108 
377 4 4
96 104 97 90 101 
378 10 10
107 90 98 97 106 
379 3 1
93 109 95 104 105 
380 6 5
98 109 102 94 104 
381 6 7
94 100 92 100 106 
382 2 3
90 90 92 107 90 
383 3 7
106 104 97 102 103 
384 3 9
90 99 102 90 98 
385 7 6
105 91 93 109 94 
386 6 3
90 108 106 90 108 
387 9 10
101 90 96 97 96 
388 6 2
102 107 99 94 96 
389 4 6
96 100 100 91 101 
390 4 4
105 101 97 98 99 
391 4 9
90 92 100 101 104 
392 7 9
91 91 92 95 100 
393 2 10
98 107 104 104 97 
394 5 9
108 100 91 96 91 
395 1 7
92 93 96 92 107 
396 7 4
94 94 94 95 107 
397 7 1
97 99 109 105 96 
398 7 1
103 100 108 94 90 
399 2 3
103 101 90 98 96 
400 7 1
106 93 106 90 109 
401 3 6
107 108 97 94 109 
402 9 3
108 94 92 93 97 
403 3 10
109 105 103 95 108 
404 4 4
94 90 105 90 105 
405 4 1
104 105 107 101 95 
406 7 9
95 97 90 105 101 
407 5 1
100 108 100 100 103 
408 4 6
101 99 90 97 99 
409 6 1
106 101 102 92 96 
410 1 7
102 108 104 99 95 
411 7 5
99 90 104 109 100 
412 7 2
93 102 98 96 91 
413 9 6
92 106 95 108 97 
414 9 3
103 90 108 107 100 
415 3 7
106 100 92 107 100 
416 8 9
102 95 100 97 107 
417 9 4
108 109 109 102 97 
418 7 1
104 104 93 109 96 
419 2 8
107 96 105 95 106 
420 9 3
109 97 100 101 102 
421 3 10
100 101 94 90 92 
422 6 4
99 102 105 105 108 
423 1 5
107 94 93 104 92 
424 10 2
108 107 103 99 106 
425 6 4
98 98 102 100 101 
426 9 4
103 106 98 104 98 
427 4 10
108 96 105 97 92 
428 10 4
94 108 94 104 97 
429 10 5
105 95 107 93 103 
430 2 7
106 91 91 91 107 
431 10 6
107 94 106 98 100 
432 2 6
102 100 99 106 90 
433 6 4
109 105 97 104 90 
434 7 1
95 107 98 91 108 
435 10 5
98 108 99 95 92 
436 8 4
95 98 91 99 101 
437 1 9
101 105 91 93 92 
438 9 10
92 94 109 109 103 
439 8 1
93 106 104 101 104 
440 6 10
99 102 92 104 103 
441 4 4
94 95 91 97 103 
442 5 1
105 92 90 100 108 
443 2 10
101 109 100 97 97 
444 7 9
104 94 97 93 98 
445 3 10
91 95 94 95 93 
446 9 4
106 102 105 93 97 
447 8 4
95 109 93 99 100 
448 6 7
107 91 96 101 107 
449 5 7
96 98 105 97 95 
450 3 6
98 92 100 106 104 
451 6 1
103 95 103 109 94 
452 7 9
104 91 106 101 105 
453 3 6
94 106 91 100 106 
454 10 1
92 103 97 100 105 
455 8 10
91 104 109 105 109 
456 3 7
105 91 96 99 104 
457 3 4
91 94 98 96 103 
458 2 7
99 92 108 101 105 
459 6 5
92 104 103 94 91 
460 5 2
90 98 107 98 99 
461 4 10
106 107 92 107 91 
462 3 6
96 106 94 106 108 
463 3 10
104 90 95 98 104 
464 1 3
97 104 105 90 93 
465 3 9
94 97 107 90 94 
466 3 1
108 104 95 94 92 
467 10 3
91 94 94 97 94 
468 10 6
100 90 90 100 104 
469 6 1
99 90 108 104 97 
470 8 7
94 109 98 92 96 
471 7 9
98 105 101 99 101 
472 6 9
97 106 106 100 106 
473 7 1
93 101 100 102 101 
474 1 9
101 97 95 105 109 
475 6 10
95 101 109 103 109 
476 3 6
100 99 93 108 96 
477 2 1
104 97 102 107 101 
478 3 3
104 104 90 95 103 
479 8 3
102 93 103 107 104 
480 6 4
103 97 100 94 107 
481 6 5
93 107 96 107 94 
482 9 8
97 102 99 92 96 
483 2 10
101 109 94 94 104 
484 10 4
98 104 98 92 92 
485 9 9
109 94 94 104 91 
486 1 4
107 98 92 95 102 
487 4 10
108 95 108 91 106 
488 5 6
100 94 101 108 100 
489 10 3
102 100 92 93 104 
490 7 10
97 98 95 94 98 
491 8 2
90 101 90 100 98 
492 2 3
106 107 99 96 91 
493 3 7
102 94 91 106 104 
494 4 3
90 92 91 97 92 
495 9 4
101 96 95 93 99 
496 8 7
99 98 100 95 96 
497 10 2
109 94 109 93 98 
498 1 3
104 106 94 104 108 
499 8 2
90 106 106 93 104 

