500 5 44743
0 2 84
104 96 93 107 95 
1 64 29
95 94 104 104 94 
2 4 15
92 91 91 99 107 
3 5 69
109 103 108 92 92 
4 21 21
100 103 94 106 109 
5 20 95
94 93 92 91 109 
6 77 76
94 101 92 108 102 
7 44 48
99 97 97 91 102 
8 87 96
104 96 106 107 101 
9 73 94
101 101 109 97 96 
10 62 70
96 100 106 92 103 
11 39 1
96 103 109 97 102 
12 68 61
95 95 106 101 93 
13 25 1
104 98 96 107 109 
14 86 86
96 109 96 94 91 
15 3 27
104 103 108 102 96 
16 78 53
101 106 94 106 91 
17 21 80
94 106 90 101 94 
18 27 89
94 93 95 92 92 
19 84 27
105 108 94 100 101 
20 83 35
99 109 96 90 106 
21 52 37
99 93 98 96 90 
22 49 38
94 96 107 90 99 
23 56 55
94 108 102 109 106 
24 37 82
109 108 106 99 108 
25 3 90
96 95 108 105 99 
26 47 74
91 96 92 95 102 
27 41 19
103 97 94 99 95 
28 58 30
92 103 100 91 102 
29 79 43
92 91 94 90 108 
30 15 28
97 90 91 98 108 
31 64 87
92 105 106 105 92 
32 81 66
90 107 96 104 101 
33 9 76
105 97 100 99 90 
34 55 70
108 98 98 108 90 
35 2 47
108 95 94 102 102 
36 41 68
97 91 94 97 108 
37 31 22
91 101 98 98 108 
38 19 78
108 94 108 98 102 
39 48 87
94 98 103 104 95 
40 70 87
108 100 96 95 101 
41 91 85
91 103 95 105 94 
42 54 24
92 94 91 102 98 
43 100 53
103 96 109 107 97 
44 25 33
102 103 108 92 93 
45 77 20
96 97 93 90 90 
46 9 16
106 104 108 100 108 
47 40 95
108 101 96 101 99 
48 86 50
106 91 103 91 105 
49 4 56
100 90 105 99 109 
50 79 30
101 109 94 97 95 
51 35 50
93 96 93 103 107 
52 90 66
108 97 96 105 98 
53 52 49
105 104 93 96 96 
54 79 56
95 99 106 106 90 
55 81 24
95 104 102 90 102 
56 68 34
99 107 100 98 106 
57 69 16
94 109 105 102 104 
58 19 79
90 99 95 96 100 
59 22 75
92 103 100 109 109 
60 23 72
102 92 94 103 101 
61 8 42
97 105 98 93 105 
62 76 36
91 96 103 91 97 
63 51 80
107 101 104 101 94 
64 5 91
94 108 91 98 90 
65 18 82
93 94 93 100 102 
66 84 75
109 109 91 90 107 
67 28 54
94 107 103 91 91 
68 40 85
95 105 104 91 103 
69 36 30
96 94 101 91 91 
70 87 33
103 91 108 102 102 
71 20 5
99 96 107 103 106 
72 91 7
107 91 100 104 106 
73 65 77
92 101 107 90 98 
74 21 22
99 96 95 104 90 
75 64 59
102 105 92 92 91 
76 20 48
99 92 104 96 93 
77 45 42
102 91 99 96 94 
78 79 27
102 109 109 103 107 
79 6 88
107 98 95 100 105 
80 60 5
107 109 93 108 103 
81 58 86
98 104 108 90 97 
82 100 87
101 107 94 106 98 
83 65 70
96 91 107 93 91 
84 55 26
107 104 91 96 95 
85 86 85
108 92 91 108 98 
86 52 40
105 100 107 109 90 
87 95 56
98 100 94 96 101 
88 34 23
94 90 97 91 104 
89 82 8
101 96 94 91 90 
90 66 20
99 107 100 106 109 
91 41 76
101 104 100 102 106 
92 8 59
109 90 90 93 90 
93 81 26
96 91 94 107 97 
94 29 31
109 96 100 98 105 
95 13 78
104 102 102 108 108 
96 36 51
96 92 98 95 92 
97 90 70
105 99 96 91 100 
98 31 92
99 109 91 98 95 
99 24 50
90 106 96 96 90 
100 31 45
109 95 104 95 97 
101 56 84
92 106 102 107 95 
102 99 11
97 90 103 98 109 
103 28 9
106 100 107 98 108 
104 36 28
109 108 93 100 93 
105 19 28
93 95 100 95 91 
106 15 95
108 94 106 107 95 
107 11 46
106 107 103 103 109 
108 64 54
108 100 102 99 98 
109 57 20
94 96 108 109 101 
110 62 85
102 97 100 92 102 
111 87 100
107 106 94 103 95 
112 50 59
95 94 94 93 97 
113 97 65
97 102 105 101 100 
114 34 43
91 96 96 95 104 
115 9 68
108 105 96 105 93 
116 63 81
99 94 101 96 90 
117 8 62
97 93 95 105 98 
118 61 79
108 95 91 102 94 
119 100 78
108 90 107 106 105 
120 64 44
100 108 105 101 92 
121 19 38
104 95 108 92 91 
122 76 10
99 105 109 109 103 
123 13 4
107 94 91 97 94 
124 79 36
109 103 100 91 101 
125 6 14
95 106 100 90 91 
126 2 15
92 106 105 93 94 
127 15 56
99 97 108 96 93 
128 92 26
97 91 102 108 97 
129 43 80
100 109 102 106 105 
130 96 49
107 106 92 101 94 
131 38 36
98 93 92 107 92 
132 1 16
95 94 102 102 95 
133 5 43
102 96 92 93 108 
134 15 32
103 91 101 92 107 
135 46 67
92 104 103 92 107 
136 96 61
90 97 97 107 101 
137 21 43
107 94 94 91 93 
138 7 17
91 103 97 96 104 
139 79 2
94 93 97 108 99 
140 21 1
97 105 102 109 92 
141 41 69
96 90 100 93 94 
142 96 57
97 103 103 98 108 
143 73 28
95 93 98 91 108 
144 96 40
98 97 109 105 104 
145 53 7
98 94 104 104 94 
146 38 70
98 94 96 106 107 
147 100 77
98 93 105 103 96 
148 84 95
107 100 95 95 99 
149 77 33
93 90 108 102 94 
150 65 39
98 91 98 107 95 
151 35 66
105 95 103 93 90 
152 50 29
97 94 104 94 97 
153 60 42
98 97 103 102 98 
154 64 37
102 97 96 91 91 
155 35 91
108 90 105 103 95 
156 1 89
96 91 98 95 108 
157 95 2
107 95 92 95 103 
158 68 78
91 100 95 103 99 
159 93 75
92 108 94 91 109 
160 72 7
94 94 105 92 95 
161 16 80
93 100 90 90 105 
162 23 47
98 91 105 91 101 
163 94 76
103 107 91 105 105 
164 19 37
104 99 93 101 103 
165 91 94
101 107 103 96 97 
166 6 80
105 90 107 105 91 
167 5 18
103 107 94 108 104 
168 46 54
92 93 92 106 95 
169 38 88
100 97 103 91 106 
170 59 69
94 93 109 101 93 
171 77 39
107 90 105 92 100 
172 100 41
106 95 103 108 90 
173 88 36
95 94 104 106 93 
174 60 50
90 107 99 106 103 
175 69 88
98 94 95 95 107 
176 34 8
97 102 109 93 99 
177 94 43
92 102 99 97 107 
178 56 96
90 105 107 90 94 
179 67 97
99 97 93 100 93 
180 62 96
90 104 105 109 108 
181 55 44
98 109 107 92 102 
182 19 10
99 103 107 91 90 
183 7 3
107 102 108 96 101 
184 35 97
105 97 94 97 91 
185 100 28
109 95 92 109 95 
186 60 82
99 107 93 100 92 
187 53 32
93 108 95 90 92 
188 85 67
104 100 105 91 107 
189 60 49
100 100 97 91 105 
190 50 14
102 90 96 91 99 
191 42 44
102 103 105 105 93 
192 13 56
96 98 103 102 108 
193 89 26
97 109 95 107 99 
194 54 32
95 104 94 107 105 
195 91 12
94 102 104 106 107 
196 82 84
91 104 108 109 92 
197 65 4
103 102 98 90 94 
198 54 51
103 108 103 108 103 
199 78 89
90 109 109 106 93 
200 6 86
91 97 98 104 103 
201 60 34
97 93 106 90 97 
202 17 94
93 99 105 107 98 
203 29 36
103 107 93 95 106 
204 75 62
102 90 108 103 109 
205 68 80
94 108 102 101 103 
206 1 25
102 106 107 106 107 
207 65 14
107 102 90 100 99 
208 25 36
107 100 99 99 92 
209 48 75
103 96 103 107 94 
210 18 42
99 99 95 92 107 
211 35 51
105 108 93 102 92 
212 64 56
101 109 92 90 92 
213 44 31
94 101 106 108 99 
214 11 88
96 109 98 105 99 
215 94 90
96 109 109 91 107 
216 3 7
109 108 103 92 99 
217 8 84
101 101 95 98 104 
218 22 7
93 93 103 99 93 
219 23 18
102 97 96 108 97 
220 47 13
106 90 100 106 100 
221 36 11
90 92 103 93 103 
222 11 12
109 102 107 105 105 
223 64 57
108 107 103 92 94 
224 33 94
93 100 95 90 100 
225 28 29
91 92 108 103 106 
226 33 17
92 104 98 91 96 
227 98 37
104 90 103 94 107 
228 19 68
104 100 90 107 90 
229 18 38
93 106 95 106 108 
230 57 50
104 90 107 98 104 
231 46 11
91 105 108 105 105 
232 92 80
95 92 108 109 102 
233 59 17
95 97 96 98 93 
234 72 77
91 109 95 98 109 
235 95 17
104 90 108 105 97 
236 78 23
92 90 103 109 92 
237 53 59
97 100 97 94 100 
238 34 5
103 106 90 97 106 
239 6 96
105 109 93 99 101 
240 95 77
100 101 108 95 101 
241 53 25
96 106 93 95 108 
242 63 70
98 105 95 92 101 
243 6 70
109 92 106 105 103 
244 32 57
107 95 103 97 106 
245 84 13
90 97 107 108 93 
246 73 96
92 104 106 100 91 
247 42 93
94 96 103 94 98 
248 82 72
91 103 109 108 108 
249 13 67
97 98 100 109 105 
250 68 50
109 101 94 91 107 
251 61 12
100 91 106 105 109 
252 22 72
97 93 104 90 106 
253 74 60
96 96 107 95 96 
254 8 77
91 97 95 90 100 
255 22 42
98 91 95 108 104 
256 62 6
95 104 106 102 107 
257 71 26
95 94 106 94 92 
258 14 10
98 102 96 99 101 
259 64 43
92 95 93 92 108 
260 89 33
95 91 108 100 98 
261 67 36
95 99 90 101 103 
262 97 96
97 91 106 97 95 
263 95 29
107 108 100 109 105 
264 7 34
103 96 95 100 90 
265 4 62
98 92 98 103 101 
266 9 97
106 106 93 93 99 
267 53 3
104 96 92 101 106 
268 6 3
101 101 105 107 99 
269 2 88
99 106 98 107 108 
270 97 64
91 106 101 107 94 
271 8 53
103 109 104 98 107 
272 90 32
96 104 104 107 95 
273 70 35
104 92 104 106 101 
274 23 26
99 101 98 101 109 
275 53 41
94 101 103 99 92 
276 48 70
109 106 91 95 100 
277 36 16
97 106 91 104 109 
278 76 31
100 100 105 101 91 
279 97 75
102 98 105 98 109 
280 9 79
91 97 97 102 106 
281 49 11
108 105 95 108 102 
282 79 73
93 104 104 103 94 
283 10 57
107 107 93 91 107 
284 99 31
98 108 90 91 107 
285 8 15
103 98 106 94 93 
286 54 63
97 101 104 100 95 
287 89 96
91 99 102 100 97 
288 88 53
106 95 92 95 105 
289 43 87
102 91 102 108 99 
290 29 23
95 91 94 102 95 
291 71 56
100 100 100 94 101 
292 55 15
100 91 96 97 108 
293 1 73
103 92 108 108 106 
294 12 69
95 101 100 92 103 
295 27 8
108 98 92 90 100 
296 65 37
91 109 93 94 90 
297 70 32
101 92 105 94 106 
298 14 55
102 106 92 100 90 
299 65 33
103 92 109 93 92 
300 54 76
102 108 94 96 107 
301 68 71
99 98 91 90 100 
302 57 58
97 91 101 101 100 
303 87 62
100 92 104 105 95 
304 86 51
109 109 107 102 107 
305 42 19
96 90 98 105 99 
306 42 37
101 99 95 100 92 
307 57 83
102 104 93 104 107 
308 38 10
104 105 101 103 104 
309 90 78
93 92 105 99 105 
310 36 17
94 98 94 97 107 
311 50 99
102 108 102 94 102 
312 76 20
91 95 90 97 90 
313 45 34
96 95 100 99 97 
314 59 51
92 95 96 108 104 
315 72 19
93 90 106 105 100 
316 1 33
93 97 93 106 102 
317 36 85
94 109 107 92 94 
318 80 72
94 107 103 108 93 
319 41 58
99 101 105 94 93 
320 44 73
104 105 94 99 92 
321 60 38
97 104 103 101 104 
322 43 47
100 92 99 104 101 
323 44 74
96 93 92 105 96 
324 58 73
91 102 94 97 97 
325 1 49
91 109 96 98 103 
326 12 41
109 104 108 100 98 
327 8 45
109 100 107 96 95 
328 52 94
101 90 95 95 102 
329 62 65
101 91 103 103 90 
330 52 74
104 92 95 103 98 
331 4 24
106 101 90 98 91 
332 90 27
97 91 101 100 91 
333 90 48
96 100 102 99 102 
334 26 15
94 98 98 108 100 
335 54 65
109 107 109 97 98 
336 12 48
91 91 95 90 92 
337 98 12
105 96 100 103 98 
338 23 44
90 109 107 95 97 
339 98 96
100 101 101 99 98 
340 52 89
98 92 98 99 105 
341 14 91
99 100 103 95 98 
342 16 71
107 108 103 99 99 
343 24 27
107 90 92 97 93 
344 34 69
93 106 98 101 101 
345 97 74
96 100 105 106 102 
346 21 34
91 105 93 108 95 
347 70 100
105 102 96 94 94 
348 49 72
90 103 101 93 92 
349 52 88
103 98 90 101 108 
350 28 68
100 97 102 93 92 
351 57 14
90 107 103 105 91 
352 40 60
95 109 92 107 94 
353 26 2
96 106 98 101 94 
354 1 64
104 109 92 107 96 
355 36 21
90 93 104 90 90 
356 48 96
91 108 96 108 107 
357 41 57
103 95 99 90 92 
358 50 24
108 91 96 103 90 
359 22 71
96 98 92 108 101 
360 77 92
93 105 108 106 103 
361 46 47
92 95 104 106 93 
362 64 49
95 102 93 93 95 
363 11 69
95 93 100 93 101 
364 34 23
92 91 103 107 107 
365 52 34
92 98 109 107 96 
366 35 46
99 99 95 104 104 
367 69 50
109 100 100 95 103 
368 61 81
94 95 92 108 97 
369 68 16
106 101 90 100 109 
370 33 100
107 108 94 96 97 
371 42 81
103 100 92 103 102 
372 53 91
96 94 100 92 100 
373 26 62
99 94 98 107 105 
374 82 68
97 103 97 94 93 
375 64 92
100 95 93 94 97 
376 58 50
109 91 109 95 96 
377 62 81
98 96 103 99 101 
378 22 27
108 104 103 95 109 
379 13 83
92 98 95 103 103 
380 1 90
90 108 100 101 109 
381 82 30
107 92 99 107 99 
382 3 47
102 105 102 100 100 
383 19 49
99 92 100 102 100 
384 8 58
93 97 108 105 95 
385 89 60
107 99 98 104 93 
386 98 73
102 109 100 94 96 
387 44 68
106 103 105 108 105 
388 98 11
96 94 109 91 101 
389 18 50
99 107 98 96 108 
390 97 53
91 95 106 96 106 
391 48 43
92 100 99 109 93 
392 77 90
100 103 109 98 99 
393 71 11
103 109 101 92 106 
394 20 41
96 97 102 109 102 
395 70 6
98 98 90 100 108 
396 62 62
103 108 100 105 93 
397 2 25
103 101 96 108 100 
398 98 61
108 106 90 106 93 
399 45 57
105 95 103 105 103 
400 14 86
93 97 109 98 95 
401 50 25
90 101 90 95 104 
402 87 64
95 93 93 105 101 
403 76 33
104 102 90 91 99 
404 54 37
93 109 103 108 96 
405 73 80
93 92 105 93 95 
406 56 70
109 91 102 106 106 
407 9 33
97 105 106 103 109 
408 57 95
99 91 92 102 90 
409 8 43
96 90 91 91 104 
410 77 86
101 101 96 100 94 
411 91 20
102 108 101 109 96 
412 20 45
95 105 100 104 106 
413 73 19
99 102 91 97 102 
414 83 90
108 101 104 99 104 
415 33 32
109 92 100 93 103 
416 54 4
109 94 97 106 109 
417 91 4
98 92 91 107 96 
418 35 5
108 99 103 98 90 
419 20 30
104 101 91 95 96 
420 64 70
109 99 94 100 103 
421 24 67
95 103 99 95 98 
422 44 43
104 107 108 95 96 
423 45 14
96 105 93 103 109 
424 57 99
95 101 109 106 102 
425 44 7
108 109 94 93 102 
426 95 21
90 99 92 97 96 
427 13 73
95 106 107 101 102 
428 33 97
93 98 105 98 102 
429 67 85
94 100 100 92 99 
430 67 78
103 102 107 96 91 
431 12 14
98 94 107 103 102 
432 27 77
94 109 103 109 109 
433 21 88
101 108 93 98 98 
434 66 11
99 102 98 105 94 
435 38 22
96 99 96 96 103 
436 76 52
95 91 109 92 90 
437 5 62
102 106 91 105 105 
438 25 44
105 100 96 95 92 
439 47 93
108 93 103 94 102 
440 52 83
107 96 95 105 109 
441 66 30
90 91 92 94 108 
442 44 80
103 90 93 98 100 
443 30 26
94 105 107 104 100 
444 83 72
93 95 103 102 93 
445 40 68
93 106 106 93 107 
446 40 40
105 104 108 90 104 
447 94 70
106 104 96 90 91 
448 17 8
102 100 108 97 106 
449 32 60
109 92 97 92 100 
450 76 78
98 96 98 105 91 
451 88 77
105 102 107 102 97 
452 96 25
98 101 101 102 104 
453 62 80
100 103 109 91 97 
454 19 97
108 103 95 96 102 
455 95 94
103 103 91 90 95 
456 71 45
102 96 99 103 99 
457 53 6
93 104 107 95 109 
458 77 100
96 96 105 94 109 
459 73 83
93 96 98 106 109 
460 50 38
95 90 91 99 108 
461 3 75
109 97 102 105 103 
462 70 61
102 107 101 100 93 
463 7 88
104 101 91 108 107 
464 50 55
99 101 93 96 93 
465 78 8
103 109 92 102 108 
466 67 48
101 105 90 105 102 
467 72 59
105 100 95 99 91 
468 19 100
100 98 96 109 101 
469 50 26
104 96 103 97 108 
470 68 92
98 103 109 102 90 
471 52 8
102 92 95 109 94 
472 63 41
107 91 90 98 91 
473 47 88
102 97 95 108 96 
474 51 78
106 107 98 94 100 
475 60 97
100 100 94 104 95 
476 22 6
91 94 95 109 95 
477 38 88
96 105 96 100 93 
478 92 9
99 91 95 95 100 
479 6 82
102 95 108 104 97 
480 35 61
94 97 95 96 101 
481 12 66
98 90 94 96 106 
482 83 17
109 104 106 90 97 
483 14 26
100 109 96 92 106 
484 37 78
93 100 107 98 108 
485 56 87
91 108 93 92 108 
486 8 61
104 99 99 95 105 
487 6 6
105 109 92 95 108 
488 42 60
96 107 98 99 90 
489 79 70
108 103 97 101 101 
490 11 34
91 99 96 106 109 
491 76 54
96 90 109 103 101 
492 94 31
91 104 100 97 102 
493 79 58
102 98 108 92 91 
494 87 46
94 106 101 96 96 
495 78 95
107 102 97 105 102 
496 59 70
94 102 101 107 96 
497 42 46
100 102 104 104 90 
498 33 57
104 108 92 108 97 
499 86 37
95 92 100 104 104 

