500 5 10004
0 4 7
100 98 101 98 99 
1 3 10
99 100 100 98 102 
2 4 7
98 99 100 99 99 
3 9 8
102 100 98 100 101 
4 8 6
102 100 100 101 102 
5 8 4
99 99 100 102 101 
6 2 10
102 100 101 102 98 
7 1 4
99 99 98 99 101 
8 3 1
99 99 98 98 102 
9 8 7
98 99 102 101 100 
10 5 6
100 98 102 100 102 
11 5 4
98 100 101 99 101 
12 9 5
101 99 102 102 100 
13 1 7
101 102 100 99 99 
14 5 10
98 98 102 101 100 
15 2 8
100 100 100 100 99 
16 2 1
99 99 98 102 102 
17 10 1
102 99 100 100 99 
18 2 6
102 100 100 99 100 
19 4 7
98 99 101 102 102 
20 9 2
100 102 101 102 98 
21 9 9
98 98 102 99 101 
22 9 6
99 99 99 98 102 
23 9 5
101 99 98 101 98 
24 5 5
102 102 100 99 101 
25 2 8
98 102 99 100 99 
26 8 9
98 100 102 99 101 
27 6 10
100 98 101 101 101 
28 4 2
101 102 99 102 101 
29 4 4
101 99 98 102 101 
30 9 9
102 100 100 99 102 
31 4 1
101 98 102 100 98 
32 5 1
98 102 102 99 102 
33 3 3
102 100 100 98 102 
34 9 2
100 101 102 101 99 
35 9 1
100 99 98 98 99 
36 2 1
101 98 98 99 102 
37 7 3
98 101 99 100 101 
38 5 8
100 102 98 99 100 
39 10 10
98 101 99 101 99 
40 2 1
101 102 98 101 102 
41 2 10
99 102 101 101 101 
42 1 6
99 99 102 98 98 
43 5 7
100 99 100 98 99 
44 10 9
100 100 101 100 102 
45 10 7
98 100 100 99 99 
46 4 3
99 98 102 102 99 
47 5 10
99 98 100 98 101 
48 8 1
102 101 98 102 100 
49 10 7
99 98 102 100 100 
50 3 1
98 98 100 102 98 
51 3 9
101 101 98 102 98 
52 10 2
102 99 100 98 102 
53 5 10
102 101 99 98 98 
54 1 3
102 102 101 98 99 
55 8 5
101 99 102 99 102 
56 5 3
100 99 102 99 100 
57 9 9
102 100 101 101 101 
58 7 9
101 101 101 101 101 
59 9 1
102 100 99 101 102 
60 1 7
101 100 102 98 101 
61 4 4
100 101 100 99 98 
62 3 7
98 101 100 102 99 
63 1 5
99 98 102 101 100 
64 1 9
99 100 102 100 102 
65 4 10
100 101 101 98 99 
66 8 9
102 99 98 102 102 
67 3 6
100 102 102 102 102 
68 6 10
101 98 100 98 101 
69 2 10
102 100 101 100 98 
70 4 5
102 98 100 98 99 
71 10 7
100 99 100 98 100 
72 4 2
99 102 98 98 99 
73 8 8
102 98 99 102 100 
74 5 9
98 101 100 99 98 
75 7 7
102 99 100 101 102 
76 7 1
100 98 99 98 99 
77 4 8
100 100 99 102 98 
78 3 1
100 102 98 102 102 
79 5 6
99 98 101 100 101 
80 9 7
98 102 99 100 99 
81 1 10
100 98 102 100 101 
82 6 4
101 101 101 100 102 
83 4 8
101 100 102 99 102 
84 1 10
101 101 98 101 102 
85 4 8
99 101 101 98 102 
86 8 10
102 101 100 102 101 
87 8 2
100 100 98 100 99 
88 8 6
99 100 102 99 100 
89 2 2
99 100 98 102 98 
90 9 6
99 99 99 100 99 
91 10 7
102 101 98 101 99 
92 1 3
100 102 100 98 99 
93 5 7
101 100 102 100 102 
94 10 2
100 98 99 98 101 
95 6 4
102 102 99 98 102 
96 2 6
98 102 102 101 101 
97 9 6
100 100 100 100 98 
98 4 5
99 101 99 101 101 
99 5 5
101 102 100 100 98 
100 9 10
98 100 102 100 99 
101 6 8
99 101 101 101 101 
102 6 2
98 101 100 99 101 
103 6 1
101 98 102 99 99 
104 4 6
102 101 102 99 98 
105 1 9
101 98 99 98 102 
106 10 1
100 99 101 100 99 
107 2 6
98 99 98 98 101 
108 2 3
100 99 102 99 98 
109 5 3
100 102 98 101 100 
110 9 1
101 100 98 98 101 
111 5 10
100 100 102 100 98 
112 3 5
102 101 101 99 98 
113 9 10
100 100 101 99 101 
114 4 5
100 100 102 98 99 
115 8 6
100 99 99 102 101 
116 2 4
101 101 100 102 101 
117 7 8
98 102 101 102 101 
118 2 7
101 98 100 99 102 
119 10 7
98 99 102 102 102 
120 1 9
102 101 99 102 101 
121 10 7
100 100 101 100 99 
122 3 3
99 98 98 102 98 
123 5 1
99 101 100 102 99 
124 2 4
98 101 100 99 100 
125 6 7
98 102 100 100 99 
126 8 3
102 99 99 98 100 
127 9 6
102 100 100 101 99 
128 5 8
102 100 100 100 99 
129 7 4
98 100 99 98 99 
130 6 1
98 101 102 99 99 
131 1 3
98 101 102 98 98 
132 7 1
101 101 100 101 100 
133 2 1
98 101 98 98 98 
134 8 4
101 100 101 98 100 
135 8 8
99 102 99 99 102 
136 1 9
102 101 101 98 101 
137 8 1
99 102 100 99 100 
138 8 10
100 99 100 100 99 
139 6 9
101 102 98 99 98 
140 7 9
102 101 101 101 101 
141 8 6
100 102 98 98 98 
142 8 4
100 100 100 99 101 
143 5 10
102 99 102 98 100 
144 5 2
100 100 99 99 100 
145 1 3
100 102 100 102 101 
146 6 7
99 102 98 101 99 
147 3 8
100 102 101 99 98 
148 8 7
98 99 98 100 98 
149 2 10
100 99 101 99 100 
150 1 7
101 100 102 102 100 
151 5 5
98 102 99 100 101 
152 10 7
98 99 102 98 102 
153 5 6
102 99 99 101 102 
154 10 6
100 99 101 98 102 
155 10 2
101 102 98 101 98 
156 8 4
101 101 102 98 98 
157 4 9
99 98 101 101 99 
158 2 9
100 98 98 99 99 
159 1 4
98 98 102 98 102 
160 3 5
102 102 102 102 102 
161 9 2
99 101 102 101 101 
162 5 7
99 98 99 99 100 
163 3 3
102 100 101 99 100 
164 5 8
101 99 101 100 100 
165 3 4
100 100 98 101 100 
166 7 9
99 101 99 102 98 
167 4 6
101 98 98 102 102 
168 9 1
100 102 102 98 99 
169 3 1
98 99 101 102 98 
170 9 4
101 100 101 99 98 
171 1 6
98 101 99 101 98 
172 2 8
102 99 98 101 98 
173 10 5
101 102 99 102 100 
174 10 1
101 98 101 101 100 
175 10 5
102 102 99 102 102 
176 3 1
99 98 102 98 99 
177 2 2
102 101 100 100 100 
178 4 4
102 100 102 102 102 
179 10 10
101 101 101 100 102 
180 6 5
101 102 102 102 98 
181 6 8
101 102 98 100 100 
182 8 3
102 98 98 98 102 
183 2 8
102 101 99 100 99 
184 3 6
101 102 99 101 101 
185 8 1
98 100 100 102 99 
186 10 7
101 99 101 102 99 
187 7 8
100 100 102 99 98 
188 1 7
102 102 101 100 101 
189 5 8
100 99 100 102 98 
190 7 9
102 98 98 100 99 
191 6 10
102 99 99 100 99 
192 1 6
101 100 99 102 100 
193 7 9
100 98 99 102 101 
194 4 7
102 98 102 101 98 
195 2 3
102 100 101 101 98 
196 10 3
101 99 101 100 102 
197 2 7
101 101 98 98 98 
198 2 3
99 102 101 98 99 
199 3 6
100 99 102 99 101 
200 4 2
98 100 99 102 102 
201 5 7
98 100 102 101 100 
202 10 1
98 100 100 99 102 
203 1 4
98 98 101 100 99 
204 8 1
99 98 102 99 101 
205 1 3
102 99 98 102 101 
206 6 5
101 99 102 101 99 
207 10 2
98 102 102 98 99 
208 3 6
102 99 100 100 102 
209 2 2
102 99 101 101 100 
210 5 10
101 99 101 101 100 
211 10 4
101 101 102 98 98 
212 9 7
101 100 101 101 98 
213 1 6
102 100 99 101 98 
214 3 9
101 99 100 101 100 
215 3 7
99 100 102 100 98 
216 4 8
100 101 98 99 100 
217 9 10
102 99 99 102 101 
218 6 5
101 100 101 101 98 
219 1 2
102 98 100 98 100 
220 9 10
102 101 102 102 99 
221 5 6
98 98 99 98 99 
222 3 7
102 102 100 102 99 
223 6 6
101 101 99 100 101 
224 7 1
100 99 102 101 98 
225 9 8
99 98 100 102 98 
226 1 7
101 98 102 102 102 
227 7 9
101 100 101 99 100 
228 3 5
100 98 102 102 99 
229 6 5
99 102 100 98 99 
230 7 2
101 100 100 99 100 
231 2 1
101 102 98 99 101 
232 5 9
98 101 100 100 98 
233 7 4
99 99 98 98 100 
234 5 3
98 98 101 101 102 
235 1 5
101 101 102 100 102 
236 6 4
101 99 99 101 99 
237 6 9
99 101 101 102 100 
238 6 5
102 102 99 100 100 
239 2 1
99 101 100 100 99 
240 4 10
99 98 102 99 99 
241 9 7
102 101 102 100 100 
242 1 8
102 98 101 98 100 
243 3 10
102 101 98 100 100 
244 10 10
98 100 98 101 101 
245 6 10
99 98 99 101 98 
246 3 1
100 102 100 101 98 
247 2 7
100 98 100 101 101 
248 10 1
100 101 98 101 99 
249 1 4
99 100 101 100 100 
250 2 6
101 101 101 100 101 
251 6 9
98 101 99 102 101 
252 4 8
102 101 100 99 101 
253 10 7
102 100 98 100 102 
254 6 8
102 99 102 102 99 
255 3 4
99 101 99 101 101 
256 10 3
102 98 99 98 98 
257 2 4
101 98 98 98 100 
258 3 3
102 100 102 101 98 
259 5 8
101 99 98 98 99 
260 5 4
100 98 101 99 98 
261 10 4
98 100 99 102 101 
262 9 7
100 98 101 99 102 
263 9 2
99 102 101 98 98 
264 2 6
102 100 98 99 100 
265 9 10
98 98 100 100 100 
266 9 2
100 100 102 100 102 
267 9 9
102 101 98 98 100 
268 1 3
102 101 100 101 98 
269 1 2
98 101 98 98 98 
270 5 8
98 101 99 102 100 
271 1 2
101 98 98 102 101 
272 3 3
98 100 102 98 101 
273 5 1
101 102 100 98 102 
274 3 8
98 100 98 100 100 
275 9 7
99 98 98 102 99 
276 3 7
102 102 101 100 101 
277 3 8
101 99 100 100 98 
278 10 5
98 102 100 100 101 
279 10 7
98 100 102 101 102 
280 5 5
98 99 98 100 100 
281 9 5
101 99 99 99 102 
282 1 1
98 100 98 100 99 
283 10 2
102 101 100 99 98 
284 2 2
102 101 98 100 99 
285 7 10
99 102 101 99 100 
286 7 10
100 99 98 102 98 
287 8 7
99 101 100 100 99 
288 7 6
101 100 99 102 100 
289 3 7
102 98 100 98 102 
290 1 2
100 101 98 99 98 
291 3 1
100 99 99 102 102 
292 6 4
98 99 99 98 98 
293 8 1
101 99 99 102 99 
294 5 10
101 99 100 100 98 
295 3 4
100 100 101 102 98 
296 2 6
98 99 102 100 102 
297 3 9
102 102 101 102 101 
298 7 4
99 98 102 102 102 
299 7 7
102 99 102 101 98 
300 5 10
98 98 98 98 99 
301 7 1
100 101 101 102 102 
302 9 4
102 102 102 99 100 
303 6 8
99 100 102 100 98 
304 6 1
98 100 102 100 100 
305 7 9
99 100 98 101 100 
306 9 8
102 99 101 101 98 
307 5 10
100 102 100 98 99 
308 4 8
101 98 102 98 100 
309 2 4
100 100 101 101 100 
310 4 9
99 99 99 98 102 
311 2 10
99 98 98 102 102 
312 10 7
101 100 102 99 98 
313 4 5
100 102 100 99 102 
314 1 5
101 101 101 102 99 
315 2 6
98 102 99 99 102 
316 7 8
98 99 102 101 98 
317 1 3
98 101 101 98 98 
318 6 7
99 100 101 102 98 
319 9 1
101 99 98 101 98 
320 2 2
102 98 99 99 101 
321 6 8
101 98 99 99 98 
322 10 2
100 102 102 98 99 
323 5 5
101 100 98 99 101 
324 3 7
98 99 102 99 101 
325 1 9
99 100 98 102 102 
326 7 1
98 98 101 102 99 
327 6 1
102 102 99 100 102 
328 4 1
102 99 99 98 102 
329 6 9
100 101 99 101 98 
330 4 5
98 99 100 100 101 
331 1 9
102 100 101 101 102 
332 8 3
98 98 100 102 101 
333 1 7
100 99 98 99 99 
334 4 5
99 100 99 101 98 
335 9 3
102 98 99 98 101 
336 2 7
100 101 101 100 99 
337 4 9
102 101 98 102 99 
338 3 3
100 100 102 99 102 
339 1 5
100 101 100 99 101 
340 1 9
99 99 102 98 100 
341 6 10
101 101 101 102 101 
342 6 1
98 102 101 102 99 
343 3 6
101 100 98 98 98 
344 10 9
98 102 99 100 100 
345 2 5
102 101 102 102 101 
346 5 5
99 102 99 101 98 
347 10 4
99 101 101 102 98 
348 1 2
100 99 102 101 100 
349 7 8
98 102 101 102 102 
350 8 10
100 101 98 98 102 
351 2 10
102 99 102 101 99 
352 5 3
100 100 99 99 101 
353 6 2
99 101 98 99 102 
354 5 8
98 101 101 100 100 
355 4 6
101 100 102 101 98 
356 1 2
99 102 98 101 101 
357 2 3
100 102 98 98 102 
358 7 4
99 100 98 99 98 
359 2 10
102 102 99 101 99 
360 1 9
99 100 102 101 101 
361 7 9
100 98 100 102 102 
362 9 2
98 99 102 99 101 
363 7 4
98 100 102 100 102 
364 1 3
100 100 98 99 99 
365 2 10
102 102 102 99 102 
366 5 3
98 100 101 99 101 
367 10 3
101 99 100 101 98 
368 4 6
102 98 102 100 102 
369 10 1
98 100 99 98 100 
370 1 7
101 99 102 102 101 
371 5 1
101 102 102 101 100 
372 5 3
100 100 102 102 101 
373 10 9
102 98 101 98 98 
374 10 1
102 99 101 100 101 
375 8 7
101 102 101 102 101 
376 4 8
98 100 99 102 99 
377 4 1
99 102 101 99 99 
378 7 7
99 100 101 100 102 
379 7 6
102 102 101 100 101 
380 3 9
101 100 99 98 102 
381 10 2
100 100 100 102 99 
382 1 3
101 102 101 99 101 
383 7 10
100 100 99 101 101 
384 10 9
101 99 99 101 98 
385 5 9
102 102 100 102 99 
386 5 6
98 102 100 98 98 
387 8 7
102 101 98 101 100 
388 4 3
101 101 98 101 99 
389 7 10
100 99 102 101 100 
390 2 3
101 98 100 98 100 
391 7 1
100 101 100 99 101 
392 5 8
99 101 102 99 101 
393 10 7
102 100 98 99 98 
394 6 3
100 99 99 101 100 
395 5 4
99 98 102 101 99 
396 4 8
102 102 102 100 102 
397 4 9
100 102 98 102 101 
398 3 3
102 100 102 99 99 
399 2 7
101 100 98 102 102 
400 7 10
98 99 99 98 100 
401 3 3
100 100 101 99 99 
402 1 1
100 100 101 99 98 
403 8 5
101 98 99 101 100 
404 4 5
100 99 101 102 102 
405 3 5
99 102 102 101 102 
406 3 6
100 100 100 102 102 
407 1 6
99 98 98 102 98 
408 4 3
98 101 99 102 102 
409 3 4
98 102 101 99 98 
410 8 3
102 102 102 100 101 
411 7 7
100 100 102 99 102 
412 7 1
102 102 98 99 100 
413 4 1
101 98 102 101 102 
414 5 7
100 101 101 99 100 
415 8 1
100 99 100 102 101 
416 2 3
102 100 98 98 101 
417 1 8
100 101 100 100 102 
418 4 3
98 100 101 100 98 
419 8 2
102 99 99 99 100 
420 9 9
100 99 98 99 98 
421 8 10
98 100 99 102 101 
422 4 7
102 102 101 102 99 
423 10 10
100 101 98 99 102 
424 4 6
102 102 101 101 98 
425 6 3
101 101 99 101 100 
426 8 1
98 100 99 99 99 
427 8 9
101 99 100 100 102 
428 10 1
98 100 100 99 99 
429 3 1
102 101 100 100 101 
430 4 3
100 100 102 98 102 
431 2 7
101 98 102 101 101 
432 4 6
100 102 100 102 100 
433 6 7
98 100 99 102 100 
434 1 4
100 101 101 98 98 
435 3 6
99 98 99 99 98 
436 9 10
101 101 99 100 101 
437 7 3
98 99 98 98 98 
438 9 3
101 101 100 98 99 
439 6 1
101 98 100 99 98 
440 2 4
101 102 102 101 100 
441 4 7
98 102 98 100 98 
442 3 1
98 98 102 98 101 
443 2 2
102 102 101 102 102 
444 2 3
99 102 100 102 101 
445 3 9
100 98 99 98 102 
446 7 10
99 101 102 99 101 
447 6 10
101 100 98 100 101 
448 6 9
100 101 98 98 100 
449 9 6
100 100 98 100 102 
450 2 8
101 102 99 102 102 
451 9 8
100 101 99 98 100 
452 9 5
98 99 102 102 99 
453 7 6
102 99 100 101 101 
454 8 6
100 98 100 100 102 
455 2 4
101 99 101 100 99 
456 2 5
102 100 98 99 101 
457 7 4
102 100 98 98 102 
458 5 5
102 99 102 102 101 
459 5 2
100 98 100 100 99 
460 1 2
102 99 98 101 98 
461 8 8
101 101 100 98 100 
462 5 8
99 101 99 101 102 
463 4 8
100 100 98 99 102 
464 8 1
100 102 99 99 101 
465 9 3
101 98 102 100 98 
466 4 5
100 100 99 99 98 
467 6 5
99 101 99 98 98 
468 2 9
102 99 101 99 98 
469 10 8
101 102 99 100 99 
470 3 7
99 98 98 98 102 
471 4 2
102 101 100 100 99 
472 9 8
101 100 98 102 101 
473 6 8
98 99 98 102 98 
474 9 4
101 99 102 102 99 
475 2 8
99 102 98 100 98 
476 9 1
99 99 102 100 98 
477 6 2
101 100 102 102 102 
478 7 1
99 102 101 98 98 
479 5 2
102 98 101 98 99 
480 10 10
99 100 102 98 98 
481 10 8
99 99 101 99 101 
482 10 3
102 98 102 99 100 
483 8 7
100 99 100 99 101 
484 7 9
98 100 101 99 99 
485 10 7
99 101 98 102 99 
486 7 2
100 98 98 99 101 
487 1 3
98 102 101 100 101 
488 9 7
99 99 99 99 101 
489 5 1
102 99 101 100 99 
490 5 3
101 98 98 98 100 
491 3 9
98 100 101 98 102 
492 4 1
100 99 101 101 100 
493 5 3
100 99 100 99 100 
494 3 7
101 99 98 101 101 
495 8 1
101 102 102 101 102 
496 3 7
101 100 101 98 102 
497 9 4
99 102 100 99 98 
498 10 5
102 100 98 98 98 
499 1 9
99 100 99 102 102 

