50 5 995
0 7 6
103 95 100 95 97 
1 7 2
99 103 99 98 104 
2 3 2
99 100 96 100 100 
3 3 9
103 98 102 100 102 
4 9 9
99 99 101 99 101 
5 2 6
103 95 103 99 103 
6 3 8
103 102 96 97 97 
7 3 10
104 99 102 103 102 
8 7 6
101 99 100 96 96 
9 2 8
102 98 97 103 98 
10 1 3
98 100 95 96 97 
11 2 6
101 98 101 101 102 
12 5 7
101 95 96 98 102 
13 7 7
103 103 98 100 98 
14 7 6
101 103 103 104 98 
15 9 4
102 96 95 101 99 
16 8 3
98 98 95 96 98 
17 2 5
97 104 97 95 102 
18 7 9
95 99 98 103 99 
19 2 1
103 96 100 100 97 
20 8 4
103 99 100 98 104 
21 6 6
98 103 96 102 103 
22 5 9
102 97 103 95 103 
23 2 1
97 100 97 95 103 
24 8 9
98 102 96 98 98 
25 10 8
98 101 99 103 102 
26 6 6
100 96 98 99 98 
27 2 5
98 100 102 101 95 
28 10 9
95 104 103 98 101 
29 3 8
104 96 101 97 104 
30 1 1
101 100 101 98 104 
31 2 1
99 98 99 103 95 
32 2 5
97 98 99 97 97 
33 4 9
103 100 100 102 103 
34 2 3
104 96 97 103 103 
35 1 2
102 97 96 97 102 
36 9 1
102 96 101 104 99 
37 1 4
103 100 96 101 97 
38 9 7
95 104 103 97 97 
39 3 1
96 98 98 95 102 
40 8 5
99 102 99 98 103 
41 3 5
100 100 102 98 95 
42 2 3
98 104 95 100 96 
43 1 8
98 97 104 101 102 
44 4 10
99 97 98 95 104 
45 1 6
104 97 104 99 102 
46 10 1
95 95 99 100 96 
47 5 3
97 99 97 103 103 
48 2 5
101 101 100 97 103 
49 10 6
102 104 95 104 96 

