50 5 3472
0 2 84
104 96 93 107 95 
1 64 29
95 94 104 104 94 
2 4 15
92 91 91 99 107 
3 5 69
109 103 108 92 92 
4 21 21
100 103 94 106 109 
5 20 95
94 93 92 91 109 
6 77 76
94 101 92 108 102 
7 44 48
99 97 97 91 102 
8 87 96
104 96 106 107 101 
9 73 94
101 101 109 97 96 
10 62 70
96 100 106 92 103 
11 39 1
96 103 109 97 102 
12 68 61
95 95 106 101 93 
13 25 1
104 98 96 107 109 
14 86 86
96 109 96 94 91 
15 3 27
104 103 108 102 96 
16 78 53
101 106 94 106 91 
17 21 80
94 106 90 101 94 
18 27 89
94 93 95 92 92 
19 84 27
105 108 94 100 101 
20 83 35
99 109 96 90 106 
21 52 37
99 93 98 96 90 
22 49 38
94 96 107 90 99 
23 56 55
94 108 102 109 106 
24 37 82
109 108 106 99 108 
25 3 90
96 95 108 105 99 
26 47 74
91 96 92 95 102 
27 41 19
103 97 94 99 95 
28 58 30
92 103 100 91 102 
29 79 43
92 91 94 90 108 
30 15 28
97 90 91 98 108 
31 64 87
92 105 106 105 92 
32 81 66
90 107 96 104 101 
33 9 76
105 97 100 99 90 
34 55 70
108 98 98 108 90 
35 2 47
108 95 94 102 102 
36 41 68
97 91 94 97 108 
37 31 22
91 101 98 98 108 
38 19 78
108 94 108 98 102 
39 48 87
94 98 103 104 95 
40 70 87
108 100 96 95 101 
41 91 85
91 103 95 105 94 
42 54 24
92 94 91 102 98 
43 100 53
103 96 109 107 97 
44 25 33
102 103 108 92 93 
45 77 20
96 97 93 90 90 
46 9 16
106 104 108 100 108 
47 40 95
108 101 96 101 99 
48 86 50
106 91 103 91 105 
49 4 56
100 90 105 99 109 

