500 5 24795
0 7 6
118 90 75 90 122 
1 7 2
114 108 74 143 89 
2 3 2
114 125 51 145 65 
3 3 9
108 123 97 135 87 
4 9 9
104 64 86 124 56 
5 2 6
128 140 118 144 98 
6 3 8
138 97 131 102 72 
7 3 10
139 74 87 98 147 
8 7 6
136 54 85 91 121 
9 2 8
127 83 132 58 73 
10 1 3
73 145 140 61 92 
11 2 6
66 103 116 56 127 
12 5 7
76 90 141 63 147 
13 7 7
118 148 123 95 133 
14 7 6
56 108 58 79 103 
15 9 4
97 71 110 66 124 
16 8 3
53 133 130 131 73 
17 2 5
122 99 102 90 97 
18 7 9
80 84 93 138 94 
19 2 1
148 51 65 95 72 
20 8 4
98 104 85 53 139 
21 6 6
63 88 81 87 138 
22 5 9
137 112 118 120 98 
23 2 1
142 65 82 140 118 
24 8 9
93 77 51 93 83 
25 10 8
73 106 134 138 97 
26 6 6
85 101 53 124 63 
27 2 5
63 85 57 56 100 
28 10 9
120 89 138 63 116 
29 3 8
149 81 106 72 89 
30 1 1
136 105 86 123 109 
31 2 1
74 113 94 88 100 
32 2 5
102 93 94 72 132 
33 4 9
98 125 95 97 108 
34 2 3
99 91 82 138 98 
35 1 2
57 62 111 82 77 
36 9 1
127 111 116 79 54 
37 1 4
88 145 141 136 72 
38 9 7
130 139 58 132 132 
39 3 1
81 63 133 140 127 
40 8 5
54 57 94 83 118 
41 3 5
75 75 67 113 70 
42 2 3
93 99 90 125 141 
43 1 8
123 142 129 106 107 
44 4 10
84 62 123 140 69 
45 1 6
89 82 139 114 107 
46 10 1
80 70 84 75 71 
47 5 3
62 124 112 88 68 
48 2 5
126 106 95 112 118 
49 10 6
137 139 130 129 71 
50 3 4
81 83 125 63 103 
51 10 9
76 85 140 89 59 
52 5 10
78 96 73 106 104 
53 2 9
73 90 125 112 79 
54 9 2
52 80 87 135 113 
55 3 9
118 124 138 144 59 
56 2 6
121 85 64 149 131 
57 1 6
86 61 75 61 53 
58 2 4
134 111 117 136 141 
59 5 3
56 118 72 124 144 
60 2 1
106 144 108 77 79 
61 5 9
113 64 135 101 127 
62 3 3
82 65 137 66 126 
63 7 4
117 112 77 123 133 
64 2 10
127 114 122 135 108 
65 1 3
138 104 92 101 71 
66 8 5
100 140 118 133 55 
67 6 10
132 64 104 51 126 
68 2 8
109 85 76 139 149 
69 9 5
108 78 89 96 85 
70 2 10
106 111 53 108 53 
71 2 2
110 128 143 92 142 
72 8 7
71 131 73 130 66 
73 2 2
65 50 146 75 130 
74 8 4
117 118 122 125 131 
75 8 5
134 100 77 95 131 
76 1 10
123 70 137 96 103 
77 1 10
119 114 50 86 114 
78 7 5
146 133 87 66 54 
79 1 2
135 139 127 72 90 
80 6 8
71 127 108 96 99 
81 7 4
52 58 122 121 122 
82 3 1
138 71 124 87 106 
83 2 4
62 123 146 100 113 
84 5 3
105 81 141 126 58 
85 2 5
60 97 69 62 58 
86 2 7
130 66 146 119 139 
87 3 7
147 135 61 60 61 
88 8 3
124 131 86 131 62 
89 8 10
123 130 133 133 130 
90 4 6
138 96 133 118 64 
91 10 10
53 103 145 103 89 
92 7 6
100 116 77 126 97 
93 4 10
62 92 68 87 124 
94 2 3
104 54 69 92 53 
95 4 2
67 132 102 123 138 
96 9 7
129 56 91 131 122 
97 1 8
122 85 116 134 127 
98 7 4
101 87 95 108 144 
99 5 1
147 117 113 116 52 
100 7 10
140 66 67 71 124 
101 1 3
97 132 61 121 67 
102 10 8
96 115 130 148 52 
103 6 7
98 91 58 147 59 
104 3 5
113 138 105 55 106 
105 6 7
80 137 78 79 120 
106 10 1
137 70 57 84 135 
107 8 5
89 114 142 90 108 
108 1 8
117 122 103 132 62 
109 2 8
70 136 115 101 123 
110 4 1
145 134 131 133 106 
111 1 8
91 130 51 82 146 
112 4 3
104 95 60 123 120 
113 6 6
84 126 144 105 64 
114 10 7
90 54 88 85 90 
115 10 9
146 62 137 87 142 
116 1 1
138 135 144 93 81 
117 5 7
103 122 74 137 98 
118 9 3
65 128 50 105 132 
119 10 3
73 60 63 69 72 
120 3 10
64 143 81 105 80 
121 6 1
111 132 68 64 104 
122 3 5
52 111 146 119 141 
123 8 7
123 86 69 98 96 
124 5 1
119 86 79 85 79 
125 1 3
110 87 94 123 69 
126 4 1
123 107 144 78 120 
127 1 8
111 89 124 137 125 
128 6 8
124 79 57 145 115 
129 7 3
145 98 75 57 136 
130 2 1
55 134 70 81 144 
131 7 10
114 107 106 128 146 
132 3 8
74 77 54 100 106 
133 3 6
72 98 129 119 99 
134 7 7
85 128 58 142 64 
135 2 4
58 97 132 75 106 
136 2 4
55 123 70 131 103 
137 7 2
59 138 78 133 139 
138 8 5
88 114 82 75 144 
139 2 10
58 124 143 67 123 
140 8 3
80 120 147 137 146 
141 10 9
99 95 101 60 84 
142 2 5
125 88 148 115 104 
143 2 1
98 74 61 107 148 
144 5 7
73 134 70 103 104 
145 10 3
100 88 110 101 85 
146 4 3
71 144 58 146 83 
147 9 2
89 91 53 138 67 
148 6 8
117 121 73 141 105 
149 6 5
112 114 87 114 52 
150 10 7
139 115 80 61 109 
151 9 8
94 98 71 134 140 
152 7 5
57 141 71 125 65 
153 7 7
72 141 112 134 105 
154 2 10
59 103 67 148 68 
155 8 2
79 87 119 124 135 
156 3 1
77 68 136 85 112 
157 10 3
79 105 130 101 148 
158 5 7
55 148 87 116 53 
159 7 7
71 55 128 52 92 
160 10 9
129 91 88 57 61 
161 7 5
75 85 58 104 92 
162 9 7
142 84 144 147 82 
163 4 6
85 139 82 58 144 
164 1 4
138 111 141 117 104 
165 3 5
67 108 118 93 144 
166 7 10
138 66 57 131 101 
167 4 1
85 86 96 73 127 
168 9 4
121 90 96 109 51 
169 1 10
105 122 103 122 80 
170 5 8
126 100 119 115 69 
171 7 9
72 80 78 107 68 
172 5 3
146 54 118 69 94 
173 7 2
147 106 60 54 78 
174 4 10
61 87 146 89 90 
175 8 7
109 144 104 83 126 
176 4 1
144 59 125 92 64 
177 4 3
60 111 143 58 68 
178 4 5
148 68 143 111 58 
179 3 2
98 109 107 109 103 
180 5 3
131 149 84 126 58 
181 2 1
72 106 82 83 68 
182 8 4
86 130 107 84 101 
183 2 7
109 143 99 57 54 
184 9 9
108 72 60 141 71 
185 7 10
80 108 140 54 64 
186 3 10
82 102 84 118 134 
187 3 6
85 145 53 144 90 
188 5 4
94 112 121 104 87 
189 4 7
108 80 115 90 90 
190 6 8
104 80 136 137 132 
191 4 8
116 115 64 52 62 
192 10 9
102 123 104 146 138 
193 6 4
75 61 99 133 143 
194 5 7
83 72 75 137 102 
195 4 7
84 86 136 102 51 
196 3 7
115 72 105 67 97 
197 10 7
85 136 119 110 99 
198 1 7
92 134 122 125 56 
199 8 6
60 110 91 146 99 
200 10 10
100 82 57 118 104 
201 5 6
103 125 53 139 112 
202 5 10
113 144 95 56 81 
203 10 4
139 68 98 50 81 
204 3 7
130 71 147 132 103 
205 6 1
109 69 138 63 97 
206 2 5
111 118 105 74 112 
207 2 1
143 72 114 133 143 
208 5 4
74 56 81 106 78 
209 2 9
83 136 91 95 107 
210 10 1
54 122 114 115 90 
211 2 1
105 74 122 98 97 
212 9 4
142 103 68 66 109 
213 1 5
89 81 112 75 119 
214 6 3
76 86 82 133 59 
215 9 9
51 69 140 106 94 
216 6 8
93 53 90 85 106 
217 10 4
118 111 77 57 94 
218 2 5
115 147 56 93 83 
219 1 7
144 88 77 98 60 
220 10 5
56 134 63 99 138 
221 5 7
146 115 89 114 128 
222 7 5
124 109 58 89 106 
223 8 3
92 107 111 86 98 
224 9 7
108 107 91 114 144 
225 7 6
132 110 103 128 127 
226 3 4
57 60 69 131 119 
227 10 1
128 96 105 70 54 
228 7 9
102 54 95 112 63 
229 9 9
57 94 145 91 107 
230 9 1
84 90 65 144 52 
231 5 6
121 63 98 51 62 
232 4 2
66 69 132 70 125 
233 8 5
138 67 114 98 63 
234 10 10
120 109 111 107 149 
235 7 2
103 112 128 126 78 
236 7 9
90 79 149 58 50 
237 4 1
125 110 64 66 79 
238 1 5
93 139 55 63 98 
239 8 3
149 93 123 54 108 
240 3 1
136 80 108 128 110 
241 1 7
110 93 68 138 106 
242 5 5
135 64 118 130 105 
243 4 7
105 90 118 104 86 
244 5 1
144 148 140 82 78 
245 2 1
90 61 98 103 56 
246 7 2
112 100 95 50 66 
247 6 3
121 88 128 76 81 
248 10 3
69 143 92 115 93 
249 5 8
121 135 109 62 98 
250 10 6
105 75 56 119 77 
251 4 10
145 118 104 116 108 
252 3 5
139 81 126 110 126 
253 1 6
69 56 124 93 142 
254 6 8
142 94 122 97 71 
255 1 8
50 135 88 145 103 
256 3 2
61 127 107 103 110 
257 6 6
139 105 141 58 64 
258 8 2
108 53 108 100 149 
259 3 9
71 114 117 71 99 
260 8 8
52 100 80 116 129 
261 9 2
89 123 86 130 79 
262 10 10
145 147 142 103 102 
263 4 4
101 87 103 122 52 
264 1 5
53 128 113 108 130 
265 4 5
61 131 97 52 105 
266 4 4
86 113 122 81 62 
267 7 5
114 69 137 117 59 
268 2 1
61 63 136 64 141 
269 10 5
73 144 98 84 126 
270 8 8
81 81 70 69 96 
271 5 1
60 110 136 76 82 
272 6 4
91 68 135 54 82 
273 4 1
125 74 145 149 69 
274 6 6
145 93 124 128 76 
275 5 8
122 140 149 84 53 
276 6 1
137 60 55 78 79 
277 4 5
111 116 104 138 141 
278 10 10
112 147 75 59 90 
279 10 8
116 96 86 140 138 
280 6 5
141 122 86 128 132 
281 2 9
113 86 92 126 53 
282 10 6
96 100 54 58 97 
283 2 8
137 83 106 55 81 
284 3 6
69 129 121 61 101 
285 8 2
135 51 50 51 139 
286 5 8
142 93 144 88 144 
287 2 9
91 82 117 131 67 
288 4 7
98 117 132 118 96 
289 6 2
99 115 74 137 68 
290 5 9
57 121 115 50 64 
291 3 1
110 113 91 52 97 
292 9 4
115 134 71 63 101 
293 6 4
100 111 66 101 76 
294 2 9
94 67 128 53 138 
295 7 6
105 58 148 65 121 
296 10 10
68 149 54 133 133 
297 7 10
137 131 84 87 92 
298 4 1
70 146 81 66 115 
299 10 1
56 55 77 111 63 
300 6 9
134 66 148 53 66 
301 5 9
101 130 137 88 112 
302 5 8
106 127 118 79 75 
303 10 6
140 58 67 146 116 
304 6 10
129 72 88 114 89 
305 9 10
105 92 107 108 73 
306 8 8
87 73 126 95 102 
307 5 7
127 145 122 69 106 
308 2 7
72 88 75 51 111 
309 6 8
50 53 138 57 96 
310 7 6
71 145 64 60 120 
311 2 8
72 137 84 101 133 
312 9 1
141 149 136 63 88 
313 5 7
101 129 86 53 133 
314 5 1
131 72 77 104 119 
315 3 7
89 83 73 111 70 
316 8 5
105 117 85 96 69 
317 4 2
59 87 128 110 67 
318 7 4
102 140 75 83 63 
319 3 8
84 144 105 124 129 
320 9 8
102 138 102 57 105 
321 10 5
124 62 115 133 100 
322 6 6
69 111 108 121 54 
323 6 7
67 138 145 53 84 
324 1 8
64 78 67 116 118 
325 10 4
126 110 129 100 122 
326 8 7
72 142 83 143 56 
327 5 5
60 129 70 129 69 
328 6 3
104 115 62 70 96 
329 10 7
64 100 61 140 60 
330 4 4
132 90 81 107 134 
331 5 1
140 58 65 102 90 
332 8 2
109 53 116 63 70 
333 9 4
116 109 121 83 59 
334 6 4
69 128 118 103 120 
335 10 1
104 114 63 147 74 
336 1 2
114 117 83 74 72 
337 2 10
145 79 73 63 138 
338 7 7
99 131 72 118 109 
339 1 4
79 140 134 86 56 
340 10 6
132 79 136 97 98 
341 2 4
121 72 62 116 53 
342 8 10
93 84 128 142 65 
343 1 3
77 140 136 58 82 
344 3 5
88 121 131 71 102 
345 9 1
50 89 93 121 64 
346 8 10
67 97 71 111 131 
347 10 4
98 149 68 77 139 
348 5 7
72 76 82 62 99 
349 5 6
51 132 55 51 123 
350 9 6
137 58 64 55 105 
351 6 9
138 136 73 86 135 
352 2 5
77 95 102 51 73 
353 5 4
74 148 149 75 82 
354 5 10
56 55 54 143 115 
355 1 1
70 108 118 58 94 
356 3 7
132 135 62 59 81 
357 5 1
56 51 125 81 101 
358 5 9
134 81 137 92 138 
359 4 8
103 116 140 123 74 
360 9 4
70 52 131 52 90 
361 5 2
73 60 123 79 61 
362 10 3
113 125 71 149 56 
363 1 4
96 54 130 149 120 
364 1 5
96 131 59 116 85 
365 2 2
77 135 82 100 145 
366 9 1
109 109 94 124 84 
367 6 6
143 76 68 89 132 
368 1 2
54 123 65 100 56 
369 6 9
143 118 139 71 103 
370 5 2
50 82 53 61 141 
371 9 6
127 115 112 120 93 
372 1 3
75 133 103 131 106 
373 9 2
64 95 50 57 63 
374 10 9
68 113 102 121 97 
375 6 3
140 105 70 118 71 
376 3 9
114 65 50 92 148 
377 4 4
56 124 57 70 121 
378 10 10
87 50 58 57 66 
379 3 1
113 69 115 104 125 
380 6 5
98 69 62 114 84 
381 6 7
134 120 132 140 146 
382 2 3
70 50 92 107 50 
383 3 7
66 64 97 82 83 
384 3 9
110 99 62 110 118 
385 7 6
105 91 133 89 114 
386 6 3
110 108 146 130 108 
387 9 10
61 90 56 77 56 
388 6 2
142 67 99 54 116 
389 4 6
136 140 140 91 81 
390 4 4
145 141 117 58 99 
391 4 9
110 52 80 121 144 
392 7 9
51 91 112 95 60 
393 2 10
78 127 64 64 117 
394 5 9
148 80 91 96 71 
395 1 7
72 73 96 132 127 
396 7 4
74 114 54 75 107 
397 7 1
117 79 69 145 56 
398 7 1
123 140 68 74 70 
399 2 3
143 121 130 118 96 
400 7 1
126 53 106 50 69 
401 3 6
127 128 97 94 109 
402 9 3
68 54 52 93 97 
403 3 10
69 85 143 115 108 
404 4 4
54 50 85 130 105 
405 4 1
124 105 107 101 135 
406 7 9
95 77 90 65 81 
407 5 1
80 68 80 100 103 
408 4 6
61 99 50 117 99 
409 6 1
106 81 82 132 136 
410 1 7
122 148 84 119 75 
411 7 5
59 70 144 89 140 
412 7 2
93 102 58 56 51 
413 9 6
52 146 75 108 77 
414 9 3
63 50 128 87 100 
415 3 7
126 140 92 87 60 
416 8 9
102 115 120 97 67 
417 9 4
68 89 129 122 137 
418 7 1
64 64 73 129 116 
419 2 8
67 116 125 95 106 
420 9 3
69 57 60 121 122 
421 3 10
140 61 74 110 52 
422 6 4
139 62 65 105 128 
423 1 5
147 94 53 64 112 
424 10 2
68 147 143 139 106 
425 6 4
78 138 82 120 101 
426 9 4
103 66 118 144 78 
427 4 10
108 76 85 57 72 
428 10 4
134 68 134 104 117 
429 10 5
125 135 107 53 123 
430 2 7
126 51 111 131 67 
431 10 6
147 114 126 58 140 
432 2 6
62 100 139 146 70 
433 6 4
89 105 97 64 90 
434 7 1
115 147 98 91 148 
435 10 5
118 88 99 115 52 
436 8 4
95 138 91 59 141 
437 1 9
61 105 111 53 112 
438 9 10
52 114 89 69 63 
439 8 1
113 146 84 81 84 
440 6 10
139 62 72 84 103 
441 4 4
94 95 51 57 103 
442 5 1
65 72 130 120 88 
443 2 10
101 109 100 117 57 
444 7 9
144 74 97 133 138 
445 3 10
91 135 114 135 133 
446 9 4
86 82 105 53 57 
447 8 4
95 109 113 99 120 
448 6 7
127 51 116 121 127 
449 5 7
116 138 125 57 75 
450 3 6
58 112 140 146 144 
451 6 1
103 135 123 149 94 
452 7 9
64 51 66 141 105 
453 3 6
134 146 71 100 86 
454 10 1
112 143 57 120 105 
455 8 10
51 144 69 105 129 
456 3 7
125 131 56 139 84 
457 3 4
91 54 98 76 103 
458 2 7
139 72 88 101 65 
459 6 5
72 144 143 74 91 
460 5 2
70 58 87 98 139 
461 4 10
126 67 72 67 71 
462 3 6
76 146 74 66 68 
463 3 10
84 110 95 58 104 
464 1 3
97 104 65 70 113 
465 3 9
54 97 107 130 114 
466 3 1
88 104 95 114 52 
467 10 3
71 134 54 57 94 
468 10 6
100 90 50 100 144 
469 6 1
59 70 88 64 117 
470 8 7
134 129 98 72 136 
471 7 9
138 65 121 59 101 
472 6 9
97 126 86 100 66 
473 7 1
113 101 120 122 121 
474 1 9
141 57 135 125 89 
475 6 10
75 81 89 63 149 
476 3 6
100 139 93 148 116 
477 2 1
84 117 102 147 121 
478 3 3
144 84 110 135 143 
479 8 3
82 133 63 107 64 
480 6 4
63 117 100 114 107 
481 6 5
73 127 116 107 94 
482 9 8
117 142 79 112 76 
483 2 10
121 89 114 54 124 
484 10 4
138 84 138 52 52 
485 9 9
109 134 134 84 111 
486 1 4
107 118 52 75 62 
487 4 10
88 75 88 111 66 
488 5 6
140 134 81 128 120 
489 10 3
122 60 52 133 144 
490 7 10
57 138 115 114 58 
491 8 2
70 101 130 60 78 
492 2 3
146 127 139 136 111 
493 3 7
82 94 51 106 104 
494 4 3
50 92 111 57 132 
495 9 4
141 96 115 113 99 
496 8 7
79 118 100 75 96 
497 10 2
109 114 129 93 58 
498 1 3
64 86 94 64 128 
499 8 2
110 86 146 53 84 

