500 5 44541
0 7 6
93 115 100 115 97 
1 7 2
89 83 99 118 114 
2 3 2
89 100 76 120 90 
3 3 9
83 98 122 110 112 
4 9 9
79 89 111 99 81 
5 2 6
103 115 93 119 123 
6 3 8
113 122 106 77 97 
7 3 10
114 99 112 123 122 
8 7 6
111 79 110 116 96 
9 2 8
102 108 107 83 98 
10 1 3
98 120 115 86 117 
11 2 6
91 78 91 81 102 
12 5 7
101 115 116 88 122 
13 7 7
93 123 98 120 108 
14 7 6
81 83 83 104 78 
15 9 4
122 96 85 91 99 
16 8 3
78 108 105 106 98 
17 2 5
97 124 77 115 122 
18 7 9
105 109 118 113 119 
19 2 1
123 76 90 120 97 
20 8 4
123 79 110 78 114 
21 6 6
88 113 106 112 113 
22 5 9
112 87 93 95 123 
23 2 1
117 90 107 115 93 
24 8 9
118 102 76 118 108 
25 10 8
98 81 109 113 122 
26 6 6
110 76 78 99 88 
27 2 5
88 110 82 81 75 
28 10 9
95 114 113 88 91 
29 3 8
124 106 81 97 114 
30 1 1
111 80 111 98 84 
31 2 1
99 88 119 113 75 
32 2 5
77 118 119 97 107 
33 4 9
123 100 120 122 83 
34 2 3
124 116 107 113 123 
35 1 2
82 87 86 107 102 
36 9 1
102 86 91 104 79 
37 1 4
113 120 116 111 97 
38 9 7
105 114 83 107 107 
39 3 1
106 88 108 115 102 
40 8 5
79 82 119 108 93 
41 3 5
100 100 92 88 95 
42 2 3
118 124 115 100 116 
43 1 8
98 117 104 81 82 
44 4 10
109 87 98 115 94 
45 1 6
114 107 114 89 82 
46 10 1
105 95 109 100 96 
47 5 3
87 99 87 113 93 
48 2 5
101 81 120 87 93 
49 10 6
112 114 105 104 96 
50 3 4
106 108 100 88 78 
51 10 9
101 110 115 114 84 
52 5 10
103 121 98 81 79 
53 2 9
98 115 100 87 104 
54 9 2
77 105 112 110 88 
55 3 9
93 99 113 119 84 
56 2 6
96 110 89 124 106 
57 1 6
111 86 100 86 78 
58 2 4
109 86 92 111 116 
59 5 3
81 93 97 99 119 
60 2 1
81 119 83 102 104 
61 5 9
88 89 110 76 102 
62 3 3
107 90 112 91 101 
63 7 4
92 87 102 98 108 
64 2 10
102 89 97 110 83 
65 1 3
113 79 117 76 96 
66 8 5
75 115 93 108 80 
67 6 10
107 89 79 76 101 
68 2 8
84 110 101 114 124 
69 9 5
83 103 114 121 110 
70 2 10
81 86 78 83 78 
71 2 2
85 103 118 117 117 
72 8 7
96 106 98 105 91 
73 2 2
90 75 121 100 105 
74 8 4
92 93 97 100 106 
75 8 5
109 75 102 120 106 
76 1 10
98 95 112 121 78 
77 1 10
94 89 75 111 89 
78 7 5
121 108 112 91 79 
79 1 2
110 114 102 97 115 
80 6 8
96 102 83 121 124 
81 7 4
77 83 97 96 97 
82 3 1
113 96 99 112 81 
83 2 4
87 98 121 75 88 
84 5 3
80 106 116 101 83 
85 2 5
85 122 94 87 83 
86 2 7
105 91 121 94 114 
87 3 7
122 110 86 85 86 
88 8 3
99 106 111 106 87 
89 8 10
98 105 108 108 105 
90 4 6
113 121 108 93 89 
91 10 10
78 78 120 78 114 
92 7 6
75 91 102 101 122 
93 4 10
87 117 93 112 99 
94 2 3
79 79 94 117 78 
95 4 2
92 107 77 98 113 
96 9 7
104 81 116 106 97 
97 1 8
97 110 91 109 102 
98 7 4
76 112 120 83 119 
99 5 1
122 92 88 91 77 
100 7 10
115 91 92 96 99 
101 1 3
122 107 86 96 92 
102 10 8
121 90 105 123 77 
103 6 7
123 116 83 122 84 
104 3 5
88 113 80 80 81 
105 6 7
105 112 103 104 95 
106 10 1
112 95 82 109 110 
107 8 5
114 89 117 115 83 
108 1 8
92 97 78 107 87 
109 2 8
95 111 90 76 98 
110 4 1
120 109 106 108 81 
111 1 8
116 105 76 107 121 
112 4 3
79 120 85 98 95 
113 6 6
109 101 119 80 89 
114 10 7
115 79 113 110 115 
115 10 9
121 87 112 112 117 
116 1 1
113 110 119 118 106 
117 5 7
78 97 99 112 123 
118 9 3
90 103 75 80 107 
119 10 3
98 85 88 94 97 
120 3 10
89 118 106 80 105 
121 6 1
86 107 93 89 79 
122 3 5
77 86 121 94 116 
123 8 7
98 111 94 123 121 
124 5 1
94 111 104 110 104 
125 1 3
85 112 119 98 94 
126 4 1
98 82 119 103 95 
127 1 8
86 114 99 112 100 
128 6 8
99 104 82 120 90 
129 7 3
120 123 100 82 111 
130 2 1
80 109 95 106 119 
131 7 10
89 82 81 103 121 
132 3 8
99 102 79 75 81 
133 3 6
97 123 104 94 124 
134 7 7
110 103 83 117 89 
135 2 4
83 122 107 100 81 
136 2 4
80 98 95 106 78 
137 7 2
84 113 103 108 114 
138 8 5
113 89 107 100 119 
139 2 10
83 99 118 92 98 
140 8 3
105 95 122 112 121 
141 10 9
124 120 76 85 109 
142 2 5
100 113 123 90 79 
143 2 1
123 99 86 82 123 
144 5 7
98 109 95 78 79 
145 10 3
75 113 85 76 110 
146 4 3
96 119 83 121 108 
147 9 2
114 116 78 113 92 
148 6 8
92 96 98 116 80 
149 6 5
87 89 112 89 77 
150 10 7
114 90 105 86 84 
151 9 8
119 123 96 109 115 
152 7 5
82 116 96 100 90 
153 7 7
97 116 87 109 80 
154 2 10
84 78 92 123 93 
155 8 2
104 112 94 99 110 
156 3 1
102 93 111 110 87 
157 10 3
104 80 105 76 123 
158 5 7
80 123 112 91 78 
159 7 7
96 80 103 77 117 
160 10 9
104 116 113 82 86 
161 7 5
100 110 83 79 117 
162 9 7
117 109 119 122 107 
163 4 6
110 114 107 83 119 
164 1 4
113 86 116 92 79 
165 3 5
92 83 93 118 119 
166 7 10
113 91 82 106 76 
167 4 1
110 111 121 98 102 
168 9 4
96 115 121 84 76 
169 1 10
80 97 78 97 105 
170 5 8
101 75 94 90 94 
171 7 9
97 105 103 82 93 
172 5 3
121 79 93 94 119 
173 7 2
122 81 85 79 103 
174 4 10
86 112 121 114 115 
175 8 7
84 119 79 108 101 
176 4 1
119 84 100 117 89 
177 4 3
85 86 118 83 93 
178 4 5
123 93 118 86 83 
179 3 2
123 84 82 84 78 
180 5 3
106 124 109 101 83 
181 2 1
97 81 107 108 93 
182 8 4
111 105 82 109 76 
183 2 7
84 118 124 82 79 
184 9 9
83 97 85 116 96 
185 7 10
105 83 115 79 89 
186 3 10
107 77 109 93 109 
187 3 6
110 120 78 119 115 
188 5 4
119 87 96 79 112 
189 4 7
83 105 90 115 115 
190 6 8
79 105 111 112 107 
191 4 8
91 90 89 77 87 
192 10 9
77 98 79 121 113 
193 6 4
100 86 124 108 118 
194 5 7
108 97 100 112 77 
195 4 7
109 111 111 77 76 
196 3 7
90 97 80 92 122 
197 10 7
110 111 94 85 124 
198 1 7
117 109 97 100 81 
199 8 6
85 85 116 121 124 
200 10 10
75 107 82 93 79 
201 5 6
78 100 78 114 87 
202 5 10
88 119 120 81 106 
203 10 4
114 93 123 75 106 
204 3 7
105 96 122 107 78 
205 6 1
84 94 113 88 122 
206 2 5
86 93 80 99 87 
207 2 1
118 97 89 108 118 
208 5 4
99 81 106 81 103 
209 2 9
108 111 116 120 82 
210 10 1
79 97 89 90 115 
211 2 1
80 99 97 123 122 
212 9 4
117 78 93 91 84 
213 1 5
114 106 87 100 94 
214 6 3
101 111 107 108 84 
215 9 9
76 94 115 81 119 
216 6 8
118 78 115 110 81 
217 10 4
93 86 102 82 119 
218 2 5
90 122 81 118 108 
219 1 7
119 113 102 123 85 
220 10 5
81 109 88 124 113 
221 5 7
121 90 114 89 103 
222 7 5
99 84 83 114 81 
223 8 3
117 82 86 111 123 
224 9 7
83 82 116 89 119 
225 7 6
107 85 78 103 102 
226 3 4
82 85 94 106 94 
227 10 1
103 121 80 95 79 
228 7 9
77 79 120 87 88 
229 9 9
82 119 120 116 82 
230 9 1
109 115 90 119 77 
231 5 6
96 88 123 76 87 
232 4 2
91 94 107 95 100 
233 8 5
113 92 89 123 88 
234 10 10
95 84 86 82 124 
235 7 2
78 87 103 101 103 
236 7 9
115 104 124 83 75 
237 4 1
100 85 89 91 104 
238 1 5
118 114 80 88 123 
239 8 3
124 118 98 79 83 
240 3 1
111 105 83 103 85 
241 1 7
85 118 93 113 81 
242 5 5
110 89 93 105 80 
243 4 7
80 115 93 79 111 
244 5 1
119 123 115 107 103 
245 2 1
115 86 123 78 81 
246 7 2
87 75 120 75 91 
247 6 3
96 113 103 101 106 
248 10 3
94 118 117 90 118 
249 5 8
96 110 84 87 123 
250 10 6
80 100 81 94 102 
251 4 10
120 93 79 91 83 
252 3 5
114 106 101 85 101 
253 1 6
94 81 99 118 117 
254 6 8
117 119 97 122 96 
255 1 8
75 110 113 120 78 
256 3 2
86 102 82 78 85 
257 6 6
114 80 116 83 89 
258 8 2
83 78 83 75 124 
259 3 9
96 89 92 96 124 
260 8 8
77 75 105 91 104 
261 9 2
114 98 111 105 104 
262 10 10
120 122 117 78 77 
263 4 4
76 112 78 97 77 
264 1 5
78 103 88 83 105 
265 4 5
86 106 122 77 80 
266 4 4
111 88 97 106 87 
267 7 5
89 94 112 92 84 
268 2 1
86 88 111 89 116 
269 10 5
98 119 123 109 101 
270 8 8
106 106 95 94 121 
271 5 1
85 85 111 101 107 
272 6 4
116 93 110 79 107 
273 4 1
100 99 120 124 94 
274 6 6
120 118 99 103 101 
275 5 8
97 115 124 109 78 
276 6 1
112 85 80 103 104 
277 4 5
86 91 79 113 116 
278 10 10
87 122 100 84 115 
279 10 8
91 121 111 115 113 
280 6 5
116 97 111 103 107 
281 2 9
88 111 117 101 78 
282 10 6
121 75 79 83 122 
283 2 8
112 108 81 80 106 
284 3 6
94 104 96 86 76 
285 8 2
110 76 75 76 114 
286 5 8
117 118 119 113 119 
287 2 9
116 107 92 106 92 
288 4 7
123 92 107 93 121 
289 6 2
124 90 99 112 93 
290 5 9
82 96 90 75 89 
291 3 1
85 88 116 77 122 
292 9 4
90 109 96 88 76 
293 6 4
75 86 91 76 101 
294 2 9
119 92 103 78 113 
295 7 6
80 83 123 90 96 
296 10 10
93 124 79 108 108 
297 7 10
112 106 109 112 117 
298 4 1
95 121 106 91 90 
299 10 1
81 80 102 86 88 
300 6 9
109 91 123 78 91 
301 5 9
76 105 112 113 87 
302 5 8
81 102 93 104 100 
303 10 6
115 83 92 121 91 
304 6 10
104 97 113 89 114 
305 9 10
80 117 82 83 98 
306 8 8
112 98 101 120 77 
307 5 7
102 120 97 94 81 
308 2 7
97 113 100 76 86 
309 6 8
75 78 113 82 121 
310 7 6
96 120 89 85 95 
311 2 8
97 112 109 76 108 
312 9 1
116 124 111 88 113 
313 5 7
76 104 111 78 108 
314 5 1
106 97 102 79 94 
315 3 7
114 108 98 86 95 
316 8 5
80 92 110 121 94 
317 4 2
84 112 103 85 92 
318 7 4
77 115 100 108 88 
319 3 8
109 119 80 99 104 
320 9 8
77 113 77 82 80 
321 10 5
99 87 90 108 75 
322 6 6
94 86 83 96 79 
323 6 7
92 113 120 78 109 
324 1 8
89 103 92 91 93 
325 10 4
101 85 104 75 97 
326 8 7
97 117 108 118 81 
327 5 5
85 104 95 104 94 
328 6 3
79 90 87 95 121 
329 10 7
89 75 86 115 85 
330 4 4
107 115 106 82 109 
331 5 1
115 83 90 77 115 
332 8 2
84 78 91 88 95 
333 9 4
91 84 96 108 84 
334 6 4
94 103 93 78 95 
335 10 1
79 89 88 122 99 
336 1 2
89 92 108 99 97 
337 2 10
120 104 98 88 113 
338 7 7
124 106 97 93 84 
339 1 4
104 115 109 111 81 
340 10 6
107 104 111 122 123 
341 2 4
96 97 87 91 78 
342 8 10
118 109 103 117 90 
343 1 3
102 115 111 83 107 
344 3 5
113 96 106 96 77 
345 9 1
75 114 118 96 89 
346 8 10
92 122 96 86 106 
347 10 4
123 124 93 102 114 
348 5 7
97 101 107 87 124 
349 5 6
76 107 80 76 98 
350 9 6
112 83 89 80 80 
351 6 9
113 111 98 111 110 
352 2 5
102 120 77 76 98 
353 5 4
99 123 124 100 107 
354 5 10
81 80 79 118 90 
355 1 1
95 83 93 83 119 
356 3 7
107 110 87 84 106 
357 5 1
81 76 100 106 76 
358 5 9
109 106 112 117 113 
359 4 8
78 91 115 98 99 
360 9 4
95 77 106 77 115 
361 5 2
98 85 98 104 86 
362 10 3
88 100 96 124 81 
363 1 4
121 79 105 124 95 
364 1 5
121 106 84 91 110 
365 2 2
102 110 107 75 120 
366 9 1
84 84 119 99 109 
367 6 6
118 101 93 114 107 
368 1 2
79 98 90 75 81 
369 6 9
118 93 114 96 78 
370 5 2
75 107 78 86 116 
371 9 6
102 90 87 95 118 
372 1 3
100 108 78 106 81 
373 9 2
89 120 75 82 88 
374 10 9
93 88 77 96 122 
375 6 3
115 80 95 93 96 
376 3 9
89 90 75 117 123 
377 4 4
81 99 82 95 96 
378 10 10
112 75 83 82 91 
379 3 1
88 94 90 79 100 
380 6 5
123 94 87 89 109 
381 6 7
109 95 107 115 121 
382 2 3
95 75 117 82 75 
383 3 7
91 89 122 107 108 
384 3 9
85 124 87 85 93 
385 7 6
80 116 108 114 89 
386 6 3
85 83 121 105 83 
387 9 10
86 115 81 102 81 
388 6 2
117 92 124 79 91 
389 4 6
111 115 115 116 106 
390 4 4
120 116 92 83 124 
391 4 9
85 77 105 96 119 
392 7 9
76 116 87 120 85 
393 2 10
103 102 89 89 92 
394 5 9
123 105 116 121 96 
395 1 7
97 98 121 107 102 
396 7 4
99 89 79 100 82 
397 7 1
92 104 94 120 81 
398 7 1
98 115 93 99 95 
399 2 3
118 96 105 93 121 
400 7 1
101 78 81 75 94 
401 3 6
102 103 122 119 84 
402 9 3
93 79 77 118 122 
403 3 10
94 110 118 90 83 
404 4 4
79 75 110 105 80 
405 4 1
99 80 82 76 110 
406 7 9
120 102 115 90 106 
407 5 1
105 93 105 75 78 
408 4 6
86 124 75 92 124 
409 6 1
81 106 107 107 111 
410 1 7
97 123 109 94 100 
411 7 5
84 95 119 114 115 
412 7 2
118 77 83 81 76 
413 9 6
77 121 100 83 102 
414 9 3
88 75 103 112 75 
415 3 7
101 115 117 112 85 
416 8 9
77 90 95 122 92 
417 9 4
93 114 104 97 112 
418 7 1
89 89 98 104 91 
419 2 8
92 91 100 120 81 
420 9 3
94 82 85 96 97 
421 3 10
115 86 99 85 77 
422 6 4
114 87 90 80 103 
423 1 5
122 119 78 89 87 
424 10 2
93 122 118 114 81 
425 6 4
103 113 107 95 76 
426 9 4
78 91 93 119 103 
427 4 10
83 101 110 82 97 
428 10 4
109 93 109 79 92 
429 10 5
100 110 82 78 98 
430 2 7
101 76 86 106 92 
431 10 6
122 89 101 83 115 
432 2 6
87 75 114 121 95 
433 6 4
114 80 122 89 115 
434 7 1
90 122 123 116 123 
435 10 5
93 113 124 90 77 
436 8 4
120 113 116 84 116 
437 1 9
86 80 86 78 87 
438 9 10
77 89 114 94 88 
439 8 1
88 121 109 106 109 
440 6 10
114 87 97 109 78 
441 4 4
119 120 76 82 78 
442 5 1
90 97 105 95 113 
443 2 10
76 84 75 92 82 
444 7 9
119 99 122 108 113 
445 3 10
116 110 89 110 108 
446 9 4
111 107 80 78 82 
447 8 4
120 84 88 124 95 
448 6 7
102 76 91 96 102 
449 5 7
91 113 100 82 100 
450 3 6
83 87 115 121 119 
451 6 1
78 110 98 124 119 
452 7 9
89 76 91 116 80 
453 3 6
109 121 96 75 111 
454 10 1
87 118 82 95 80 
455 8 10
76 119 94 80 104 
456 3 7
100 106 81 114 109 
457 3 4
116 79 123 101 78 
458 2 7
114 97 113 76 90 
459 6 5
97 119 118 99 116 
460 5 2
95 83 112 123 114 
461 4 10
101 92 97 92 96 
462 3 6
101 121 99 91 93 
463 3 10
109 85 120 83 79 
464 1 3
122 79 90 95 88 
465 3 9
79 122 82 105 89 
466 3 1
113 79 120 89 77 
467 10 3
96 109 79 82 119 
468 10 6
75 115 75 75 119 
469 6 1
84 95 113 89 92 
470 8 7
109 104 123 97 111 
471 7 9
113 90 96 84 76 
472 6 9
122 101 111 75 91 
473 7 1
88 76 95 97 96 
474 1 9
116 82 110 100 114 
475 6 10
100 106 114 88 124 
476 3 6
75 114 118 123 91 
477 2 1
109 92 77 122 96 
478 3 3
119 109 85 110 118 
479 8 3
107 108 88 82 89 
480 6 4
88 92 75 89 82 
481 6 5
98 102 91 82 119 
482 9 8
92 117 104 87 101 
483 2 10
96 114 89 79 99 
484 10 4
113 109 113 77 77 
485 9 9
84 109 109 109 86 
486 1 4
82 93 77 100 87 
487 4 10
113 100 113 86 91 
488 5 6
115 109 106 103 95 
489 10 3
97 85 77 108 119 
490 7 10
82 113 90 89 83 
491 8 2
95 76 105 85 103 
492 2 3
121 102 114 111 86 
493 3 7
107 119 76 81 79 
494 4 3
75 117 86 82 107 
495 9 4
116 121 90 88 124 
496 8 7
104 93 75 100 121 
497 10 2
84 89 104 118 83 
498 1 3
89 111 119 89 103 
499 8 2
85 111 121 78 109 

