500 5 24861
0 47 86
98 90 95 90 102 
1 77 2
94 108 94 103 109 
2 3 42
94 105 91 105 105 
3 43 39
108 103 97 95 107 
4 69 99
104 104 106 104 96 
5 62 16
108 100 98 104 98 
6 93 88
98 97 91 102 92 
7 83 100
99 94 107 98 107 
8 37 86
96 94 105 91 101 
9 72 68
107 103 92 98 93 
10 51 3
93 105 100 101 92 
11 72 16
106 103 96 96 107 
12 5 7
96 90 101 103 107 
13 27 7
98 108 103 95 93 
14 57 6
96 108 98 99 103 
15 99 94
97 91 90 106 104 
16 28 23
93 93 90 91 93 
17 72 95
102 99 102 90 97 
18 27 39
100 104 93 98 94 
19 52 71
108 91 105 95 92 
20 28 14
98 104 105 93 99 
21 16 86
103 108 101 107 98 
22 85 79
97 92 98 100 98 
23 12 11
102 105 102 100 98 
24 48 89
93 97 91 93 103 
25 90 48
93 106 94 98 97 
26 16 26
105 101 93 104 103 
27 72 45
103 105 97 96 100 
28 40 49
100 109 98 103 96 
29 43 58
109 101 106 92 109 
30 41 11
96 105 106 103 109 
31 92 1
94 93 94 108 100 
32 52 45
102 93 94 92 92 
33 34 89
98 105 95 97 108 
34 2 23
99 91 102 98 98 
35 21 62
97 102 91 102 97 
36 59 71
107 91 96 99 94 
37 11 4
108 105 101 96 92 
38 89 87
90 99 98 92 92 
39 93 71
101 103 93 100 107 
40 98 75
94 97 94 103 98 
41 63 15
95 95 107 93 90 
42 62 3
93 99 90 105 101 
43 1 58
103 102 109 106 107 
44 64 100
104 102 103 100 109 
45 71 76
109 102 99 94 107 
46 60 81
100 90 104 95 91 
47 75 53
102 104 92 108 108 
48 42 95
106 106 95 92 98 
49 20 6
97 99 90 109 91 
50 23 44
101 103 105 103 103 
51 10 39
96 105 100 109 99 
52 5 30
98 96 93 106 104 
53 22 19
93 90 105 92 99 
54 9 42
92 100 107 95 93 
55 13 99
98 104 98 104 99 
56 32 86
101 105 104 109 91 
57 91 56
106 101 95 101 93 
58 2 74
94 91 97 96 101 
59 5 73
96 98 92 104 104 
60 12 21
106 104 108 97 99 
61 25 79
93 104 95 101 107 
62 63 63
102 105 97 106 106 
63 7 4
97 92 97 103 93 
64 2 100
107 94 102 95 108 
65 31 13
98 104 92 101 91 
66 28 55
100 100 98 93 95 
67 56 100
92 104 104 91 106 
68 82 28
109 105 96 99 109 
69 99 75
108 98 109 96 105 
70 82 50
106 91 93 108 93 
71 72 42
90 108 103 92 102 
72 48 97
91 91 93 90 106 
73 2 22
105 90 106 95 90 
74 88 24
97 98 102 105 91 
75 28 35
94 100 97 95 91 
76 21 40
103 90 97 96 103 
77 11 80
99 94 90 106 94 
78 97 15
106 93 107 106 94 
79 11 92
95 99 107 92 90 
80 6 68
91 107 108 96 99 
81 47 94
92 98 102 101 102 
82 73 61
98 91 104 107 106 
83 12 54
102 103 106 100 93 
84 75 73
105 101 101 106 98 
85 2 75
100 97 109 102 98 
86 92 37
90 106 106 99 99 
87 23 7
107 95 101 100 101 
88 8 13
104 91 106 91 102 
89 28 10
103 90 93 93 90 
90 4 96
98 96 93 98 104 
91 80 90
93 103 105 103 109 
92 7 16
100 96 97 106 97 
93 64 10
102 92 108 107 104 
94 2 73
104 94 109 92 93 
95 4 12
107 92 102 103 98 
96 49 27
109 96 91 91 102 
97 21 58
102 105 96 94 107 
98 37 74
101 107 95 108 104 
99 65 1
107 97 93 96 92 
100 17 40
100 106 107 91 104 
101 11 3
97 92 101 101 107 
102 30 8
96 95 90 108 92 
103 26 57
98 91 98 107 99 
104 73 65
93 98 105 95 106 
105 26 27
100 97 98 99 100 
106 40 1
97 90 97 104 95 
107 88 85
109 94 102 90 108 
108 1 38
97 102 103 92 102 
109 62 88
90 96 95 101 103 
110 94 81
105 94 91 93 106 
111 41 18
91 90 91 102 106 
112 94 73
104 95 100 103 100 
113 16 56
104 106 104 105 104 
114 60 7
90 94 108 105 90 
115 20 19
106 102 97 107 102 
116 41 71
98 95 104 93 101 
117 5 17
103 102 94 97 98 
118 19 43
105 108 90 105 92 
119 40 43
93 100 103 109 92 
120 53 10
104 103 101 105 100 
121 26 51
91 92 108 104 104 
122 43 55
92 91 106 99 101 
123 98 77
103 106 109 98 96 
124 85 21
99 106 99 105 99 
125 61 43
90 107 94 103 109 
126 64 41
103 107 104 98 100 
127 91 98
91 109 104 97 105 
128 46 88
104 99 97 105 95 
129 37 83
105 98 95 97 96 
130 22 81
95 94 90 101 104 
131 67 60
94 107 106 108 106 
132 83 18
94 97 94 100 106 
133 13 46
92 98 109 99 99 
134 57 77
105 108 98 102 104 
135 82 24
98 97 92 95 106 
136 92 4
95 103 90 91 103 
137 77 32
99 98 98 93 99 
138 8 5
108 94 102 95 104 
139 42 70
98 104 103 107 103 
140 28 43
100 100 107 97 106 
141 70 69
99 95 101 100 104 
142 32 95
105 108 108 95 104 
143 32 91
98 94 101 107 108 
144 5 27
93 94 90 103 104 
145 70 93
100 108 90 101 105 
146 64 63
91 104 98 106 103 
147 59 62
109 91 93 98 107 
148 16 98
97 101 93 101 105 
149 96 45
92 94 107 94 92 
150 50 17
99 95 100 101 109 
151 39 8
94 98 91 94 100 
152 77 25
97 101 91 105 105 
153 97 67
92 101 92 94 105 
154 52 50
99 103 107 108 108 
155 48 62
99 107 99 104 95 
156 43 11
97 108 96 105 92 
157 60 63
99 105 90 101 108 
158 95 37
95 108 107 96 93 
159 7 17
91 95 108 92 92 
160 100 29
109 91 108 97 101 
161 77 95
95 105 98 104 92 
162 89 7
102 104 104 107 102 
163 84 16
105 99 102 98 104 
164 11 64
98 91 101 97 104 
165 83 75
107 108 98 93 104 
166 77 50
98 106 97 91 101 
167 54 31
105 106 96 93 107 
168 79 84
101 90 96 109 91 
169 91 80
105 102 103 102 100 
170 75 68
106 100 99 95 109 
171 77 99
92 100 98 107 108 
172 75 33
106 94 98 109 94 
173 67 32
107 106 100 94 98 
174 64 30
101 107 106 109 90 
175 18 57
109 104 104 103 106 
176 84 91
104 99 105 92 104 
177 44 63
100 91 103 98 108 
178 4 65
108 108 103 91 98 
179 43 2
98 109 107 109 103 
180 65 93
91 109 104 106 98 
181 62 71
92 106 102 103 108 
182 78 94
106 90 107 104 101 
183 52 97
109 103 99 97 94 
184 59 19
108 92 100 101 91 
185 97 20
100 108 100 94 104 
186 23 90
102 102 104 98 94 
187 93 56
105 105 93 104 90 
188 5 54
94 92 101 104 107 
189 34 47
108 100 95 90 90 
190 56 98
104 100 96 97 92 
191 74 8
96 95 104 92 102 
192 70 49
102 103 104 106 98 
193 26 4
95 101 99 93 103 
194 15 77
103 92 95 97 102 
195 64 27
104 106 96 102 91 
196 53 7
95 92 105 107 97 
197 10 67
105 96 99 90 99 
198 71 97
92 94 102 105 96 
199 98 16
100 90 91 106 99 
200 80 50
100 102 97 98 104 
201 15 86
103 105 93 99 92 
202 25 50
93 104 95 96 101 
203 70 34
99 108 98 90 101 
204 43 97
90 91 107 92 103 
205 6 51
109 109 98 103 97 
206 92 55
91 98 105 94 92 
207 2 31
103 92 94 93 103 
208 65 84
94 96 101 106 98 
209 82 39
103 96 91 95 107 
210 30 11
94 102 94 95 90 
211 72 91
105 94 102 98 97 
212 89 84
102 103 108 106 109 
213 51 25
109 101 92 95 99 
214 56 23
96 106 102 93 99 
215 49 49
91 109 100 106 94 
216 16 58
93 93 90 105 106 
217 60 4
98 91 97 97 94 
218 42 85
95 107 96 93 103 
219 91 27
104 108 97 98 100 
220 70 5
96 94 103 99 98 
221 55 37
106 95 109 94 108 
222 67 25
104 109 98 109 106 
223 68 83
92 107 91 106 98 
224 89 37
108 107 91 94 104 
225 7 66
92 90 103 108 107 
226 93 44
97 100 109 91 99 
227 80 21
108 96 105 90 94 
228 17 9
102 94 95 92 103 
229 39 79
97 94 105 91 107 
230 49 21
104 90 105 104 92 
231 35 76
101 103 98 91 102 
232 4 22
106 109 92 90 105 
233 28 35
98 107 94 98 103 
234 60 90
100 109 91 107 109 
235 77 52
103 92 108 106 98 
236 27 79
90 99 109 98 90 
237 34 81
105 90 104 106 99 
238 31 65
93 99 95 103 98 
239 68 23
109 93 103 94 108 
240 53 81
96 100 108 108 90 
241 11 87
90 93 108 98 106 
242 85 5
95 104 98 90 105 
243 74 47
105 90 98 104 106 
244 95 11
104 108 100 102 98 
245 2 11
90 101 98 103 96 
246 67 42
92 100 95 90 106 
247 66 33
101 108 108 96 101 
248 100 33
109 103 92 95 93 
249 85 98
101 95 109 102 98 
250 60 66
105 95 96 99 97 
251 4 70
105 98 104 96 108 
252 33 45
99 101 106 90 106 
253 71 26
109 96 104 93 102 
254 86 8
102 94 102 97 91 
255 31 18
90 95 108 105 103 
256 93 62
101 107 107 103 90 
257 86 66
99 105 101 98 104 
258 18 52
108 93 108 100 109 
259 83 99
91 94 97 91 99 
260 58 18
92 100 100 96 109 
261 89 72
109 103 106 90 99 
262 80 90
105 107 102 103 102 
263 4 4
101 107 103 102 92 
264 21 95
93 108 93 108 90 
265 94 25
101 91 97 92 105 
266 84 84
106 93 102 101 102 
267 17 85
94 109 97 97 99 
268 42 41
101 103 96 104 101 
269 50 25
93 104 98 104 106 
270 48 38
101 101 90 109 96 
271 45 51
100 90 96 96 102 
272 26 94
91 108 95 94 102 
273 24 71
105 94 105 109 109 
274 96 86
105 93 104 108 96 
275 95 98
102 100 109 104 93 
276 86 61
97 100 95 98 99 
277 44 85
91 96 104 98 101 
278 50 40
92 107 95 99 90 
279 100 88
96 96 106 100 98 
280 36 25
101 102 106 108 92 
281 42 59
93 106 92 106 93 
282 50 66
96 100 94 98 97 
283 82 18
97 103 106 95 101 
284 93 96
109 109 101 101 101 
285 8 42
95 91 90 91 99 
286 95 78
102 93 104 108 104 
287 52 99
91 102 97 91 107 
288 24 87
98 97 92 98 96 
289 6 32
99 95 94 97 108 
290 25 89
97 101 95 90 104 
291 13 91
90 93 91 92 97 
292 9 84
95 94 91 103 101 
293 56 34
100 91 106 101 96 
294 42 39
94 107 108 93 98 
295 97 56
105 98 108 105 101 
296 40 70
108 109 94 93 93 
297 27 50
97 91 104 107 92 
298 4 41
90 106 101 106 95 
299 10 21
96 95 97 91 103 
300 26 29
94 106 108 93 106 
301 55 39
101 90 97 108 92 
302 75 28
106 107 98 99 95 
303 100 46
100 98 107 106 96 
304 46 10
109 92 108 94 109 
305 89 20
105 92 107 108 93 
306 98 98
107 93 106 95 102 
307 45 27
107 105 102 109 106 
308 42 17
92 108 95 91 91 
309 16 18
90 93 98 97 96 
310 47 66
91 105 104 100 100 
311 92 8
92 97 104 101 93 
312 59 71
101 109 96 103 108 
313 65 67
101 109 106 93 93 
314 25 11
91 92 97 104 99 
315 43 17
109 103 93 91 90 
316 58 65
105 97 105 96 109 
317 74 12
99 107 108 90 107 
318 67 64
102 100 95 103 103 
319 53 88
104 104 105 104 109 
320 79 88
102 98 102 97 105 
321 40 55
104 102 95 93 100 
322 96 96
109 91 108 101 94 
323 36 57
107 98 105 93 104 
324 51 78
104 98 107 96 98 
325 70 74
106 90 109 100 102 
326 98 87
92 102 103 103 96 
327 45 65
100 109 90 109 109 
328 16 83
104 95 102 90 96 
329 30 87
104 100 101 100 100 
330 44 94
92 90 101 107 94 
331 65 51
100 98 105 102 90 
332 88 32
109 93 96 103 90 
333 79 34
96 109 101 103 99 
334 36 24
109 108 98 103 100 
335 100 11
104 94 103 107 94 
336 81 2
94 97 103 94 92 
337 52 90
105 99 93 103 98 
338 47 47
99 91 92 98 109 
339 91 74
99 100 94 106 96 
340 50 86
92 99 96 97 98 
341 72 24
101 92 102 96 93 
342 88 80
93 104 108 102 105 
343 1 13
97 100 96 98 102 
344 23 45
108 101 91 91 102 
345 69 21
90 109 93 101 104 
346 8 90
107 97 91 91 91 
347 100 54
98 109 108 97 99 
348 5 37
92 96 102 102 99 
349 15 86
91 92 95 91 103 
350 49 26
97 98 104 95 105 
351 36 19
98 96 93 106 95 
352 42 65
97 95 102 91 93 
353 85 14
94 108 109 95 102 
354 5 80
96 95 94 103 95 
355 71 51
90 108 98 98 94 
356 93 97
92 95 102 99 101 
357 65 11
96 91 105 101 101 
358 75 9
94 101 97 92 98 
359 44 88
103 96 100 103 94 
360 59 34
90 92 91 92 90 
361 95 12
93 100 103 99 101 
362 50 13
93 105 91 109 96 
363 61 94
96 94 90 109 100 
364 71 25
96 91 99 96 105 
365 92 22
97 95 102 100 105 
366 59 81
109 109 94 104 104 
367 66 26
103 96 108 109 92 
368 51 92
94 103 105 100 96 
369 26 69
103 98 99 91 103 
370 75 72
90 102 93 101 101 
371 49 86
107 95 92 100 93 
372 81 63
95 93 103 91 106 
373 69 32
104 95 90 97 103 
374 90 29
108 93 102 101 97 
375 56 83
100 105 90 98 91 
376 83 39
94 105 90 92 108 
377 54 24
96 104 97 90 101 
378 60 80
107 90 98 97 106 
379 13 31
93 109 95 104 105 
380 86 75
98 109 102 94 104 
381 66 7
94 100 92 100 106 
382 42 63
90 90 92 107 90 
383 3 17
106 104 97 102 103 
384 13 39
90 99 102 90 98 
385 77 26
105 91 93 109 94 
386 66 83
90 108 106 90 108 
387 39 90
101 90 96 97 96 
388 6 12
102 107 99 94 96 
389 14 66
96 100 100 91 101 
390 74 34
105 101 97 98 99 
391 64 89
90 92 100 101 104 
392 37 99
91 91 92 95 100 
393 12 50
98 107 104 104 97 
394 5 9
108 100 91 96 91 
395 61 7
92 93 96 92 107 
396 77 54
94 94 94 95 107 
397 67 71
97 99 109 105 96 
398 87 11
103 100 108 94 90 
399 12 23
103 101 90 98 96 
400 27 51
106 93 106 90 109 
401 13 26
107 108 97 94 109 
402 19 93
108 94 92 93 97 
403 73 20
109 105 103 95 108 
404 74 34
94 90 105 90 105 
405 44 81
104 105 107 101 95 
406 57 49
95 97 90 105 101 
407 95 11
100 108 100 100 103 
408 24 16
101 99 90 97 99 
409 36 1
106 101 102 92 96 
410 91 87
102 108 104 99 95 
411 27 85
99 90 104 109 100 
412 77 42
93 102 98 96 91 
413 9 26
92 106 95 108 97 
414 59 93
103 90 108 107 100 
415 13 7
106 100 92 107 100 
416 38 29
102 95 100 97 107 
417 79 54
108 109 109 102 97 
418 57 31
104 104 93 109 96 
419 2 18
107 96 105 95 106 
420 19 83
109 97 100 101 102 
421 33 20
100 101 94 90 92 
422 56 34
99 102 105 105 108 
423 91 35
107 94 93 104 92 
424 80 12
108 107 103 99 106 
425 56 14
98 98 102 100 101 
426 9 84
103 106 98 104 98 
427 84 50
108 96 105 97 92 
428 40 74
94 108 94 104 97 
429 30 45
105 95 107 93 103 
430 42 27
106 91 91 91 107 
431 30 76
107 94 106 98 100 
432 12 16
102 100 99 106 90 
433 26 4
109 105 97 104 90 
434 57 71
95 107 98 91 108 
435 10 75
98 108 99 95 92 
436 78 74
95 98 91 99 101 
437 31 59
101 105 91 93 92 
438 9 70
92 94 109 109 103 
439 88 61
93 106 104 101 104 
440 36 50
99 102 92 104 103 
441 64 44
94 95 91 97 103 
442 15 11
105 92 90 100 108 
443 72 90
101 109 100 97 97 
444 37 99
104 94 97 93 98 
445 23 70
91 95 94 95 93 
446 19 94
106 102 105 93 97 
447 88 74
95 109 93 99 100 
448 66 17
107 91 96 101 107 
449 15 7
96 98 105 97 95 
450 93 46
98 92 100 106 104 
451 46 1
103 95 103 109 94 
452 37 49
104 91 106 101 105 
453 83 16
94 106 91 100 106 
454 50 11
92 103 97 100 105 
455 98 20
91 104 109 105 109 
456 93 7
105 91 96 99 104 
457 23 34
91 94 98 96 103 
458 22 77
99 92 108 101 105 
459 46 75
92 104 103 94 91 
460 65 32
90 98 107 98 99 
461 44 90
106 107 92 107 91 
462 23 96
96 106 94 106 108 
463 63 20
104 90 95 98 104 
464 91 33
97 104 105 90 93 
465 53 69
94 97 107 90 94 
466 33 51
108 104 95 94 92 
467 70 33
91 94 94 97 94 
468 50 16
100 90 90 100 104 
469 16 71
99 90 108 104 97 
470 48 47
94 109 98 92 96 
471 47 39
98 105 101 99 101 
472 76 69
97 106 106 100 106 
473 37 1
93 101 100 102 101 
474 61 39
101 97 95 105 109 
475 86 50
95 101 109 103 109 
476 63 76
100 99 93 108 96 
477 32 1
104 97 102 107 101 
478 23 23
104 104 90 95 103 
479 98 13
102 93 103 107 104 
480 6 24
103 97 100 94 107 
481 46 15
93 107 96 107 94 
482 19 8
97 102 99 92 96 
483 42 100
101 109 94 94 104 
484 30 14
98 104 98 92 92 
485 39 19
109 94 94 104 91 
486 51 44
107 98 92 95 102 
487 84 40
108 95 108 91 106 
488 55 66
100 94 101 108 100 
489 20 33
102 100 92 93 104 
490 87 70
97 98 95 94 98 
491 68 42
90 101 90 100 98 
492 72 73
106 107 99 96 91 
493 73 17
102 94 91 106 104 
494 4 93
90 92 91 97 92 
495 79 24
101 96 95 93 99 
496 98 27
99 98 100 95 96 
497 40 12
109 94 109 93 98 
498 81 53
104 106 94 104 108 
499 58 22
90 106 106 93 104 

