500 5 24928
0 91 20
98 105 91 108 94 
1 78 46
97 92 109 99 103 
2 38 50
104 103 97 100 92 
3 73 70
105 97 101 100 100 
4 97 64
103 96 92 92 91 
5 97 53
107 103 107 107 97 
6 29 7
90 95 106 104 100 
7 76 45
95 109 96 90 96 
8 10 24
98 95 96 92 93 
9 22 17
106 107 98 96 100 
10 18 44
100 95 99 100 92 
11 58 38
94 95 103 99 94 
12 100 63
93 90 107 101 107 
13 24 66
90 106 91 99 95 
14 2 56
98 108 108 108 105 
15 100 89
107 99 107 92 96 
16 12 84
92 92 107 95 93 
17 35 90
102 100 104 95 96 
18 89 75
102 91 91 102 90 
19 32 51
105 100 100 95 101 
20 69 88
107 109 92 102 91 
21 21 10
106 96 108 99 106 
22 6 67
105 95 90 109 96 
23 22 32
108 102 91 96 104 
24 24 32
108 101 100 97 92 
25 93 40
106 94 99 94 101 
26 100 46
109 106 101 104 91 
27 52 14
90 94 106 108 98 
28 30 17
93 103 97 91 94 
29 70 9
109 104 90 105 108 
30 50 20
91 90 95 91 107 
31 77 8
100 90 103 100 106 
32 70 42
95 109 107 98 94 
33 58 42
98 96 91 109 90 
34 2 55
101 92 96 102 93 
35 44 66
102 109 95 92 101 
36 99 74
98 109 96 103 108 
37 24 94
92 102 96 93 109 
38 88 43
101 91 99 104 105 
39 76 100
100 108 94 92 99 
40 90 86
103 109 100 91 109 
41 77 47
99 101 101 102 94 
42 78 28
105 94 91 96 107 
43 71 22
95 107 90 105 105 
44 37 19
107 108 105 100 107 
45 18 52
106 95 99 96 106 
46 41 11
90 107 99 105 103 
47 11 75
93 103 97 98 100 
48 20 4
108 105 103 105 95 
49 81 6
93 99 98 101 104 
50 10 90
101 99 101 93 108 
51 93 52
93 93 107 96 98 
52 25 47
108 93 92 106 100 
53 76 24
106 98 90 101 99 
54 89 75
94 107 106 97 108 
55 68 23
98 102 103 102 105 
56 51 71
105 96 107 103 99 
57 72 43
102 108 107 98 96 
58 99 52
106 96 107 102 106 
59 94 20
96 103 91 105 95 
60 68 80
102 99 91 97 106 
61 19 21
107 99 104 91 98 
62 33 2
96 92 102 104 90 
63 31 87
106 105 107 105 98 
64 52 3
103 108 91 107 109 
65 83 5
97 103 107 107 104 
66 92 99
104 105 90 103 107 
67 5 48
100 104 96 96 92 
68 96 34
100 96 105 106 106 
69 69 74
106 93 108 105 98 
70 8 53
104 100 101 91 96 
71 4 75
105 97 103 95 104 
72 12 5
106 97 99 108 103 
73 78 75
92 107 90 108 102 
74 79 26
90 95 108 97 97 
75 82 9
95 94 104 91 93 
76 60 19
107 101 104 95 100 
77 17 5
105 103 108 107 100 
78 79 88
93 98 103 105 95 
79 92 23
103 94 92 108 90 
80 17 52
93 106 92 103 109 
81 49 39
99 94 92 94 107 
82 22 75
90 101 91 105 102 
83 75 51
107 107 95 92 103 
84 60 94
103 106 94 107 94 
85 19 51
105 97 98 106 101 
86 84 53
91 106 96 91 97 
87 89 37
109 104 108 99 102 
88 16 24
95 105 106 101 93 
89 14 41
109 101 100 104 108 
90 31 3
100 103 104 101 99 
91 82 65
99 91 102 90 105 
92 91 82
109 108 95 107 103 
93 22 81
98 104 90 97 96 
94 11 14
106 102 105 96 108 
95 70 70
109 92 103 90 93 
96 86 62
101 98 92 92 96 
97 48 32
101 91 101 109 97 
98 84 7
95 95 109 92 108 
99 35 41
98 105 100 97 108 
100 96 41
103 91 91 106 91 
101 96 32
97 105 104 108 106 
102 79 30
105 91 97 91 97 
103 59 44
107 94 93 95 109 
104 46 25
99 91 94 105 104 
105 66 44
105 103 104 104 98 
106 90 5
106 109 103 101 90 
107 21 53
97 108 97 94 92 
108 84 82
103 98 96 93 91 
109 71 31
105 98 103 92 103 
110 49 17
91 99 90 107 98 
111 6 41
90 107 95 98 105 
112 93 65
99 105 96 105 106 
113 5 39
99 96 90 107 96 
114 94 60
109 91 98 102 92 
115 1 70
92 96 92 93 93 
116 8 64
101 109 97 102 97 
117 26 28
105 99 107 94 98 
118 38 42
104 93 103 104 94 
119 82 27
109 91 98 91 109 
120 11 85
105 99 97 108 98 
121 28 43
97 102 100 104 104 
122 40 100
92 99 102 98 102 
123 46 63
98 108 91 109 102 
124 42 2
101 93 107 108 102 
125 38 97
102 94 109 90 98 
126 62 75
92 102 95 106 91 
127 19 66
95 105 109 96 104 
128 73 86
96 103 108 99 106 
129 77 89
98 103 94 103 99 
130 76 26
107 106 101 102 99 
131 78 49
92 97 95 90 104 
132 98 7
90 99 93 96 93 
133 83 29
101 100 98 102 105 
134 5 26
94 90 100 91 98 
135 2 6
107 100 96 102 99 
136 72 53
94 90 100 94 100 
137 54 24
95 97 101 106 107 
138 20 69
102 93 95 106 105 
139 96 31
94 99 97 103 109 
140 94 66
99 107 107 95 107 
141 28 10
97 91 102 94 98 
142 36 82
108 104 91 100 100 
143 48 20
107 104 91 91 105 
144 89 96
105 104 90 106 101 
145 31 42
90 107 92 90 100 
146 36 25
101 100 107 91 107 
147 60 24
109 108 104 106 94 
148 96 59
90 106 95 97 92 
149 18 16
103 97 98 103 107 
150 11 86
109 95 100 92 98 
151 68 44
95 108 97 94 98 
152 14 53
103 99 92 95 107 
153 68 73
109 95 109 94 94 
154 48 10
103 107 105 103 105 
155 58 56
93 106 101 98 105 
156 71 25
105 93 98 90 94 
157 92 86
103 100 99 102 97 
158 49 9
102 97 108 95 95 
159 66 71
90 92 108 93 108 
160 30 4
95 101 109 91 96 
161 8 94
101 100 109 94 91 
162 41 90
98 91 107 102 98 
163 68 19
103 102 90 95 96 
164 19 41
107 109 93 92 100 
165 75 16
107 104 91 90 94 
166 93 97
107 102 95 96 103 
167 36 99
104 104 98 109 109 
168 10 66
95 97 95 104 109 
169 2 70
91 105 106 100 91 
170 98 91
108 99 97 105 92 
171 25 2
97 101 102 103 96 
172 21 74
95 91 108 92 91 
173 96 10
90 106 108 91 94 
174 15 93
95 102 104 93 103 
175 74 32
105 100 94 105 91 
176 37 89
109 99 103 106 92 
177 52 40
93 97 98 93 105 
178 79 18
109 102 91 107 106 
179 96 93
100 91 93 107 101 
180 9 13
94 106 103 94 107 
181 67 1
90 100 101 93 99 
182 40 100
94 107 98 106 92 
183 30 94
108 106 107 98 99 
184 62 67
90 91 100 95 99 
185 36 70
97 104 99 109 94 
186 62 35
103 102 95 99 92 
187 54 46
94 104 100 104 93 
188 29 84
102 91 91 103 104 
189 84 91
105 109 109 92 103 
190 81 94
107 103 98 92 108 
191 14 4
102 109 99 98 103 
192 92 63
106 101 107 91 94 
193 99 15
108 92 106 96 103 
194 68 29
96 109 104 105 95 
195 3 70
93 97 102 105 96 
196 74 76
102 107 107 90 98 
197 36 42
103 95 97 93 109 
198 64 50
102 92 100 108 92 
199 57 26
97 108 104 100 107 
200 20 38
106 94 102 98 91 
201 2 21
100 106 104 105 104 
202 22 91
103 107 102 96 109 
203 75 17
103 100 104 90 90 
204 41 3
107 109 101 103 94 
205 56 94
95 107 104 97 95 
206 81 75
109 91 95 95 100 
207 10 32
92 93 109 97 95 
208 46 49
95 96 92 92 95 
209 95 9
91 99 91 109 96 
210 68 39
102 97 103 93 91 
211 31 89
93 109 101 107 104 
212 24 26
109 98 95 106 104 
213 28 19
102 91 108 103 101 
214 33 25
99 101 93 91 109 
215 29 58
102 108 95 97 99 
216 70 6
105 102 92 104 90 
217 8 11
105 104 90 97 106 
218 12 73
109 93 107 98 104 
219 13 43
95 90 109 99 100 
220 97 98
109 95 104 104 107 
221 37 41
108 105 92 103 99 
222 35 53
95 95 106 106 90 
223 26 26
105 107 97 102 99 
224 67 35
109 92 93 108 98 
225 90 5
95 107 94 105 102 
226 47 41
91 91 102 109 96 
227 22 56
97 96 90 104 106 
228 100 39
95 95 94 95 90 
229 8 24
90 106 98 107 103 
230 25 54
95 101 103 109 102 
231 39 91
100 109 95 99 107 
232 79 56
103 107 96 109 93 
233 71 5
105 100 109 105 96 
234 60 33
102 94 95 99 97 
235 32 1
101 91 100 91 90 
236 37 44
107 104 100 101 93 
237 97 43
108 97 96 103 107 
238 78 1
105 99 103 109 103 
239 71 82
90 103 91 93 104 
240 73 37
104 90 109 94 96 
241 31 28
99 108 91 90 107 
242 20 74
96 106 104 104 95 
243 60 54
100 91 96 92 105 
244 69 86
99 102 92 106 94 
245 54 13
92 105 101 93 104 
246 13 64
101 101 99 100 109 
247 16 85
107 104 99 97 97 
248 77 71
92 106 97 94 98 
249 30 73
94 105 94 96 100 
250 28 30
106 109 95 90 92 
251 35 11
91 99 104 108 105 
252 84 99
92 109 90 95 97 
253 28 82
105 99 103 101 94 
254 90 70
104 106 109 93 97 
255 97 4
99 100 103 92 101 
256 8 2
96 92 101 98 104 
257 72 66
91 108 108 99 97 
258 52 1
93 90 100 108 98 
259 22 74
105 107 106 94 109 
260 90 28
100 98 90 98 100 
261 32 29
94 92 96 108 90 
262 45 68
90 106 97 93 98 
263 90 34
107 92 96 102 101 
264 83 10
100 93 98 102 101 
265 21 53
104 101 91 100 95 
266 28 69
107 101 105 107 109 
267 56 34
90 106 96 99 109 
268 26 74
100 109 92 103 93 
269 23 86
96 92 108 90 103 
270 72 84
100 108 101 98 91 
271 40 78
103 96 100 95 92 
272 78 15
91 104 97 94 103 
273 23 18
106 94 104 105 97 
274 45 28
102 105 100 105 95 
275 15 44
109 103 90 94 101 
276 32 90
103 90 93 97 104 
277 43 44
109 94 90 106 91 
278 67 84
90 101 100 94 108 
279 22 20
94 105 92 105 90 
280 36 20
101 96 90 106 108 
281 16 36
94 107 108 93 104 
282 91 52
97 107 104 97 98 
283 98 72
108 108 101 104 95 
284 6 30
107 90 90 98 108 
285 61 77
106 97 94 102 107 
286 43 9
101 103 109 108 92 
287 47 38
92 93 98 90 103 
288 52 56
108 107 106 105 107 
289 38 56
106 99 93 94 107 
290 48 78
104 92 95 107 97 
291 97 28
99 104 94 101 99 
292 25 44
92 106 108 102 95 
293 88 40
104 94 96 100 95 
294 31 88
92 99 106 98 101 
295 54 46
108 91 102 109 106 
296 89 3
95 103 96 90 91 
297 97 13
96 93 102 90 109 
298 99 4
95 90 100 109 92 
299 59 9
103 93 95 94 94 
300 31 56
102 108 108 108 93 
301 57 39
94 94 100 100 98 
302 55 12
109 95 96 94 95 
303 9 77
97 96 94 103 99 
304 42 70
95 101 94 108 100 
305 35 57
103 92 96 100 97 
306 49 1
97 105 93 96 90 
307 30 24
95 107 109 95 105 
308 36 31
106 106 109 92 98 
309 76 41
100 92 98 105 94 
310 47 66
101 104 96 108 99 
311 82 78
99 101 90 97 90 
312 100 5
106 104 104 102 100 
313 86 27
100 90 96 90 104 
314 67 17
109 102 103 100 109 
315 100 22
98 103 108 100 106 
316 99 30
106 99 103 94 105 
317 20 50
95 94 105 98 106 
318 95 61
101 90 106 100 95 
319 63 53
94 91 95 94 96 
320 24 15
92 103 105 101 92 
321 81 96
107 109 106 105 105 
322 73 64
94 108 93 105 100 
323 53 38
105 104 91 109 97 
324 68 85
96 92 100 98 106 
325 99 60
100 108 97 98 100 
326 4 56
107 97 100 91 95 
327 46 77
98 107 95 93 93 
328 60 76
93 96 101 99 90 
329 62 90
106 101 99 97 100 
330 57 28
102 101 92 99 109 
331 53 72
106 107 109 94 97 
332 18 1
92 106 105 95 104 
333 87 27
104 109 106 101 93 
334 18 91
95 103 107 107 106 
335 100 87
97 93 99 94 102 
336 62 81
109 108 102 104 104 
337 60 72
98 107 108 92 99 
338 67 46
102 93 105 107 98 
339 5 95
94 105 102 102 108 
340 95 89
101 105 90 92 103 
341 54 77
109 94 98 109 92 
342 99 34
101 94 109 93 97 
343 67 93
97 101 108 101 108 
344 23 76
107 106 105 90 101 
345 37 63
106 91 101 97 95 
346 92 47
109 99 90 100 95 
347 12 6
94 107 107 101 90 
348 36 15
109 108 100 98 96 
349 6 69
100 103 92 96 104 
350 26 55
102 98 90 101 107 
351 33 95
104 93 109 108 91 
352 50 82
103 94 106 94 104 
353 87 73
91 93 102 101 107 
354 28 30
93 102 105 105 91 
355 89 80
100 90 103 107 94 
356 25 16
107 103 107 92 100 
357 94 68
94 101 101 107 104 
358 85 49
101 101 100 97 105 
359 66 55
98 103 103 101 104 
360 59 69
100 93 105 97 106 
361 85 42
96 107 98 93 90 
362 1 1
105 106 91 108 109 
363 32 86
104 106 102 93 92 
364 26 75
98 106 104 108 109 
365 30 98
97 104 108 96 93 
366 100 70
94 101 91 101 97 
367 23 42
96 95 109 102 104 
368 72 8
106 98 103 94 94 
369 28 55
93 107 93 93 101 
370 42 30
96 102 100 100 93 
371 72 14
100 96 105 98 101 
372 87 22
107 107 90 103 95 
373 15 50
100 91 105 95 100 
374 59 81
103 102 99 90 94 
375 12 63
98 105 106 100 91 
376 84 40
94 99 102 92 108 
377 93 8
105 108 99 107 102 
378 65 76
92 93 105 106 105 
379 18 69
101 98 100 109 105 
380 59 31
98 103 91 103 104 
381 86 28
102 99 96 90 98 
382 96 58
90 102 94 104 97 
383 41 23
104 107 100 95 107 
384 74 46
103 93 97 91 107 
385 1 87
93 107 95 98 96 
386 53 69
96 109 107 96 101 
387 63 42
108 104 93 102 101 
388 7 51
90 101 97 95 104 
389 27 8
93 96 95 97 105 
390 12 76
91 105 105 98 104 
391 25 87
96 96 97 106 102 
392 44 42
93 91 101 106 102 
393 39 62
96 106 90 100 104 
394 67 30
99 107 106 100 102 
395 52 31
108 105 107 94 104 
396 97 14
96 101 104 92 102 
397 98 71
94 97 101 93 93 
398 53 66
107 100 104 108 109 
399 3 49
93 95 101 91 102 
400 1 39
96 106 101 95 90 
401 58 20
102 96 99 99 103 
402 73 85
98 106 99 107 96 
403 96 56
95 107 105 98 92 
404 87 91
96 96 98 103 105 
405 32 91
97 98 91 109 104 
406 51 21
109 92 94 109 101 
407 6 37
107 90 101 93 99 
408 99 84
93 107 103 100 93 
409 54 76
100 94 107 107 94 
410 79 50
100 90 91 99 104 
411 79 49
95 93 106 93 106 
412 80 99
107 108 91 91 105 
413 8 84
100 90 100 103 107 
414 28 91
91 107 101 102 107 
415 14 54
101 101 104 107 96 
416 91 53
92 100 100 90 98 
417 32 94
105 108 98 95 101 
418 39 59
98 107 91 91 96 
419 93 66
93 107 109 104 90 
420 74 4
97 105 105 91 95 
421 6 94
95 99 96 90 97 
422 67 7
108 94 106 108 103 
423 18 1
109 92 95 104 109 
424 37 22
102 91 94 109 107 
425 33 93
104 107 96 90 108 
426 25 1
96 101 108 106 97 
427 28 68
91 94 97 102 108 
428 85 88
100 103 98 92 104 
429 85 54
93 106 95 100 96 
430 32 31
94 106 92 92 109 
431 94 32
96 90 108 97 106 
432 66 93
105 91 109 107 104 
433 40 60
91 93 102 106 102 
434 10 7
108 103 106 104 99 
435 72 78
90 94 98 96 106 
436 7 67
102 93 108 109 94 
437 90 37
101 90 97 102 93 
438 12 89
97 91 97 107 104 
439 36 33
105 96 91 105 92 
440 70 62
100 97 109 105 92 
441 38 95
96 108 93 99 108 
442 31 42
104 92 92 91 105 
443 82 60
99 106 93 106 105 
444 5 64
107 95 94 98 102 
445 5 76
104 103 99 102 94 
446 5 63
92 97 105 98 91 
447 90 63
106 100 103 107 109 
448 17 74
104 102 106 101 107 
449 13 72
99 98 96 105 104 
450 69 40
108 94 91 102 101 
451 10 22
102 108 105 90 91 
452 9 18
90 106 100 104 98 
453 79 38
95 101 91 96 101 
454 60 2
95 109 102 93 94 
455 95 89
97 93 91 90 103 
456 97 53
96 94 100 96 102 
457 13 61
90 101 100 107 104 
458 12 24
95 100 106 101 100 
459 69 87
96 104 104 103 99 
460 36 86
93 101 108 99 97 
461 61 89
101 102 90 101 93 
462 51 81
107 103 93 93 94 
463 32 67
96 102 102 94 96 
464 80 18
106 96 105 101 100 
465 46 13
107 95 102 91 107 
466 54 65
91 105 95 100 99 
467 1 86
103 102 93 101 106 
468 9 36
92 97 94 100 103 
469 60 54
93 94 108 103 99 
470 71 55
109 105 100 102 101 
471 16 23
90 106 90 95 90 
472 64 97
106 101 93 100 108 
473 88 34
94 97 108 109 93 
474 9 65
95 101 108 94 96 
475 42 37
107 106 100 99 94 
476 23 95
106 96 100 102 107 
477 74 56
98 91 90 94 90 
478 31 4
105 109 98 90 100 
479 39 37
98 109 94 108 98 
480 88 8
102 99 92 99 105 
481 93 54
95 108 90 95 101 
482 53 10
93 93 94 108 104 
483 85 92
106 105 97 94 96 
484 5 43
104 101 100 109 90 
485 5 49
98 98 103 95 96 
486 67 83
99 108 93 102 103 
487 8 4
97 94 104 105 109 
488 74 1
95 107 104 102 90 
489 97 32
103 90 101 103 99 
490 37 79
97 92 90 107 103 
491 4 62
96 92 106 104 108 
492 11 82
107 106 103 105 95 
493 29 80
108 106 92 101 107 
494 94 85
108 91 104 95 94 
495 27 15
107 99 98 105 93 
496 45 90
92 97 93 101 105 
497 57 39
90 94 107 108 103 
498 80 62
92 94 95 90 96 
499 12 18
92 107 94 109 108 

