500 5 24894
0 84 87
107 105 103 105 96 
1 93 50
91 92 97 100 109 
2 64 27
90 96 102 106 101 
3 69 68
99 92 100 92 93 
4 68 36
99 92 92 108 99 
5 68 94
106 101 92 99 103 
6 22 20
94 107 108 94 105 
7 71 14
96 101 90 106 103 
8 63 71
106 91 95 95 94 
9 28 37
95 96 99 103 107 
10 25 96
92 95 104 97 104 
11 65 44
100 97 98 106 108 
12 89 85
93 101 104 109 102 
13 61 77
98 109 102 96 96 
14 95 40
105 100 104 108 97 
15 2 98
92 107 102 102 106 
16 2 81
96 91 95 99 94 
17 20 41
99 101 107 107 101 
18 82 76
99 97 97 106 107 
19 54 87
95 96 93 109 94 
20 29 72
102 99 93 109 100 
21 69 9
105 90 99 106 93 
22 19 46
96 101 91 105 109 
23 89 65
98 91 100 103 90 
24 35 65
94 104 97 106 93 
25 92 28
95 109 106 102 101 
26 38 29
105 97 104 91 108 
27 96 30
107 105 103 108 98 
28 44 12
98 99 106 94 93 
29 64 14
108 96 90 94 108 
30 29 89
99 107 107 106 94 
31 44 71
93 100 109 102 95 
32 45 91
95 109 104 96 99 
33 83 43
94 107 97 105 94 
34 49 12
92 98 109 93 96 
35 69 41
92 101 100 95 91 
36 62 31
108 95 90 106 94 
37 27 23
95 98 106 92 108 
38 25 38
92 94 90 106 102 
39 100 80
100 98 101 103 101 
40 82 31
103 104 90 93 109 
41 82 100
106 109 103 103 98 
42 91 96
96 96 94 90 100 
43 85 77
92 106 97 95 106 
44 80 19
97 102 98 102 109 
45 10 37
100 92 97 96 91 
46 14 73
91 105 109 109 91 
47 5 40
101 90 97 95 98 
48 28 51
94 108 90 94 92 
49 70 97
91 100 94 102 102 
50 73 51
95 95 92 109 90 
51 43 99
103 108 100 94 100 
52 10 82
109 106 102 105 104 
53 5 80
99 103 106 100 105 
54 61 43
109 94 103 95 91 
55 68 5
103 91 104 96 109 
56 45 3
92 96 94 91 92 
57 69 29
99 102 98 108 108 
58 37 9
103 98 93 103 103 
59 49 91
104 97 96 98 99 
60 1 47
98 107 99 100 93 
61 34 64
107 103 102 96 95 
62 53 97
105 98 107 99 106 
63 61 15
91 90 94 98 97 
64 51 49
106 92 104 107 109 
65 44 40
92 98 93 90 91 
66 48 39
109 101 105 104 109 
67 93 16
97 94 99 99 94 
68 86 30
93 105 107 90 108 
69 72 50
99 97 98 102 105 
70 44 45
99 100 92 90 91 
71 70 27
102 91 92 90 107 
72 24 62
91 99 100 95 106 
73 68 78
104 100 96 94 107 
74 15 69
95 108 102 96 90 
75 47 27
104 106 102 108 99 
76 47 91
97 100 101 90 101 
77 94 58
97 102 96 104 105 
78 13 91
102 109 100 99 99 
79 75 56
91 90 103 97 98 
80 39 67
100 94 106 107 96 
81 61 50
107 95 109 107 108 
82 46 84
103 108 103 107 99 
83 84 8
108 107 104 101 99 
84 1 60
108 108 95 98 104 
85 34 58
91 103 108 100 109 
86 18 40
99 93 92 104 103 
87 48 32
92 92 100 102 101 
88 58 16
91 107 104 101 97 
89 52 32
91 107 90 104 100 
90 99 26
91 106 106 92 101 
91 40 97
94 108 90 108 91 
92 71 63
102 109 107 95 106 
93 5 77
93 97 109 107 94 
94 100 12
97 100 106 90 108 
95 6 64
99 94 101 95 104 
96 92 76
105 104 99 98 103 
97 19 6
92 92 92 107 100 
98 94 75
96 103 96 103 93 
99 75 15
103 109 107 92 105 
100 89 20
100 102 104 107 96 
101 36 38
101 103 93 103 98 
102 26 92
100 108 107 106 93 
103 56 91
108 100 94 101 91 
104 34 86
99 103 94 101 95 
105 51 69
93 95 96 105 109 
106 50 21
97 96 93 107 106 
107 82 66
90 106 105 100 108 
108 12 43
102 106 109 91 100 
109 85 73
97 104 90 93 102 
110 99 31
93 97 100 100 103 
111 15 60
92 97 94 92 105 
112 33 5
104 93 108 96 90 
113 79 60
92 92 93 91 98 
114 24 25
102 92 104 105 91 
115 58 66
97 101 106 99 108 
116 2 4
103 103 97 109 98 
117 7 98
90 94 98 104 108 
118 92 77
108 105 102 101 99 
119 60 7
100 106 94 99 109 
120 1 79
99 103 91 104 108 
121 90 27
97 97 93 97 101 
122 33 23
91 105 100 109 100 
123 55 51
101 103 107 104 91 
124 82 4
90 103 92 91 97 
125 16 97
95 94 92 102 101 
126 98 33
104 91 96 105 107 
127 9 96
109 92 107 93 106 
128 55 78
99 97 102 92 91 
129 67 64
90 92 101 95 96 
130 86 31
100 93 104 106 106 
131 21 93
95 98 109 95 100 
132 37 61
108 93 107 98 92 
133 22 11
105 98 95 105 100 
134 38 54
98 92 93 100 107 
135 98 28
96 99 101 101 99 
136 11 29
109 108 98 100 103 
137 78 91
106 109 102 101 97 
138 78 100
107 96 102 107 91 
139 36 69
108 94 105 106 95 
140 67 29
104 98 98 103 108 
141 98 56
102 104 95 90 95 
142 98 84
102 97 92 91 103 
143 35 40
104 91 109 95 107 
144 55 62
92 102 91 106 102 
145 51 63
92 109 107 104 103 
146 16 7
101 94 100 93 101 
147 73 38
107 109 98 101 90 
148 88 57
100 91 100 102 95 
149 12 70
107 91 93 101 102 
150 1 7
108 97 94 99 102 
151 55 5
105 109 91 102 108 
152 70 37
100 106 94 90 99 
153 15 66
104 96 96 93 109 
154 70 36
102 91 103 100 99 
155 10 32
103 94 105 98 105 
156 78 14
103 108 99 105 105 
157 94 69
106 90 103 93 96 
158 72 59
107 90 95 91 91 
159 91 24
100 90 104 105 94 
160 43 25
109 109 99 94 99 
161 39 52
106 93 109 103 93 
162 5 57
91 105 96 101 97 
163 13 93
99 92 98 101 92 
164 75 8
108 106 93 107 97 
165 73 74
107 92 95 103 107 
166 97 19
91 103 96 104 90 
167 94 86
98 95 100 99 109 
168 99 61
92 94 109 90 91 
169 3 11
90 96 93 99 90 
170 9 24
108 107 103 101 100 
171 21 6
100 103 101 108 100 
172 22 68
99 101 90 93 105 
173 100 25
98 104 96 99 102 
174 70 11
103 100 103 93 97 
175 80 95
99 109 101 109 94 
176 43 31
96 105 99 105 96 
177 82 12
104 103 97 92 97 
178 74 44
109 92 104 94 94 
179 40 60
93 108 103 102 99 
180 6 5
103 109 104 109 105 
181 36 88
103 99 100 97 92 
182 38 63
99 100 95 90 94 
183 12 58
99 93 106 102 91 
184 23 6
93 109 91 98 108 
185 48 1
95 92 97 109 101 
186 90 87
103 96 98 104 106 
187 7 8
102 107 94 91 90 
188 81 67
104 104 93 107 103 
189 85 18
102 101 107 99 95 
190 57 9
99 95 105 92 101 
191 96 70
109 91 106 102 101 
192 41 26
93 102 101 99 97 
193 67 79
102 100 106 94 103 
194 14 87
109 100 104 98 105 
195 42 43
109 107 93 108 100 
196 40 3
103 101 98 107 94 
197 72 47
93 108 95 105 90 
198 22 73
96 104 108 95 106 
199 53 46
102 96 109 101 93 
200 4 62
95 92 106 109 104 
201 45 97
100 97 104 103 107 
202 20 61
100 102 102 106 109 
203 91 54
105 105 108 97 91 
204 38 71
106 90 94 91 93 
205 1 93
99 106 90 109 93 
206 36 5
103 96 94 93 101 
207 50 52
100 109 94 95 96 
208 3 26
109 101 97 97 94 
209 32 62
109 101 103 98 97 
210 95 20
93 91 93 98 97 
211 40 44
108 98 104 90 90 
212 99 87
108 102 93 108 105 
213 11 6
109 92 96 108 95 
214 73 79
103 96 107 98 97 
215 73 17
96 102 109 107 90 
216 54 98
102 93 105 101 97 
217 99 50
104 91 96 104 93 
218 26 85
98 107 93 103 105 
219 61 82
104 95 107 90 107 
220 9 30
99 103 109 104 106 
221 15 86
105 95 96 100 96 
222 93 17
99 99 102 99 96 
223 16 96
103 98 106 97 103 
224 27 1
92 96 99 93 90 
225 9 98
106 105 92 94 90 
226 21 27
108 95 104 109 104 
227 47 9
103 92 93 96 92 
228 33 35
97 100 104 99 106 
229 16 85
106 94 92 95 101 
230 17 62
93 107 97 91 92 
231 82 61
98 109 90 91 103 
232 25 29
105 98 92 92 100 
233 97 64
96 101 90 105 97 
234 35 33
100 100 103 103 109 
235 81 95
103 103 104 92 94 
236 76 24
108 101 101 103 101 
237 66 69
91 103 93 109 107 
238 36 15
94 99 96 97 102 
239 92 41
101 93 97 107 106 
240 94 40
91 90 104 101 101 
241 19 97
104 93 94 97 107 
242 1 68
104 105 103 100 107 
243 33 50
99 93 100 102 97 
244 30 50
105 92 90 98 93 
245 56 40
96 95 106 103 90 
246 53 21
107 94 97 93 90 
247 22 27
107 95 97 108 98 
248 70 71
97 108 90 93 91 
249 61 84
106 97 93 92 102 
250 12 36
103 93 98 92 98 
251 96 99
90 98 106 99 103 
252 4 88
104 103 107 91 93 
253 30 97
94 92 90 102 99 
254 56 48
104 96 104 109 91 
255 43 74
91 108 101 103 108 
256 100 23
94 105 91 100 90 
257 72 24
93 90 90 90 92 
258 53 13
94 97 109 108 95 
259 95 18
108 106 100 90 96 
260 15 74
107 95 98 91 90 
261 10 64
90 102 96 94 103 
262 59 57
97 100 98 101 99 
263 29 42
96 104 108 95 100 
264 2 66
99 97 100 96 102 
265 39 100
95 90 92 107 102 
266 49 62
107 97 99 107 99 
267 39 29
109 108 100 95 102 
268 81 43
104 103 97 93 90 
269 51 22
95 98 90 100 90 
270 35 48
95 93 91 104 92 
271 31 92
93 90 90 104 108 
272 43 93
100 92 104 95 98 
273 95 81
98 94 92 95 94 
274 23 88
95 107 105 92 102 
275 49 97
96 100 90 99 101 
276 13 57
99 104 98 102 98 
277 83 58
98 106 107 107 90 
278 40 95
95 104 92 92 93 
279 70 37
105 107 94 103 109 
280 25 55
100 106 100 102 92 
281 59 65
93 91 91 101 99 
282 11 61
100 92 105 97 106 
283 90 82
109 108 107 96 105 
284 2 12
104 108 95 107 96 
285 77 70
91 104 103 106 97 
286 7 100
107 106 90 109 100 
287 68 87
96 98 97 107 96 
288 37 36
103 107 96 109 97 
289 13 97
104 90 107 105 104 
290 51 32
92 98 100 101 95 
291 43 91
97 91 106 104 99 
292 96 64
105 101 101 90 90 
293 98 1
98 91 106 104 91 
294 15 70
98 106 102 92 95 
295 83 34
92 107 93 99 100 
296 52 36
90 96 109 97 99 
297 3 29
99 109 98 99 103 
298 77 64
96 100 94 104 109 
299 37 77
94 101 99 108 90 
300 85 40
100 105 105 100 91 
301 27 51
92 98 108 94 109 
302 59 54
94 104 99 101 107 
303 6 58
106 92 104 102 95 
304 96 11
95 102 99 97 97 
305 77 59
91 92 90 93 92 
306 39 28
104 106 103 108 100 
307 55 70
97 109 97 105 91 
308 14 68
108 90 99 105 102 
309 32 44
102 97 103 103 92 
310 14 29
106 101 106 100 109 
311 42 70
91 105 100 99 104 
312 70 37
98 92 94 96 105 
313 34 15
97 94 107 101 94 
314 11 65
108 93 103 104 96 
315 2 46
95 104 96 96 99 
316 57 48
105 96 94 93 90 
317 41 83
105 103 98 105 100 
318 6 47
96 97 93 94 100 
319 9 91
98 91 105 103 105 
320 2 52
94 100 101 101 98 
321 36 48
98 105 91 106 90 
322 30 52
92 104 99 90 91 
323 65 65
93 102 105 101 103 
324 43 57
90 106 109 106 108 
325 11 29
96 107 105 104 94 
326 57 51
95 95 103 109 101 
327 56 81
94 109 106 97 94 
328 4 31
99 96 96 100 104 
329 46 59
102 98 96 108 95 
330 14 45
100 91 97 97 108 
331 1 79
99 97 108 103 109 
332 8 73
105 100 92 94 98 
333 41 27
92 96 95 96 96 
334 24 5
101 107 91 103 100 
335 49 93
99 90 101 100 98 
336 82 57
97 98 98 92 101 
337 84 19
109 93 95 104 91 
338 83 73
97 107 99 101 104 
339 31 45
107 108 107 96 108 
340 61 29
96 91 94 95 92 
341 66 40
103 98 108 94 93 
342 56 11
95 99 93 94 96 
343 13 56
103 92 90 100 90 
344 90 29
100 99 106 107 92 
345 42 15
94 108 104 99 108 
346 65 55
91 109 106 108 90 
347 100 64
96 93 108 109 95 
348 71 2
107 101 99 98 102 
349 87 18
105 109 93 109 99 
350 38 90
97 103 105 90 94 
351 12 100
94 101 104 93 96 
352 85 43
102 97 106 91 108 
353 26 42
101 93 100 96 104 
354 95 18
105 93 108 92 107 
355 54 16
103 107 104 108 90 
356 81 42
96 94 105 108 93 
357 32 53
92 99 95 95 94 
358 57 64
101 92 90 96 95 
359 92 90
104 94 106 98 91 
360 71 39
91 92 109 98 108 
361 67 39
92 100 92 94 109 
362 89 62
105 106 94 96 108 
363 57 14
105 97 104 92 94 
364 11 3
107 102 90 101 96 
365 72 100
94 99 99 96 109 
366 85 83
100 102 93 96 98 
367 20 93
108 106 107 103 105 
368 64 16
109 95 99 107 99 
369 10 81
105 102 101 90 92 
370 21 47
103 106 99 94 98 
371 25 51
98 94 104 108 102 
372 5 73
97 97 109 109 103 
373 10 49
104 100 98 100 105 
374 60 51
99 101 98 92 98 
375 78 7
98 104 98 99 108 
376 4 88
100 97 101 99 96 
377 4 41
101 94 98 96 96 
378 17 77
91 97 108 92 109 
379 27 66
109 94 93 97 108 
380 33 89
98 97 106 100 104 
381 40 52
102 92 102 94 96 
382 81 23
103 99 108 96 98 
383 77 10
97 92 96 108 108 
384 50 59
98 91 96 98 90 
385 75 59
104 104 92 109 106 
386 55 36
105 104 107 90 105 
387 8 47
94 93 105 93 107 
388 34 43
98 93 90 98 106 
389 47 50
107 91 109 93 97 
390 22 43
93 105 107 100 92 
391 87 71
107 103 107 91 98 
392 25 18
96 108 109 96 103 
393 60 87
99 107 105 96 100 
394 96 3
107 106 106 103 102 
395 75 24
96 90 104 93 96 
396 64 18
104 109 104 102 99 
397 94 19
92 94 95 94 103 
398 93 3
94 97 94 91 106 
399 2 27
98 97 100 104 109 
400 97 10
95 101 96 90 92 
401 13 33
102 107 93 96 91 
402 61 51
97 102 103 101 90 
403 58 85
98 100 101 98 107 
404 14 55
107 91 93 104 94 
405 43 55
96 104 109 108 94 
406 43 26
107 92 97 94 104 
407 81 76
96 100 90 104 90 
408 24 43
100 98 106 109 99 
409 13 94
95 104 98 101 90 
410 88 83
94 99 109 92 93 
411 87 7
107 97 104 106 99 
412 47 31
99 99 95 101 107 
413 74 71
108 95 94 93 109 
414 65 87
102 93 98 106 102 
415 28 31
97 96 107 94 103 
416 72 93
104 107 105 105 108 
417 1 8
97 103 107 107 109 
418 94 93
100 107 108 92 90 
419 48 32
94 96 91 101 102 
420 99 69
107 91 90 101 100 
421 88 80
90 97 96 109 103 
422 64 37
94 99 98 104 96 
423 60 30
97 108 90 101 94 
424 74 36
99 94 93 108 95 
425 16 83
98 93 91 98 92 
426 48 1
105 92 106 101 101 
427 18 59
108 106 97 107 104 
428 100 41
100 102 97 101 106 
429 83 11
104 108 102 92 103 
430 54 3
97 102 104 105 104 
431 92 87
108 90 94 98 98 
432 84 46
92 104 107 94 97 
433 66 97
105 97 96 99 107 
434 51 84
92 93 108 100 105 
435 93 6
91 105 101 101 105 
436 89 40
93 93 106 107 108 
437 27 3
95 101 100 90 100 
438 9 23
98 108 107 100 91 
439 96 41
98 90 107 91 105 
440 42 54
93 99 94 108 102 
441 34 17
100 109 100 97 100 
442 73 1
90 90 104 90 108 
443 32 72
109 109 93 109 109 
444 62 13
96 104 107 99 93 
445 63 29
97 105 106 100 104 
446 67 30
106 108 99 106 108 
447 56 30
98 97 90 97 108 
448 16 79
107 98 100 105 92 
449 9 6
107 92 95 107 99 
450 82 8
93 109 106 109 99 
451 19 28
97 103 106 105 102 
452 9 75
100 106 94 109 106 
453 47 56
109 96 102 98 98 
454 98 66
107 100 102 102 99 
455 62 4
108 101 93 107 106 
456 92 45
99 102 100 101 98 
457 27 24
94 102 100 105 109 
458 95 85
109 101 99 99 103 
459 75 82
92 105 107 102 96 
460 21 2
104 101 95 93 105 
461 68 48
93 103 92 90 107 
462 5 8
106 108 101 98 99 
463 94 18
92 97 100 106 104 
464 88 41
102 109 91 96 93 
465 39 43
108 95 99 92 100 
466 64 15
97 97 91 106 95 
467 66 25
96 108 91 90 95 
468 92 89
109 101 98 101 100 
469 70 98
103 109 101 102 106 
470 33 87
96 105 90 95 104 
471 74 2
109 108 107 107 106 
472 19 58
103 92 95 94 103 
473 26 8
105 96 95 99 95 
474 49 54
103 91 109 109 106 
475 92 78
101 94 100 92 105 
476 9 61
101 96 99 107 90 
477 16 82
103 102 99 99 109 
478 47 71
106 104 93 100 105 
479 15 62
94 95 108 105 91 
480 70 70
106 107 99 90 105 
481 100 58
106 96 108 91 108 
482 80 3
99 95 94 96 102 
483 48 17
97 91 107 101 108 
484 17 99
90 107 98 106 96 
485 50 97
91 98 95 99 96 
486 97 52
107 105 95 96 103 
487 31 73
95 99 98 102 93 
488 19 77
91 96 96 91 93 
489 95 71
99 106 108 92 106 
490 25 33
93 90 105 90 97 
491 93 19
90 92 93 95 94 
492 84 51
97 91 108 98 97 
493 5 63
92 101 102 101 97 
494 3 67
93 96 100 108 108 
495 38 51
108 99 99 108 94 
496 13 77
98 97 108 105 99 
497 9 64
106 94 107 101 105 
498 10 55
104 102 90 100 100 
499 71 69
91 97 101 109 99 

