50 5 3455
0 2 84
124 76 113 87 75 
1 64 29
135 94 104 64 114 
2 4 15
52 91 51 99 67 
3 5 69
129 123 68 72 132 
4 21 21
80 123 54 106 149 
5 20 95
74 133 72 111 129 
6 77 76
94 81 92 148 122 
7 44 48
139 97 117 71 122 
8 87 96
104 56 66 87 81 
9 73 94
81 141 89 57 76 
10 62 70
56 140 146 52 123 
11 39 1
96 83 149 137 82 
12 68 61
55 55 106 61 113 
13 25 1
144 98 96 127 89 
14 86 86
116 149 56 74 91 
15 3 27
64 143 128 62 76 
16 78 53
61 146 114 66 51 
17 21 80
114 146 130 61 94 
18 27 89
134 113 75 52 112 
19 84 27
105 88 54 120 81 
20 83 35
59 109 136 70 106 
21 52 37
59 73 118 76 70 
22 49 38
114 76 127 50 139 
23 56 55
54 88 82 109 126 
24 37 82
109 68 66 119 128 
25 3 90
136 55 128 145 79 
26 47 74
51 96 112 115 122 
27 41 19
63 97 74 119 135 
28 58 30
112 143 60 71 62 
29 79 43
92 131 134 130 88 
30 15 28
117 110 51 118 108 
31 64 87
132 105 106 145 52 
32 81 66
90 87 96 104 81 
33 9 76
145 137 120 139 70 
34 55 70
108 118 98 128 130 
35 2 47
88 115 134 122 122 
36 41 68
77 71 134 117 108 
37 31 22
91 141 98 138 128 
38 19 78
148 74 148 58 142 
39 48 87
74 98 83 64 115 
40 70 87
88 60 56 115 81 
41 91 85
91 123 55 85 114 
42 54 24
92 74 51 142 98 
43 100 53
143 96 89 67 97 
44 25 33
62 143 68 52 53 
45 77 20
136 117 53 130 90 
46 9 16
106 64 88 100 88 
47 40 95
88 141 96 81 139 
48 86 50
86 111 83 51 105 
49 4 56
60 130 125 99 149 

