50 5 4473
0 84 87
107 105 103 105 96 
1 93 50
91 92 97 100 109 
2 64 27
90 96 102 106 101 
3 69 68
99 92 100 92 93 
4 68 36
99 92 92 108 99 
5 68 94
106 101 92 99 103 
6 22 20
94 107 108 94 105 
7 71 14
96 101 90 106 103 
8 63 71
106 91 95 95 94 
9 28 37
95 96 99 103 107 
10 25 96
92 95 104 97 104 
11 65 44
100 97 98 106 108 
12 89 85
93 101 104 109 102 
13 61 77
98 109 102 96 96 
14 95 40
105 100 104 108 97 
15 2 98
92 107 102 102 106 
16 2 81
96 91 95 99 94 
17 20 41
99 101 107 107 101 
18 82 76
99 97 97 106 107 
19 54 87
95 96 93 109 94 
20 29 72
102 99 93 109 100 
21 69 9
105 90 99 106 93 
22 19 46
96 101 91 105 109 
23 89 65
98 91 100 103 90 
24 35 65
94 104 97 106 93 
25 92 28
95 109 106 102 101 
26 38 29
105 97 104 91 108 
27 96 30
107 105 103 108 98 
28 44 12
98 99 106 94 93 
29 64 14
108 96 90 94 108 
30 29 89
99 107 107 106 94 
31 44 71
93 100 109 102 95 
32 45 91
95 109 104 96 99 
33 83 43
94 107 97 105 94 
34 49 12
92 98 109 93 96 
35 69 41
92 101 100 95 91 
36 62 31
108 95 90 106 94 
37 27 23
95 98 106 92 108 
38 25 38
92 94 90 106 102 
39 100 80
100 98 101 103 101 
40 82 31
103 104 90 93 109 
41 82 100
106 109 103 103 98 
42 91 96
96 96 94 90 100 
43 85 77
92 106 97 95 106 
44 80 19
97 102 98 102 109 
45 10 37
100 92 97 96 91 
46 14 73
91 105 109 109 91 
47 5 40
101 90 97 95 98 
48 28 51
94 108 90 94 92 
49 70 97
91 100 94 102 102 

