50 5 994
0 1 10
103 100 96 103 99 
1 8 6
102 97 104 104 98 
2 8 10
99 98 102 95 97 
3 3 10
100 102 96 95 95 
4 7 4
98 101 97 97 96 
5 7 3
102 98 102 102 102 
6 9 7
95 100 101 99 95 
7 6 5
100 104 101 95 101 
8 10 4
103 100 101 97 98 
9 2 7
101 102 103 101 95 
10 8 4
95 100 104 95 97 
11 8 8
99 100 98 104 99 
12 10 3
98 95 102 96 102 
13 4 6
95 101 96 104 100 
14 2 6
103 103 103 103 100 
15 10 9
102 104 102 97 101 
16 2 4
97 97 102 100 98 
17 5 10
97 95 99 100 101 
18 9 5
97 96 96 97 95 
19 2 1
100 95 95 100 96 
20 9 8
102 104 97 97 96 
21 1 10
101 101 103 104 101 
22 6 7
100 100 95 104 101 
23 2 2
103 97 96 101 99 
24 4 2
103 96 95 102 97 
25 3 10
101 99 104 99 96 
26 10 6
104 101 96 99 96 
27 2 4
95 99 101 103 103 
28 10 7
98 98 102 96 99 
29 10 9
104 99 95 100 103 
30 10 10
96 95 100 96 102 
31 7 8
95 95 98 95 101 
32 10 2
100 104 102 103 99 
33 8 2
103 101 96 104 95 
34 2 5
96 97 101 97 98 
35 4 6
97 104 100 97 96 
36 9 4
103 104 101 98 103 
37 4 4
97 97 101 98 104 
38 8 3
96 96 104 99 100 
39 6 10
95 103 99 97 104 
40 10 6
98 104 95 96 104 
41 7 7
104 96 96 97 99 
42 8 8
100 99 96 101 102 
43 1 2
100 102 95 100 100 
44 7 9
102 103 100 95 102 
45 8 2
101 100 104 101 101 
46 1 1
95 102 104 100 98 
47 1 5
98 98 102 103 95 
48 10 4
103 100 98 100 100 
49 1 6
98 104 103 96 99 

