500 5 44755
0 47 86
103 95 100 95 97 
1 77 2
99 103 99 98 104 
2 3 42
99 100 96 100 100 
3 43 39
103 98 102 100 102 
4 69 99
99 99 101 99 101 
5 62 16
103 95 103 99 103 
6 93 88
103 102 96 97 97 
7 83 100
104 99 102 103 102 
8 37 86
101 99 100 96 96 
9 72 68
102 98 97 103 98 
10 51 3
98 100 95 96 97 
11 72 16
101 98 101 101 102 
12 5 7
101 95 96 98 102 
13 27 7
103 103 98 100 98 
14 57 6
101 103 103 104 98 
15 99 94
102 96 95 101 99 
16 28 23
98 98 95 96 98 
17 72 95
97 104 97 95 102 
18 27 39
95 99 98 103 99 
19 52 71
103 96 100 100 97 
20 28 14
103 99 100 98 104 
21 16 86
98 103 96 102 103 
22 85 79
102 97 103 95 103 
23 12 11
97 100 97 95 103 
24 48 89
98 102 96 98 98 
25 90 48
98 101 99 103 102 
26 16 26
100 96 98 99 98 
27 72 45
98 100 102 101 95 
28 40 49
95 104 103 98 101 
29 43 58
104 96 101 97 104 
30 41 11
101 100 101 98 104 
31 92 1
99 98 99 103 95 
32 52 45
97 98 99 97 97 
33 34 89
103 100 100 102 103 
34 2 23
104 96 97 103 103 
35 21 62
102 97 96 97 102 
36 59 71
102 96 101 104 99 
37 11 4
103 100 96 101 97 
38 89 87
95 104 103 97 97 
39 93 71
96 98 98 95 102 
40 98 75
99 102 99 98 103 
41 63 15
100 100 102 98 95 
42 62 3
98 104 95 100 96 
43 1 58
98 97 104 101 102 
44 64 100
99 97 98 95 104 
45 71 76
104 97 104 99 102 
46 60 81
95 95 99 100 96 
47 75 53
97 99 97 103 103 
48 42 95
101 101 100 97 103 
49 20 6
102 104 95 104 96 
50 23 44
96 98 100 98 98 
51 10 39
101 100 95 104 104 
52 5 30
103 101 98 101 99 
53 22 19
98 95 100 97 104 
54 9 42
97 95 102 100 98 
55 13 99
103 99 103 99 104 
56 32 86
96 100 99 104 96 
57 91 56
101 96 100 96 98 
58 2 74
99 96 102 101 96 
59 5 73
101 103 97 99 99 
60 12 21
101 99 103 102 104 
61 25 79
98 99 100 96 102 
62 63 63
97 100 102 101 101 
63 7 4
102 97 102 98 98 
64 2 100
102 99 97 100 103 
65 31 13
103 99 97 96 96 
66 28 55
95 95 103 98 100 
67 56 100
97 99 99 96 101 
68 82 28
104 100 101 104 104 
69 99 75
103 103 104 101 100 
70 82 50
101 96 98 103 98 
71 72 42
95 103 98 97 97 
72 48 97
96 96 98 95 101 
73 2 22
100 95 101 100 95 
74 88 24
102 103 97 100 96 
75 28 35
99 95 102 100 96 
76 21 40
98 95 102 101 98 
77 11 80
104 99 95 101 99 
78 97 15
101 98 102 101 99 
79 11 92
100 104 102 97 95 
80 6 68
96 102 103 101 104 
81 47 94
97 103 97 96 97 
82 73 61
103 96 99 102 101 
83 12 54
97 98 101 95 98 
84 75 73
100 96 96 101 103 
85 2 75
95 102 104 97 103 
86 92 37
95 101 101 104 104 
87 23 7
102 100 96 95 96 
88 8 13
99 96 101 96 97 
89 28 10
98 95 98 98 95 
90 4 96
103 101 98 103 99 
91 80 90
98 98 100 98 104 
92 7 16
95 101 102 101 102 
93 64 10
97 97 103 102 99 
94 2 73
99 99 104 97 98 
95 4 12
102 97 97 98 103 
96 49 27
104 101 96 96 97 
97 21 58
97 100 101 99 102 
98 37 74
96 102 100 103 99 
99 65 1
102 102 98 101 97 
100 17 40
95 101 102 96 99 
101 11 3
102 97 96 96 102 
102 30 8
101 100 95 103 97 
103 26 57
103 96 103 102 104 
104 73 65
98 103 100 100 101 
105 26 27
95 102 103 104 95 
106 40 1
102 95 102 99 100 
107 88 85
104 99 97 95 103 
108 1 38
102 97 98 97 97 
109 62 88
95 101 100 96 98 
110 94 81
100 99 96 98 101 
111 41 18
96 95 96 97 101 
112 94 73
99 100 95 98 95 
113 16 56
99 101 99 100 99 
114 60 7
95 99 103 100 95 
115 20 19
101 97 102 102 97 
116 41 71
103 100 99 98 96 
117 5 17
98 97 99 102 103 
118 19 43
100 103 95 100 97 
119 40 43
98 95 98 104 97 
120 53 10
99 98 96 100 95 
121 26 51
96 97 103 99 99 
122 43 55
97 96 101 104 96 
123 98 77
98 101 104 103 101 
124 85 21
104 101 104 100 104 
125 61 43
95 102 99 98 104 
126 64 41
98 102 99 103 95 
127 91 98
96 104 99 102 100 
128 46 88
99 104 102 100 100 
129 37 83
100 103 100 102 101 
130 22 81
100 99 95 96 99 
131 67 60
99 102 101 103 101 
132 83 18
99 102 99 95 101 
133 13 46
97 103 104 104 104 
134 57 77
100 103 103 97 99 
135 82 24
103 102 97 100 101 
136 92 4
100 98 95 96 98 
137 77 32
104 103 103 98 104 
138 8 5
103 99 97 100 99 
139 42 70
103 99 98 102 98 
140 28 43
95 95 102 102 101 
141 70 69
104 100 96 95 99 
142 32 95
100 103 103 100 99 
143 32 91
103 99 96 102 103 
144 5 27
98 99 95 98 99 
145 70 93
95 103 95 96 100 
146 64 63
96 99 103 101 98 
147 59 62
104 96 98 103 102 
148 16 98
102 96 98 96 100 
149 96 45
97 99 102 99 97 
150 50 17
104 100 95 96 104 
151 39 8
99 103 96 99 95 
152 77 25
102 96 96 100 100 
153 97 67
97 96 97 99 100 
154 52 50
104 98 102 103 103 
155 48 62
104 102 104 99 100 
156 43 11
102 103 101 100 97 
157 60 63
104 100 95 96 103 
158 95 37
100 103 102 101 98 
159 7 17
96 100 103 97 97 
160 100 29
104 96 103 102 96 
161 77 95
100 100 103 99 97 
162 89 7
97 99 99 102 97 
163 84 16
100 104 97 103 99 
164 11 64
103 96 96 102 99 
165 83 75
102 103 103 98 99 
166 77 50
103 101 102 96 96 
167 54 31
100 101 101 98 102 
168 79 84
96 95 101 104 96 
169 91 80
100 97 98 97 95 
170 75 68
101 95 104 100 104 
171 77 99
97 95 103 102 103 
172 75 33
101 99 103 104 99 
173 67 32
102 101 95 99 103 
174 64 30
96 102 101 104 95 
175 18 57
104 99 99 98 101 
176 84 91
99 104 100 97 99 
177 44 63
95 96 98 103 103 
178 4 65
103 103 98 96 103 
179 43 2
103 104 102 104 98 
180 65 93
96 104 99 101 103 
181 62 71
97 101 97 98 103 
182 78 94
101 95 102 99 96 
183 52 97
104 98 104 102 99 
184 59 19
103 97 95 96 96 
185 97 20
95 103 95 99 99 
186 23 90
97 97 99 103 99 
187 93 56
100 100 98 99 95 
188 5 54
99 97 96 99 102 
189 34 47
103 95 100 95 95 
190 56 98
99 95 101 102 97 
191 74 8
101 100 99 97 97 
192 70 49
97 98 99 101 103 
193 26 4
100 96 104 98 98 
194 15 77
98 97 100 102 97 
195 64 27
99 101 101 97 96 
196 53 7
100 97 100 102 102 
197 10 67
100 101 104 95 104 
198 71 97
97 99 97 100 101 
199 98 16
95 95 96 101 104 
200 80 50
95 97 102 103 99 
201 15 86
98 100 98 104 97 
202 25 50
98 99 100 101 96 
203 70 34
104 103 103 95 96 
204 43 97
95 96 102 97 98 
205 6 51
104 104 103 98 102 
206 92 55
96 103 100 99 97 
207 2 31
98 97 99 98 98 
208 65 84
99 101 96 101 103 
209 82 39
98 101 96 100 102 
210 30 11
99 97 99 100 95 
211 72 91
100 99 97 103 102 
212 89 84
97 98 103 101 104 
213 51 25
104 96 97 100 104 
214 56 23
101 101 97 98 104 
215 49 49
96 104 95 101 99 
216 16 58
98 98 95 100 101 
217 60 4
103 96 102 102 99 
218 42 85
100 102 101 98 98 
219 91 27
99 103 102 103 95 
220 70 5
101 99 98 104 103 
221 55 37
101 100 104 99 103 
222 67 25
99 104 103 104 101 
223 68 83
97 102 96 101 103 
224 89 37
103 102 96 99 99 
225 7 66
97 95 98 103 102 
226 93 44
102 95 104 96 104 
227 80 21
103 101 100 95 99 
228 17 9
97 99 100 97 98 
229 39 79
102 99 100 96 102 
230 49 21
99 95 100 99 97 
231 35 76
96 98 103 96 97 
232 4 22
101 104 97 95 100 
233 28 35
103 102 99 103 98 
234 60 90
95 104 96 102 104 
235 77 52
98 97 103 101 103 
236 27 79
95 104 104 103 95 
237 34 81
100 95 99 101 104 
238 31 65
98 104 100 98 103 
239 68 23
104 98 98 99 103 
240 53 81
101 95 103 103 95 
241 11 87
95 98 103 103 101 
242 85 5
100 99 103 95 100 
243 74 47
100 95 103 99 101 
244 95 11
99 103 95 97 103 
245 2 11
95 96 103 98 101 
246 67 42
97 95 100 95 101 
247 66 33
96 103 103 101 96 
248 100 33
104 98 97 100 98 
249 85 98
96 100 104 97 103 
250 60 66
100 100 101 104 102 
251 4 70
100 103 99 101 103 
252 33 45
104 96 101 95 101 
253 71 26
104 101 99 98 97 
254 86 8
97 99 97 102 96 
255 31 18
95 100 103 100 98 
256 93 62
96 102 102 98 95 
257 86 66
104 100 96 103 99 
258 18 52
103 98 103 95 104 
259 83 99
96 99 102 96 104 
260 58 18
97 95 95 101 104 
261 89 72
104 98 101 95 104 
262 80 90
100 102 97 98 97 
263 4 4
96 102 98 97 97 
264 21 95
98 103 98 103 95 
265 94 25
96 96 102 97 100 
266 84 84
101 98 97 96 97 
267 17 85
99 104 102 102 104 
268 42 41
96 98 101 99 96 
269 50 25
98 99 103 99 101 
270 48 38
96 96 95 104 101 
271 45 51
95 95 101 101 97 
272 26 94
96 103 100 99 97 
273 24 71
100 99 100 104 104 
274 96 86
100 98 99 103 101 
275 95 98
97 95 104 99 98 
276 86 61
102 95 100 103 104 
277 44 85
96 101 99 103 96 
278 50 40
97 102 100 104 95 
279 100 88
101 101 101 95 103 
280 36 25
96 97 101 103 97 
281 42 59
98 101 97 101 98 
282 50 66
101 95 99 103 102 
283 82 18
102 98 101 100 96 
284 93 96
104 104 96 96 96 
285 8 42
100 96 95 96 104 
286 95 78
97 98 99 103 99 
287 52 99
96 97 102 96 102 
288 24 87
103 102 97 103 101 
289 6 32
104 100 99 102 103 
290 25 89
102 96 100 95 99 
291 13 91
95 98 96 97 102 
292 9 84
100 99 96 98 96 
293 56 34
95 96 101 96 101 
294 42 39
99 102 103 98 103 
295 97 56
100 103 103 100 96 
296 40 70
103 104 99 98 98 
297 27 50
102 96 99 102 97 
298 4 41
95 101 96 101 100 
299 10 21
101 100 102 96 98 
300 26 29
99 101 103 98 101 
301 55 39
96 95 102 103 97 
302 75 28
101 102 103 104 100 
303 100 46
95 103 102 101 101 
304 46 10
104 97 103 99 104 
305 89 20
100 97 102 103 98 
306 98 98
102 98 101 100 97 
307 45 27
102 100 97 104 101 
308 42 17
97 103 100 96 96 
309 16 18
95 98 103 102 101 
310 47 66
96 100 99 95 95 
311 92 8
97 102 99 96 98 
312 59 71
96 104 101 98 103 
313 65 67
96 104 101 98 98 
314 25 11
96 97 102 99 104 
315 43 17
104 98 98 96 95 
316 58 65
100 102 100 101 104 
317 74 12
104 102 103 95 102 
318 67 64
97 95 100 98 98 
319 53 88
99 99 100 99 104 
320 79 88
97 103 97 102 100 
321 40 55
99 97 100 98 95 
322 96 96
104 96 103 96 99 
323 36 57
102 103 100 98 99 
324 51 78
99 103 102 101 103 
325 70 74
101 95 104 95 97 
326 98 87
97 97 98 98 101 
327 45 65
95 104 95 104 104 
328 16 83
99 100 97 95 101 
329 30 87
99 95 96 95 95 
330 44 94
97 95 96 102 99 
331 65 51
95 103 100 97 95 
332 88 32
104 98 101 98 95 
333 79 34
101 104 96 98 104 
334 36 24
104 103 103 98 95 
335 100 11
99 99 98 102 99 
336 81 2
99 102 98 99 97 
337 52 90
100 104 98 98 103 
338 47 47
104 96 97 103 104 
339 91 74
104 95 99 101 101 
340 50 86
97 104 101 102 103 
341 72 24
96 97 97 101 98 
342 88 80
98 99 103 97 100 
343 1 13
102 95 101 103 97 
344 23 45
103 96 96 96 97 
345 69 21
95 104 98 96 99 
346 8 90
102 102 96 96 96 
347 100 54
103 104 103 102 104 
348 5 37
97 101 97 97 104 
349 15 86
96 97 100 96 98 
350 49 26
102 103 99 100 100 
351 36 19
103 101 98 101 100 
352 42 65
102 100 97 96 98 
353 85 14
99 103 104 100 97 
354 5 80
101 100 99 98 100 
355 71 51
95 103 103 103 99 
356 93 97
97 100 97 104 96 
357 65 11
101 96 100 96 96 
358 75 9
99 96 102 97 103 
359 44 88
98 101 95 98 99 
360 59 34
95 97 96 97 95 
361 95 12
98 95 98 104 96 
362 50 13
98 100 96 104 101 
363 61 94
101 99 95 104 95 
364 71 25
101 96 104 101 100 
365 92 22
102 100 97 95 100 
366 59 81
104 104 99 99 99 
367 66 26
98 101 103 104 97 
368 51 92
99 98 100 95 101 
369 26 69
98 103 104 96 98 
370 75 72
95 97 98 96 96 
371 49 86
102 100 97 95 98 
372 81 63
100 98 98 96 101 
373 69 32
99 100 95 102 98 
374 90 29
103 98 97 96 102 
375 56 83
95 100 95 103 96 
376 83 39
99 100 95 97 103 
377 54 24
101 99 102 95 96 
378 60 80
102 95 103 102 101 
379 13 31
98 104 100 99 100 
380 86 75
103 104 97 99 99 
381 66 7
99 95 97 95 101 
382 42 63
95 95 97 102 95 
383 3 17
101 99 102 97 98 
384 13 39
95 104 97 95 103 
385 77 26
100 96 98 104 99 
386 66 83
95 103 101 95 103 
387 39 90
96 95 101 102 101 
388 6 12
97 102 104 99 101 
389 14 66
101 95 95 96 96 
390 74 34
100 96 102 103 104 
391 64 89
95 97 95 96 99 
392 37 99
96 96 97 100 95 
393 12 50
103 102 99 99 102 
394 5 9
103 95 96 101 96 
395 61 7
97 98 101 97 102 
396 77 54
99 99 99 100 102 
397 67 71
102 104 104 100 101 
398 87 11
98 95 103 99 95 
399 12 23
98 96 95 103 101 
400 27 51
101 98 101 95 104 
401 13 26
102 103 102 99 104 
402 19 93
103 99 97 98 102 
403 73 20
104 100 98 100 103 
404 74 34
99 95 100 95 100 
405 44 81
99 100 102 96 100 
406 57 49
100 102 95 100 96 
407 95 11
95 103 95 95 98 
408 24 16
96 104 95 102 104 
409 36 1
101 96 97 97 101 
410 91 87
97 103 99 104 100 
411 27 85
104 95 99 104 95 
412 77 42
98 97 103 101 96 
413 9 26
97 101 100 103 102 
414 59 93
98 95 103 102 95 
415 13 7
101 95 97 102 95 
416 38 29
97 100 95 102 102 
417 79 54
103 104 104 97 102 
418 57 31
99 99 98 104 101 
419 2 18
102 101 100 100 101 
420 19 83
104 102 95 96 97 
421 33 20
95 96 99 95 97 
422 56 34
104 97 100 100 103 
423 91 35
102 99 98 99 97 
424 80 12
103 102 98 104 101 
425 56 14
103 103 97 95 96 
426 9 84
98 101 103 99 103 
427 84 50
103 101 100 102 97 
428 40 74
99 103 99 99 102 
429 30 45
100 100 102 98 98 
430 42 27
101 96 96 96 102 
431 30 76
102 99 101 103 95 
432 12 16
97 95 104 101 95 
433 26 4
104 100 102 99 95 
434 57 71
100 102 103 96 103 
435 10 75
103 103 104 100 97 
436 78 74
100 103 96 104 96 
437 31 59
96 100 96 98 97 
438 9 70
97 99 104 104 98 
439 88 61
98 101 99 96 99 
440 36 50
104 97 97 99 98 
441 64 44
99 100 96 102 98 
442 15 11
100 97 95 95 103 
443 72 90
96 104 95 102 102 
444 37 99
99 99 102 98 103 
445 23 70
96 100 99 100 98 
446 19 94
101 97 100 98 102 
447 88 74
100 104 98 104 95 
448 66 17
102 96 101 96 102 
449 15 7
101 103 100 102 100 
450 93 46
103 97 95 101 99 
451 46 1
98 100 98 104 99 
452 37 49
99 96 101 96 100 
453 83 16
99 101 96 95 101 
454 50 11
97 98 102 95 100 
455 98 20
96 99 104 100 104 
456 93 7
100 96 101 104 99 
457 23 34
96 99 103 101 98 
458 22 77
104 97 103 96 100 
459 46 75
97 99 98 99 96 
460 65 32
95 103 102 103 104 
461 44 90
101 102 97 102 96 
462 23 96
101 101 99 101 103 
463 63 20
99 95 100 103 99 
464 91 33
102 99 100 95 98 
465 53 69
99 102 102 95 99 
466 33 51
103 99 100 99 97 
467 70 33
96 99 99 102 99 
468 50 16
95 95 95 95 99 
469 16 71
104 95 103 99 102 
470 48 47
99 104 103 97 101 
471 47 39
103 100 96 104 96 
472 76 69
102 101 101 95 101 
473 37 1
98 96 95 97 96 
474 61 39
96 102 100 100 104 
475 86 50
100 96 104 98 104 
476 63 76
95 104 98 103 101 
477 32 1
99 102 97 102 96 
478 23 23
99 99 95 100 98 
479 98 13
97 98 98 102 99 
480 6 24
98 102 95 99 102 
481 46 15
98 102 101 102 99 
482 19 8
102 97 104 97 101 
483 42 100
96 104 99 99 99 
484 30 14
103 99 103 97 97 
485 39 19
104 99 99 99 96 
486 51 44
102 103 97 100 97 
487 84 40
103 100 103 96 101 
488 55 66
95 99 96 103 95 
489 20 33
97 95 97 98 99 
490 87 70
102 103 100 99 103 
491 68 42
95 96 95 95 103 
492 72 73
101 102 104 101 96 
493 73 17
97 99 96 101 99 
494 4 93
95 97 96 102 97 
495 79 24
96 101 100 98 104 
496 98 27
104 103 95 100 101 
497 40 12
104 99 104 98 103 
498 81 53
99 101 99 99 103 
499 58 22
95 101 101 98 99 

