500 5 24745
0 47 86
93 115 100 115 97 
1 77 2
89 83 99 118 114 
2 3 42
89 100 76 120 90 
3 43 39
83 98 122 110 112 
4 69 99
79 89 111 99 81 
5 62 16
103 115 93 119 123 
6 93 88
113 122 106 77 97 
7 83 100
114 99 112 123 122 
8 37 86
111 79 110 116 96 
9 72 68
102 108 107 83 98 
10 51 3
98 120 115 86 117 
11 72 16
91 78 91 81 102 
12 5 7
101 115 116 88 122 
13 27 7
93 123 98 120 108 
14 57 6
81 83 83 104 78 
15 99 94
122 96 85 91 99 
16 28 23
78 108 105 106 98 
17 72 95
97 124 77 115 122 
18 27 39
105 109 118 113 119 
19 52 71
123 76 90 120 97 
20 28 14
123 79 110 78 114 
21 16 86
88 113 106 112 113 
22 85 79
112 87 93 95 123 
23 12 11
117 90 107 115 93 
24 48 89
118 102 76 118 108 
25 90 48
98 81 109 113 122 
26 16 26
110 76 78 99 88 
27 72 45
88 110 82 81 75 
28 40 49
95 114 113 88 91 
29 43 58
124 106 81 97 114 
30 41 11
111 80 111 98 84 
31 92 1
99 88 119 113 75 
32 52 45
77 118 119 97 107 
33 34 89
123 100 120 122 83 
34 2 23
124 116 107 113 123 
35 21 62
82 87 86 107 102 
36 59 71
102 86 91 104 79 
37 11 4
113 120 116 111 97 
38 89 87
105 114 83 107 107 
39 93 71
106 88 108 115 102 
40 98 75
79 82 119 108 93 
41 63 15
100 100 92 88 95 
42 62 3
118 124 115 100 116 
43 1 58
98 117 104 81 82 
44 64 100
109 87 98 115 94 
45 71 76
114 107 114 89 82 
46 60 81
105 95 109 100 96 
47 75 53
87 99 87 113 93 
48 42 95
101 81 120 87 93 
49 20 6
112 114 105 104 96 
50 23 44
106 108 100 88 78 
51 10 39
101 110 115 114 84 
52 5 30
103 121 98 81 79 
53 22 19
98 115 100 87 104 
54 9 42
77 105 112 110 88 
55 13 99
93 99 113 119 84 
56 32 86
96 110 89 124 106 
57 91 56
111 86 100 86 78 
58 2 74
109 86 92 111 116 
59 5 73
81 93 97 99 119 
60 12 21
81 119 83 102 104 
61 25 79
88 89 110 76 102 
62 63 63
107 90 112 91 101 
63 7 4
92 87 102 98 108 
64 2 100
102 89 97 110 83 
65 31 13
113 79 117 76 96 
66 28 55
75 115 93 108 80 
67 56 100
107 89 79 76 101 
68 82 28
84 110 101 114 124 
69 99 75
83 103 114 121 110 
70 82 50
81 86 78 83 78 
71 72 42
85 103 118 117 117 
72 48 97
96 106 98 105 91 
73 2 22
90 75 121 100 105 
74 88 24
92 93 97 100 106 
75 28 35
109 75 102 120 106 
76 21 40
98 95 112 121 78 
77 11 80
94 89 75 111 89 
78 97 15
121 108 112 91 79 
79 11 92
110 114 102 97 115 
80 6 68
96 102 83 121 124 
81 47 94
77 83 97 96 97 
82 73 61
113 96 99 112 81 
83 12 54
87 98 121 75 88 
84 75 73
80 106 116 101 83 
85 2 75
85 122 94 87 83 
86 92 37
105 91 121 94 114 
87 23 7
122 110 86 85 86 
88 8 13
99 106 111 106 87 
89 28 10
98 105 108 108 105 
90 4 96
113 121 108 93 89 
91 80 90
78 78 120 78 114 
92 7 16
75 91 102 101 122 
93 64 10
87 117 93 112 99 
94 2 73
79 79 94 117 78 
95 4 12
92 107 77 98 113 
96 49 27
104 81 116 106 97 
97 21 58
97 110 91 109 102 
98 37 74
76 112 120 83 119 
99 65 1
122 92 88 91 77 
100 17 40
115 91 92 96 99 
101 11 3
122 107 86 96 92 
102 30 8
121 90 105 123 77 
103 26 57
123 116 83 122 84 
104 73 65
88 113 80 80 81 
105 26 27
105 112 103 104 95 
106 40 1
112 95 82 109 110 
107 88 85
114 89 117 115 83 
108 1 38
92 97 78 107 87 
109 62 88
95 111 90 76 98 
110 94 81
120 109 106 108 81 
111 41 18
116 105 76 107 121 
112 94 73
79 120 85 98 95 
113 16 56
109 101 119 80 89 
114 60 7
115 79 113 110 115 
115 20 19
121 87 112 112 117 
116 41 71
113 110 119 118 106 
117 5 17
78 97 99 112 123 
118 19 43
90 103 75 80 107 
119 40 43
98 85 88 94 97 
120 53 10
89 118 106 80 105 
121 26 51
86 107 93 89 79 
122 43 55
77 86 121 94 116 
123 98 77
98 111 94 123 121 
124 85 21
94 111 104 110 104 
125 61 43
85 112 119 98 94 
126 64 41
98 82 119 103 95 
127 91 98
86 114 99 112 100 
128 46 88
99 104 82 120 90 
129 37 83
120 123 100 82 111 
130 22 81
80 109 95 106 119 
131 67 60
89 82 81 103 121 
132 83 18
99 102 79 75 81 
133 13 46
97 123 104 94 124 
134 57 77
110 103 83 117 89 
135 82 24
83 122 107 100 81 
136 92 4
80 98 95 106 78 
137 77 32
84 113 103 108 114 
138 8 5
113 89 107 100 119 
139 42 70
83 99 118 92 98 
140 28 43
105 95 122 112 121 
141 70 69
124 120 76 85 109 
142 32 95
100 113 123 90 79 
143 32 91
123 99 86 82 123 
144 5 27
98 109 95 78 79 
145 70 93
75 113 85 76 110 
146 64 63
96 119 83 121 108 
147 59 62
114 116 78 113 92 
148 16 98
92 96 98 116 80 
149 96 45
87 89 112 89 77 
150 50 17
114 90 105 86 84 
151 39 8
119 123 96 109 115 
152 77 25
82 116 96 100 90 
153 97 67
97 116 87 109 80 
154 52 50
84 78 92 123 93 
155 48 62
104 112 94 99 110 
156 43 11
102 93 111 110 87 
157 60 63
104 80 105 76 123 
158 95 37
80 123 112 91 78 
159 7 17
96 80 103 77 117 
160 100 29
104 116 113 82 86 
161 77 95
100 110 83 79 117 
162 89 7
117 109 119 122 107 
163 84 16
110 114 107 83 119 
164 11 64
113 86 116 92 79 
165 83 75
92 83 93 118 119 
166 77 50
113 91 82 106 76 
167 54 31
110 111 121 98 102 
168 79 84
96 115 121 84 76 
169 91 80
80 97 78 97 105 
170 75 68
101 75 94 90 94 
171 77 99
97 105 103 82 93 
172 75 33
121 79 93 94 119 
173 67 32
122 81 85 79 103 
174 64 30
86 112 121 114 115 
175 18 57
84 119 79 108 101 
176 84 91
119 84 100 117 89 
177 44 63
85 86 118 83 93 
178 4 65
123 93 118 86 83 
179 43 2
123 84 82 84 78 
180 65 93
106 124 109 101 83 
181 62 71
97 81 107 108 93 
182 78 94
111 105 82 109 76 
183 52 97
84 118 124 82 79 
184 59 19
83 97 85 116 96 
185 97 20
105 83 115 79 89 
186 23 90
107 77 109 93 109 
187 93 56
110 120 78 119 115 
188 5 54
119 87 96 79 112 
189 34 47
83 105 90 115 115 
190 56 98
79 105 111 112 107 
191 74 8
91 90 89 77 87 
192 70 49
77 98 79 121 113 
193 26 4
100 86 124 108 118 
194 15 77
108 97 100 112 77 
195 64 27
109 111 111 77 76 
196 53 7
90 97 80 92 122 
197 10 67
110 111 94 85 124 
198 71 97
117 109 97 100 81 
199 98 16
85 85 116 121 124 
200 80 50
75 107 82 93 79 
201 15 86
78 100 78 114 87 
202 25 50
88 119 120 81 106 
203 70 34
114 93 123 75 106 
204 43 97
105 96 122 107 78 
205 6 51
84 94 113 88 122 
206 92 55
86 93 80 99 87 
207 2 31
118 97 89 108 118 
208 65 84
99 81 106 81 103 
209 82 39
108 111 116 120 82 
210 30 11
79 97 89 90 115 
211 72 91
80 99 97 123 122 
212 89 84
117 78 93 91 84 
213 51 25
114 106 87 100 94 
214 56 23
101 111 107 108 84 
215 49 49
76 94 115 81 119 
216 16 58
118 78 115 110 81 
217 60 4
93 86 102 82 119 
218 42 85
90 122 81 118 108 
219 91 27
119 113 102 123 85 
220 70 5
81 109 88 124 113 
221 55 37
121 90 114 89 103 
222 67 25
99 84 83 114 81 
223 68 83
117 82 86 111 123 
224 89 37
83 82 116 89 119 
225 7 66
107 85 78 103 102 
226 93 44
82 85 94 106 94 
227 80 21
103 121 80 95 79 
228 17 9
77 79 120 87 88 
229 39 79
82 119 120 116 82 
230 49 21
109 115 90 119 77 
231 35 76
96 88 123 76 87 
232 4 22
91 94 107 95 100 
233 28 35
113 92 89 123 88 
234 60 90
95 84 86 82 124 
235 77 52
78 87 103 101 103 
236 27 79
115 104 124 83 75 
237 34 81
100 85 89 91 104 
238 31 65
118 114 80 88 123 
239 68 23
124 118 98 79 83 
240 53 81
111 105 83 103 85 
241 11 87
85 118 93 113 81 
242 85 5
110 89 93 105 80 
243 74 47
80 115 93 79 111 
244 95 11
119 123 115 107 103 
245 2 11
115 86 123 78 81 
246 67 42
87 75 120 75 91 
247 66 33
96 113 103 101 106 
248 100 33
94 118 117 90 118 
249 85 98
96 110 84 87 123 
250 60 66
80 100 81 94 102 
251 4 70
120 93 79 91 83 
252 33 45
114 106 101 85 101 
253 71 26
94 81 99 118 117 
254 86 8
117 119 97 122 96 
255 31 18
75 110 113 120 78 
256 93 62
86 102 82 78 85 
257 86 66
114 80 116 83 89 
258 18 52
83 78 83 75 124 
259 83 99
96 89 92 96 124 
260 58 18
77 75 105 91 104 
261 89 72
114 98 111 105 104 
262 80 90
120 122 117 78 77 
263 4 4
76 112 78 97 77 
264 21 95
78 103 88 83 105 
265 94 25
86 106 122 77 80 
266 84 84
111 88 97 106 87 
267 17 85
89 94 112 92 84 
268 42 41
86 88 111 89 116 
269 50 25
98 119 123 109 101 
270 48 38
106 106 95 94 121 
271 45 51
85 85 111 101 107 
272 26 94
116 93 110 79 107 
273 24 71
100 99 120 124 94 
274 96 86
120 118 99 103 101 
275 95 98
97 115 124 109 78 
276 86 61
112 85 80 103 104 
277 44 85
86 91 79 113 116 
278 50 40
87 122 100 84 115 
279 100 88
91 121 111 115 113 
280 36 25
116 97 111 103 107 
281 42 59
88 111 117 101 78 
282 50 66
121 75 79 83 122 
283 82 18
112 108 81 80 106 
284 93 96
94 104 96 86 76 
285 8 42
110 76 75 76 114 
286 95 78
117 118 119 113 119 
287 52 99
116 107 92 106 92 
288 24 87
123 92 107 93 121 
289 6 32
124 90 99 112 93 
290 25 89
82 96 90 75 89 
291 13 91
85 88 116 77 122 
292 9 84
90 109 96 88 76 
293 56 34
75 86 91 76 101 
294 42 39
119 92 103 78 113 
295 97 56
80 83 123 90 96 
296 40 70
93 124 79 108 108 
297 27 50
112 106 109 112 117 
298 4 41
95 121 106 91 90 
299 10 21
81 80 102 86 88 
300 26 29
109 91 123 78 91 
301 55 39
76 105 112 113 87 
302 75 28
81 102 93 104 100 
303 100 46
115 83 92 121 91 
304 46 10
104 97 113 89 114 
305 89 20
80 117 82 83 98 
306 98 98
112 98 101 120 77 
307 45 27
102 120 97 94 81 
308 42 17
97 113 100 76 86 
309 16 18
75 78 113 82 121 
310 47 66
96 120 89 85 95 
311 92 8
97 112 109 76 108 
312 59 71
116 124 111 88 113 
313 65 67
76 104 111 78 108 
314 25 11
106 97 102 79 94 
315 43 17
114 108 98 86 95 
316 58 65
80 92 110 121 94 
317 74 12
84 112 103 85 92 
318 67 64
77 115 100 108 88 
319 53 88
109 119 80 99 104 
320 79 88
77 113 77 82 80 
321 40 55
99 87 90 108 75 
322 96 96
94 86 83 96 79 
323 36 57
92 113 120 78 109 
324 51 78
89 103 92 91 93 
325 70 74
101 85 104 75 97 
326 98 87
97 117 108 118 81 
327 45 65
85 104 95 104 94 
328 16 83
79 90 87 95 121 
329 30 87
89 75 86 115 85 
330 44 94
107 115 106 82 109 
331 65 51
115 83 90 77 115 
332 88 32
84 78 91 88 95 
333 79 34
91 84 96 108 84 
334 36 24
94 103 93 78 95 
335 100 11
79 89 88 122 99 
336 81 2
89 92 108 99 97 
337 52 90
120 104 98 88 113 
338 47 47
124 106 97 93 84 
339 91 74
104 115 109 111 81 
340 50 86
107 104 111 122 123 
341 72 24
96 97 87 91 78 
342 88 80
118 109 103 117 90 
343 1 13
102 115 111 83 107 
344 23 45
113 96 106 96 77 
345 69 21
75 114 118 96 89 
346 8 90
92 122 96 86 106 
347 100 54
123 124 93 102 114 
348 5 37
97 101 107 87 124 
349 15 86
76 107 80 76 98 
350 49 26
112 83 89 80 80 
351 36 19
113 111 98 111 110 
352 42 65
102 120 77 76 98 
353 85 14
99 123 124 100 107 
354 5 80
81 80 79 118 90 
355 71 51
95 83 93 83 119 
356 93 97
107 110 87 84 106 
357 65 11
81 76 100 106 76 
358 75 9
109 106 112 117 113 
359 44 88
78 91 115 98 99 
360 59 34
95 77 106 77 115 
361 95 12
98 85 98 104 86 
362 50 13
88 100 96 124 81 
363 61 94
121 79 105 124 95 
364 71 25
121 106 84 91 110 
365 92 22
102 110 107 75 120 
366 59 81
84 84 119 99 109 
367 66 26
118 101 93 114 107 
368 51 92
79 98 90 75 81 
369 26 69
118 93 114 96 78 
370 75 72
75 107 78 86 116 
371 49 86
102 90 87 95 118 
372 81 63
100 108 78 106 81 
373 69 32
89 120 75 82 88 
374 90 29
93 88 77 96 122 
375 56 83
115 80 95 93 96 
376 83 39
89 90 75 117 123 
377 54 24
81 99 82 95 96 
378 60 80
112 75 83 82 91 
379 13 31
88 94 90 79 100 
380 86 75
123 94 87 89 109 
381 66 7
109 95 107 115 121 
382 42 63
95 75 117 82 75 
383 3 17
91 89 122 107 108 
384 13 39
85 124 87 85 93 
385 77 26
80 116 108 114 89 
386 66 83
85 83 121 105 83 
387 39 90
86 115 81 102 81 
388 6 12
117 92 124 79 91 
389 14 66
111 115 115 116 106 
390 74 34
120 116 92 83 124 
391 64 89
85 77 105 96 119 
392 37 99
76 116 87 120 85 
393 12 50
103 102 89 89 92 
394 5 9
123 105 116 121 96 
395 61 7
97 98 121 107 102 
396 77 54
99 89 79 100 82 
397 67 71
92 104 94 120 81 
398 87 11
98 115 93 99 95 
399 12 23
118 96 105 93 121 
400 27 51
101 78 81 75 94 
401 13 26
102 103 122 119 84 
402 19 93
93 79 77 118 122 
403 73 20
94 110 118 90 83 
404 74 34
79 75 110 105 80 
405 44 81
99 80 82 76 110 
406 57 49
120 102 115 90 106 
407 95 11
105 93 105 75 78 
408 24 16
86 124 75 92 124 
409 36 1
81 106 107 107 111 
410 91 87
97 123 109 94 100 
411 27 85
84 95 119 114 115 
412 77 42
118 77 83 81 76 
413 9 26
77 121 100 83 102 
414 59 93
88 75 103 112 75 
415 13 7
101 115 117 112 85 
416 38 29
77 90 95 122 92 
417 79 54
93 114 104 97 112 
418 57 31
89 89 98 104 91 
419 2 18
92 91 100 120 81 
420 19 83
94 82 85 96 97 
421 33 20
115 86 99 85 77 
422 56 34
114 87 90 80 103 
423 91 35
122 119 78 89 87 
424 80 12
93 122 118 114 81 
425 56 14
103 113 107 95 76 
426 9 84
78 91 93 119 103 
427 84 50
83 101 110 82 97 
428 40 74
109 93 109 79 92 
429 30 45
100 110 82 78 98 
430 42 27
101 76 86 106 92 
431 30 76
122 89 101 83 115 
432 12 16
87 75 114 121 95 
433 26 4
114 80 122 89 115 
434 57 71
90 122 123 116 123 
435 10 75
93 113 124 90 77 
436 78 74
120 113 116 84 116 
437 31 59
86 80 86 78 87 
438 9 70
77 89 114 94 88 
439 88 61
88 121 109 106 109 
440 36 50
114 87 97 109 78 
441 64 44
119 120 76 82 78 
442 15 11
90 97 105 95 113 
443 72 90
76 84 75 92 82 
444 37 99
119 99 122 108 113 
445 23 70
116 110 89 110 108 
446 19 94
111 107 80 78 82 
447 88 74
120 84 88 124 95 
448 66 17
102 76 91 96 102 
449 15 7
91 113 100 82 100 
450 93 46
83 87 115 121 119 
451 46 1
78 110 98 124 119 
452 37 49
89 76 91 116 80 
453 83 16
109 121 96 75 111 
454 50 11
87 118 82 95 80 
455 98 20
76 119 94 80 104 
456 93 7
100 106 81 114 109 
457 23 34
116 79 123 101 78 
458 22 77
114 97 113 76 90 
459 46 75
97 119 118 99 116 
460 65 32
95 83 112 123 114 
461 44 90
101 92 97 92 96 
462 23 96
101 121 99 91 93 
463 63 20
109 85 120 83 79 
464 91 33
122 79 90 95 88 
465 53 69
79 122 82 105 89 
466 33 51
113 79 120 89 77 
467 70 33
96 109 79 82 119 
468 50 16
75 115 75 75 119 
469 16 71
84 95 113 89 92 
470 48 47
109 104 123 97 111 
471 47 39
113 90 96 84 76 
472 76 69
122 101 111 75 91 
473 37 1
88 76 95 97 96 
474 61 39
116 82 110 100 114 
475 86 50
100 106 114 88 124 
476 63 76
75 114 118 123 91 
477 32 1
109 92 77 122 96 
478 23 23
119 109 85 110 118 
479 98 13
107 108 88 82 89 
480 6 24
88 92 75 89 82 
481 46 15
98 102 91 82 119 
482 19 8
92 117 104 87 101 
483 42 100
96 114 89 79 99 
484 30 14
113 109 113 77 77 
485 39 19
84 109 109 109 86 
486 51 44
82 93 77 100 87 
487 84 40
113 100 113 86 91 
488 55 66
115 109 106 103 95 
489 20 33
97 85 77 108 119 
490 87 70
82 113 90 89 83 
491 68 42
95 76 105 85 103 
492 72 73
121 102 114 111 86 
493 73 17
107 119 76 81 79 
494 4 93
75 117 86 82 107 
495 79 24
116 121 90 88 124 
496 98 27
104 93 75 100 121 
497 40 12
84 89 104 118 83 
498 81 53
89 111 119 89 103 
499 58 22
85 111 121 78 109 

