500 5 24887
0 1 10
113 100 86 123 89 
1 8 6
102 117 104 124 118 
2 8 10
79 98 92 105 77 
3 3 10
90 92 116 85 105 
4 7 4
88 111 107 77 86 
5 7 3
102 98 122 82 92 
6 9 7
85 90 81 89 115 
7 6 5
120 124 91 85 91 
8 10 4
123 80 111 87 118 
9 2 7
81 92 93 111 115 
10 8 4
85 120 124 95 87 
11 8 8
79 110 108 124 109 
12 10 3
78 85 112 76 92 
13 4 6
85 121 106 94 90 
14 2 6
83 93 123 93 90 
15 10 9
102 84 102 107 121 
16 2 4
107 87 122 110 98 
17 5 10
117 85 79 80 81 
18 9 5
97 116 106 107 85 
19 2 1
100 105 115 80 116 
20 9 8
112 104 97 97 116 
21 1 10
91 81 123 84 91 
22 6 7
100 120 115 124 111 
23 2 2
123 77 106 101 109 
24 4 2
103 116 95 92 97 
25 3 10
91 89 124 109 96 
26 10 6
114 81 86 89 76 
27 2 4
115 99 121 113 103 
28 10 7
88 78 122 116 119 
29 10 9
94 89 75 110 103 
30 10 10
76 75 90 116 82 
31 7 8
85 105 98 75 81 
32 10 2
110 124 82 123 79 
33 8 2
123 101 76 94 115 
34 2 5
96 77 101 97 78 
35 4 6
87 94 100 97 76 
36 9 4
83 94 91 118 93 
37 4 4
97 107 111 98 84 
38 8 3
76 116 124 99 120 
39 6 10
75 93 89 87 114 
40 10 6
118 114 85 76 84 
41 7 7
104 76 116 77 109 
42 8 8
120 89 96 121 82 
43 1 2
80 122 95 80 90 
44 7 9
82 103 80 75 92 
45 8 2
101 120 124 81 121 
46 1 1
105 92 114 100 108 
47 1 5
118 108 122 123 105 
48 10 4
123 80 98 80 110 
49 1 6
78 124 83 106 119 
50 10 10
116 124 76 98 93 
51 3 2
78 78 102 121 113 
52 5 7
93 118 77 91 75 
53 6 4
111 83 105 116 84 
54 9 5
79 122 91 122 123 
55 8 3
93 87 98 97 90 
56 1 1
80 101 92 98 94 
57 2 3
97 123 92 83 81 
58 9 2
91 111 102 97 111 
59 4 10
111 88 116 80 100 
60 8 10
117 94 76 122 121 
61 9 1
92 114 89 116 113 
62 3 2
121 107 77 89 95 
63 1 7
81 100 82 120 113 
64 2 3
88 93 106 82 114 
65 3 5
112 78 102 82 119 
66 2 9
109 100 75 108 82 
67 5 8
105 109 111 111 87 
68 6 4
75 121 110 91 91 
69 9 4
81 78 103 120 83 
70 8 3
79 75 76 116 101 
71 4 5
110 82 98 90 119 
72 2 5
81 82 114 83 78 
73 8 5
97 122 75 103 77 
74 9 6
85 110 103 92 112 
75 2 9
90 109 109 76 118 
76 10 9
112 96 99 120 105 
77 7 5
110 118 103 82 115 
78 9 8
118 83 88 80 120 
79 2 3
108 99 107 123 85 
80 7 2
78 101 97 118 124 
81 9 9
104 89 117 89 82 
82 2 5
75 76 86 120 87 
83 5 1
82 92 100 117 118 
84 10 4
78 101 119 82 79 
85 9 1
80 92 113 111 106 
86 4 3
116 81 101 116 82 
87 9 7
94 89 113 104 107 
88 6 4
100 100 91 106 78 
89 4 1
84 106 115 89 123 
90 1 3
105 88 79 96 94 
91 2 5
104 96 77 75 110 
92 1 2
94 83 80 122 108 
93 2 1
113 109 95 122 91 
94 1 4
91 117 90 121 83 
95 10 10
104 77 108 85 98 
96 6 2
86 103 117 107 111 
97 8 2
96 96 86 84 82 
98 4 7
100 120 94 117 113 
99 5 1
123 80 85 102 83 
100 6 1
108 106 76 121 86 
101 6 2
122 120 89 93 91 
102 9 10
100 86 112 76 82 
103 9 4
122 119 108 120 124 
104 6 5
84 116 89 120 99 
105 6 4
110 88 99 109 83 
106 10 5
101 94 108 76 105 
107 1 3
112 103 122 109 97 
108 4 2
98 103 81 108 96 
109 1 1
120 113 98 107 78 
110 9 7
86 114 95 112 83 
111 6 1
115 102 120 103 80 
112 3 5
104 100 121 80 81 
113 5 9
104 101 95 102 91 
114 4 10
94 116 103 107 107 
115 1 10
117 81 87 108 108 
116 8 4
116 124 102 97 102 
117 6 8
110 104 92 89 83 
118 8 2
99 108 78 119 99 
119 2 7
84 106 123 76 114 
120 1 5
100 94 122 93 93 
121 8 3
122 77 95 109 109 
122 10 10
117 104 117 93 87 
123 6 3
113 103 116 124 87 
124 2 2
76 78 112 103 97 
125 8 7
117 89 114 115 93 
126 2 5
77 77 100 121 106 
127 9 6
120 90 104 111 119 
128 3 6
81 88 113 84 91 
129 7 9
113 88 109 108 104 
130 6 6
122 111 76 77 114 
131 8 9
97 122 90 95 89 
132 8 7
85 94 118 91 108 
133 3 9
76 85 93 117 100 
134 5 6
79 105 75 76 93 
135 2 6
82 105 81 107 104 
136 2 3
119 95 85 79 115 
137 4 4
100 112 76 101 122 
138 10 9
97 98 120 101 80 
139 6 1
99 124 112 108 104 
140 4 6
84 92 92 80 112 
141 8 10
102 106 107 79 93 
142 6 2
93 79 76 115 105 
143 8 10
112 119 76 86 120 
144 9 6
100 109 85 111 76 
145 1 2
115 82 77 95 115 
146 6 5
86 95 82 106 102 
147 10 4
84 83 119 121 79 
148 6 9
75 111 80 102 97 
149 8 6
98 122 83 88 82 
150 1 6
124 120 85 87 93 
151 8 4
120 103 92 79 113 
152 4 3
118 84 87 120 122 
153 8 3
94 110 114 119 109 
154 8 10
118 82 120 118 80 
155 8 6
98 101 76 93 80 
156 1 5
120 108 103 115 119 
157 2 6
118 85 84 87 122 
158 9 9
107 122 93 100 80 
159 6 1
85 97 103 108 123 
160 10 4
80 76 104 76 111 
161 8 4
106 75 104 99 86 
162 1 10
83 116 122 117 113 
163 8 9
118 107 115 80 81 
164 9 1
82 124 118 87 75 
165 5 6
112 109 86 95 109 
166 3 7
122 107 110 81 98 
167 6 9
89 79 93 84 114 
168 10 6
120 102 80 79 104 
169 2 10
106 100 111 95 86 
170 8 1
123 114 112 120 97 
171 5 2
122 86 77 88 91 
172 1 4
80 106 113 77 86 
173 6 10
115 121 103 96 99 
174 5 3
110 87 109 108 78 
175 4 2
100 75 109 100 86 
176 7 9
104 84 88 111 117 
177 2 10
78 122 123 118 120 
178 9 8
94 117 86 82 81 
179 6 3
85 96 98 112 96 
180 9 3
109 121 78 89 82 
181 7 1
75 95 116 78 94 
182 10 10
89 92 93 111 87 
183 10 4
93 101 112 103 124 
184 2 7
95 96 105 80 94 
185 6 10
102 79 94 104 99 
186 2 5
118 77 110 84 97 
187 4 6
109 109 115 79 88 
188 9 4
87 116 76 108 89 
189 4 1
110 94 84 87 98 
190 1 4
122 118 103 117 123 
191 4 4
97 94 124 83 78 
192 2 3
91 96 122 106 89 
193 9 5
103 107 81 91 78 
194 8 9
101 124 99 100 120 
195 3 10
118 92 97 90 111 
196 4 6
117 92 112 85 113 
197 6 2
78 110 82 108 94 
198 4 10
97 107 105 123 107 
199 7 6
102 83 119 95 102 
200 10 8
91 119 87 83 86 
201 2 1
75 111 89 80 99 
202 2 1
118 112 117 91 94 
203 5 7
78 105 119 105 115 
204 1 3
92 84 116 108 79 
205 6 4
90 82 89 92 120 
206 1 5
94 76 90 90 115 
207 10 2
87 108 124 92 90 
208 6 9
80 111 77 97 120 
209 5 9
76 124 76 94 81 
210 8 9
77 122 88 98 76 
211 1 9
118 114 96 82 99 
212 4 6
114 93 100 121 79 
213 8 9
77 96 103 78 96 
214 3 5
104 76 88 106 124 
215 9 8
77 83 120 122 124 
216 10 6
100 117 107 89 85 
217 8 1
90 109 105 92 81 
218 2 3
104 118 122 83 119 
219 3 3
120 115 124 124 75 
220 7 8
124 90 79 99 82 
221 7 1
93 120 77 108 104 
222 5 3
110 120 101 91 115 
223 6 6
110 112 92 107 104 
224 7 5
104 87 108 103 103 
225 10 5
110 102 119 80 97 
226 7 1
76 106 117 114 101 
227 2 6
92 121 105 79 111 
228 10 9
90 90 99 120 105 
229 8 4
85 121 103 122 98 
230 5 4
120 96 118 124 77 
231 9 1
105 84 120 124 82 
232 9 6
118 102 121 84 118 
233 1 5
100 105 104 110 101 
234 10 3
77 109 110 124 82 
235 2 1
86 96 115 116 105 
236 7 4
112 89 75 106 118 
237 7 3
113 92 121 88 122 
238 8 1
100 114 108 104 98 
239 1 2
105 78 106 118 99 
240 3 7
79 85 104 119 101 
241 1 8
94 103 96 85 122 
242 10 4
121 121 99 99 110 
243 10 4
85 106 111 117 110 
244 9 6
84 117 97 91 79 
245 4 3
107 110 116 78 89 
246 3 4
86 106 114 85 104 
247 6 5
92 99 114 102 82 
248 7 1
117 121 82 79 113 
249 10 3
119 110 109 101 95 
250 8 10
111 114 120 75 97 
251 5 1
76 124 119 93 100 
252 4 9
107 84 95 100 82 
253 8 2
120 84 78 116 119 
254 10 10
89 91 124 78 82 
255 7 4
104 105 88 107 106 
256 8 2
81 117 76 113 79 
257 2 6
86 123 123 84 82 
258 2 1
78 115 95 93 83 
259 2 4
90 92 101 119 124 
260 10 8
105 123 105 113 115 
261 2 9
119 77 121 83 75 
262 5 8
85 121 92 88 113 
263 10 4
122 87 81 87 106 
264 3 10
105 98 113 87 96 
265 1 3
89 76 106 85 80 
266 8 9
82 96 110 92 94 
267 6 4
85 121 91 84 84 
268 6 4
115 84 107 98 108 
269 3 6
81 117 113 95 118 
270 2 4
75 123 76 83 96 
271 10 8
118 121 85 80 117 
272 8 5
76 79 112 119 88 
273 3 8
121 119 79 80 112 
274 5 8
107 90 85 110 90 
275 5 4
114 78 95 109 76 
276 2 10
118 85 78 122 89 
277 3 4
104 89 85 101 86 
278 7 4
75 86 85 109 103 
279 2 10
119 110 87 110 115 
280 6 10
116 91 85 111 103 
281 6 6
119 82 103 98 99 
282 1 2
112 82 109 112 93 
283 8 2
123 93 116 119 80 
284 6 10
122 115 75 113 83 
285 1 7
111 102 89 107 112 
286 3 9
86 108 84 123 117 
287 7 8
87 118 83 85 88 
288 2 6
93 82 111 90 122 
289 8 6
81 124 108 119 102 
290 8 8
89 117 110 102 102 
291 7 8
94 119 89 106 114 
292 5 4
77 101 123 97 110 
293 8 10
109 99 121 115 100 
294 1 8
77 104 91 93 96 
295 4 6
123 76 97 94 121 
296 9 3
110 88 121 115 116 
297 7 3
101 108 77 85 84 
298 9 4
110 105 115 114 87 
299 9 9
108 88 80 109 89 
300 1 6
87 93 83 123 108 
301 7 9
99 79 75 75 113 
302 5 2
124 80 91 109 110 
303 9 7
122 91 109 108 104 
304 2 10
120 96 99 83 115 
305 5 7
98 117 121 75 122 
306 9 1
112 80 88 111 85 
307 10 4
120 112 124 120 80 
308 6 1
111 101 124 107 123 
309 6 1
115 87 123 90 79 
310 7 6
76 119 91 113 124 
311 2 8
84 86 75 82 75 
312 10 5
81 109 109 117 85 
313 6 7
85 85 91 75 99 
314 7 7
104 87 108 105 84 
315 10 2
83 108 123 95 121 
316 9 10
121 124 108 79 110 
317 10 10
120 79 100 83 91 
318 5 1
116 85 101 95 100 
319 3 3
109 86 100 119 121 
320 4 5
117 98 120 116 97 
321 1 6
82 124 121 80 80 
322 3 4
99 93 98 90 105 
323 3 8
80 89 116 114 102 
324 8 5
101 117 75 93 91 
325 9 10
115 103 82 123 105 
326 4 6
112 102 95 86 120 
327 6 7
103 122 90 108 88 
328 10 6
118 101 86 94 95 
329 2 10
111 86 124 102 115 
330 7 8
97 86 107 84 114 
331 3 2
111 122 124 89 122 
332 8 1
87 101 100 80 79 
333 7 7
99 124 91 86 88 
334 8 1
80 98 92 102 111 
335 10 7
102 78 84 89 77 
336 2 1
124 103 107 89 79 
337 10 2
83 122 123 107 124 
338 7 6
87 108 110 92 83 
339 5 5
119 80 107 97 83 
340 5 9
86 80 95 87 108 
341 4 7
114 89 123 124 87 
342 9 4
86 89 104 98 122 
343 7 3
82 96 113 76 103 
344 3 6
112 91 90 75 96 
345 7 3
81 116 116 122 80 
346 2 7
94 114 105 105 80 
347 2 6
79 102 122 86 75 
348 6 5
104 83 115 93 101 
349 6 9
75 118 107 81 109 
350 6 5
117 93 75 86 82 
351 3 5
89 118 124 93 96 
352 10 2
98 109 121 79 119 
353 7 3
96 118 117 96 112 
354 8 10
98 77 110 90 96 
355 9 10
105 95 98 122 89 
356 5 6
112 98 122 87 85 
357 4 8
79 106 116 102 99 
358 5 9
86 86 105 112 90 
359 6 5
113 78 108 96 99 
360 9 9
115 108 110 102 81 
361 5 2
91 102 83 98 85 
362 1 1
110 111 76 123 124 
363 2 6
89 121 117 78 77 
364 6 5
103 111 119 93 94 
365 10 8
102 89 113 121 118 
366 10 10
79 76 96 116 112 
367 3 2
111 80 104 77 79 
368 2 8
81 123 108 109 109 
369 8 5
78 82 78 108 96 
370 2 10
91 117 75 95 118 
371 2 4
105 121 80 93 76 
372 7 2
82 82 105 88 80 
373 5 10
115 116 80 120 75 
374 9 1
98 77 84 115 119 
375 2 3
113 110 101 95 106 
376 4 10
109 94 87 117 103 
377 3 8
110 83 84 102 77 
378 5 6
77 98 80 101 100 
379 8 9
96 103 105 84 90 
380 9 1
123 118 96 108 89 
381 6 8
117 104 111 105 113 
382 6 8
115 87 109 119 112 
383 1 3
89 82 115 110 112 
384 4 6
78 108 102 76 102 
385 1 7
118 112 90 113 91 
386 3 9
81 124 102 121 86 
387 3 2
123 79 88 87 86 
388 7 1
75 106 122 80 89 
389 7 8
118 101 120 112 90 
390 2 6
106 90 120 113 89 
391 5 7
101 111 102 101 117 
392 4 2
78 76 116 81 107 
393 9 2
121 91 95 115 119 
394 7 10
84 102 81 115 117 
395 2 1
83 100 92 109 89 
396 7 4
81 116 79 87 117 
397 8 1
99 112 106 98 78 
398 3 6
122 95 119 83 124 
399 3 9
118 80 106 76 107 
400 1 9
121 121 76 80 115 
401 8 10
107 81 114 84 118 
402 3 5
123 101 124 122 121 
403 6 6
120 122 80 113 77 
404 7 1
111 111 103 108 110 
405 2 1
102 113 86 84 119 
406 1 1
114 97 79 114 76 
407 6 7
122 75 116 118 124 
408 9 4
78 112 98 115 98 
409 4 6
85 109 92 112 99 
410 9 10
95 105 96 84 79 
411 9 9
80 108 111 78 111 
412 10 9
112 103 106 116 90 
413 8 4
115 85 85 78 122 
414 8 1
96 82 116 117 112 
415 4 4
116 116 79 122 101 
416 1 3
87 95 75 75 123 
417 2 4
90 113 103 80 76 
418 9 9
123 92 76 96 101 
419 3 6
88 82 94 79 75 
420 4 4
102 90 80 116 110 
421 6 4
110 114 111 75 102 
422 7 7
103 79 91 103 98 
423 8 1
124 87 90 89 94 
424 7 2
97 86 99 124 102 
425 3 3
89 112 111 75 103 
426 5 1
81 116 83 111 122 
427 8 8
96 119 92 97 83 
428 5 8
105 98 83 77 109 
429 5 4
88 91 120 105 81 
430 2 1
109 81 107 117 124 
431 4 2
121 95 123 92 91 
432 6 3
100 76 104 82 99 
433 10 10
86 98 87 101 117 
434 10 7
123 118 111 109 124 
435 2 8
75 89 83 121 111 
436 7 7
77 98 83 104 99 
437 10 7
76 105 122 87 78 
438 2 9
122 96 122 122 89 
439 6 3
90 81 86 90 97 
440 10 2
85 102 104 90 77 
441 8 5
101 103 108 104 83 
442 1 2
89 117 107 86 90 
443 2 10
104 91 118 121 100 
444 5 4
122 100 99 83 77 
445 5 6
79 118 94 107 99 
446 5 3
107 112 80 123 106 
447 10 3
121 95 98 102 114 
448 7 4
89 97 111 86 122 
449 3 2
124 93 121 80 89 
450 9 10
113 99 76 97 86 
451 10 2
117 123 110 115 96 
452 9 8
85 101 115 99 123 
453 9 8
120 116 86 121 86 
454 10 2
100 104 117 88 79 
455 5 9
92 78 86 85 78 
456 7 3
101 79 95 111 107 
457 3 1
105 116 75 102 109 
458 2 4
120 95 101 96 75 
459 9 7
81 89 99 98 94 
460 6 6
98 106 113 124 112 
461 1 9
96 97 75 76 88 
462 1 1
122 88 78 118 109 
463 2 7
111 77 77 119 91 
464 10 8
111 91 80 86 75 
465 6 3
112 80 77 86 102 
466 4 5
116 80 120 115 94 
467 1 6
78 107 78 116 111 
468 9 6
77 112 79 115 78 
469 10 4
78 79 93 118 84 
470 1 5
114 100 95 107 106 
471 6 3
75 91 85 80 75 
472 4 7
111 96 108 115 83 
473 8 4
89 122 113 94 78 
474 9 5
90 106 93 79 81 
475 2 7
112 81 85 114 99 
476 3 5
101 111 115 87 82 
477 4 6
93 86 115 109 85 
478 1 4
90 114 93 105 95 
479 9 7
103 104 99 93 113 
480 8 8
87 84 77 114 120 
481 3 4
80 93 85 100 106 
482 3 10
118 108 89 83 99 
483 5 2
121 100 102 99 81 
484 5 3
119 116 75 84 75 
485 5 9
123 123 78 80 91 
486 7 3
124 93 118 117 78 
487 8 4
102 119 119 100 94 
488 4 1
100 102 119 97 95 
489 7 2
98 75 106 98 124 
490 7 9
92 77 85 92 98 
491 4 2
101 87 91 79 83 
492 1 2
102 111 108 80 90 
493 9 10
113 101 87 86 102 
494 4 5
103 106 89 120 109 
495 7 5
82 104 103 110 118 
496 5 10
77 82 98 106 120 
497 7 9
85 109 92 123 88 
498 10 2
117 99 120 95 81 
499 2 8
117 112 109 124 93 

