50 5 3503
0 47 86
101 98 98 98 100 
1 77 2
102 101 102 101 102 
2 3 42
102 98 99 98 98 
3 43 39
101 101 100 98 100 
4 69 99
102 102 99 102 99 
5 62 16
101 98 101 102 101 
6 93 88
101 100 99 100 100 
7 83 100
102 102 100 101 100 
8 37 86
99 102 98 99 99 
9 72 68
100 101 100 101 101 
10 51 3
101 98 98 99 100 
11 72 16
99 101 99 99 100 
12 5 7
99 98 99 101 100 
13 27 7
101 101 101 98 101 
14 57 6
99 101 101 102 101 
15 99 94
100 99 98 99 102 
16 28 23
101 101 98 99 101 
17 72 95
100 102 100 98 100 
18 27 39
98 102 101 101 102 
19 52 71
101 99 98 98 100 
20 28 14
101 102 98 101 102 
21 16 86
101 101 99 100 101 
22 85 79
100 100 101 98 101 
23 12 11
100 98 100 98 101 
24 48 89
101 100 99 101 101 
25 90 48
101 99 102 101 100 
26 16 26
98 99 101 102 101 
27 72 45
101 98 100 99 98 
28 40 49
98 102 101 101 99 
29 43 58
102 99 99 100 102 
30 41 11
99 98 99 101 102 
31 92 1
102 101 102 101 98 
32 52 45
100 101 102 100 100 
33 34 89
101 98 98 100 101 
34 2 23
102 99 100 101 101 
35 21 62
100 100 99 100 100 
36 59 71
100 99 99 102 102 
37 11 4
101 98 99 99 100 
38 89 87
98 102 101 100 100 
39 93 71
99 101 101 98 100 
40 98 75
102 100 102 101 101 
41 63 15
98 98 100 101 98 
42 62 3
101 102 98 98 99 
43 1 58
101 100 102 99 100 
44 64 100
102 100 101 98 102 
45 71 76
102 100 102 102 100 
46 60 81
98 98 102 98 99 
47 75 53
100 102 100 101 101 
48 42 95
99 99 98 100 101 
49 20 6
100 102 98 102 99 

