50 5 4465
0 1 10
113 100 86 123 89 
1 8 6
102 117 104 124 118 
2 8 10
79 98 92 105 77 
3 3 10
90 92 116 85 105 
4 7 4
88 111 107 77 86 
5 7 3
102 98 122 82 92 
6 9 7
85 90 81 89 115 
7 6 5
120 124 91 85 91 
8 10 4
123 80 111 87 118 
9 2 7
81 92 93 111 115 
10 8 4
85 120 124 95 87 
11 8 8
79 110 108 124 109 
12 10 3
78 85 112 76 92 
13 4 6
85 121 106 94 90 
14 2 6
83 93 123 93 90 
15 10 9
102 84 102 107 121 
16 2 4
107 87 122 110 98 
17 5 10
117 85 79 80 81 
18 9 5
97 116 106 107 85 
19 2 1
100 105 115 80 116 
20 9 8
112 104 97 97 116 
21 1 10
91 81 123 84 91 
22 6 7
100 120 115 124 111 
23 2 2
123 77 106 101 109 
24 4 2
103 116 95 92 97 
25 3 10
91 89 124 109 96 
26 10 6
114 81 86 89 76 
27 2 4
115 99 121 113 103 
28 10 7
88 78 122 116 119 
29 10 9
94 89 75 110 103 
30 10 10
76 75 90 116 82 
31 7 8
85 105 98 75 81 
32 10 2
110 124 82 123 79 
33 8 2
123 101 76 94 115 
34 2 5
96 77 101 97 78 
35 4 6
87 94 100 97 76 
36 9 4
83 94 91 118 93 
37 4 4
97 107 111 98 84 
38 8 3
76 116 124 99 120 
39 6 10
75 93 89 87 114 
40 10 6
118 114 85 76 84 
41 7 7
104 76 116 77 109 
42 8 8
120 89 96 121 82 
43 1 2
80 122 95 80 90 
44 7 9
82 103 80 75 92 
45 8 2
101 120 124 81 121 
46 1 1
105 92 114 100 108 
47 1 5
118 108 122 123 105 
48 10 4
123 80 98 80 110 
49 1 6
78 124 83 106 119 

