500 5 24795
0 47 86
118 90 75 90 122 
1 77 2
114 108 74 143 89 
2 3 42
114 125 51 145 65 
3 43 39
108 123 97 135 87 
4 69 99
104 64 86 124 56 
5 62 16
128 140 118 144 98 
6 93 88
138 97 131 102 72 
7 83 100
139 74 87 98 147 
8 37 86
136 54 85 91 121 
9 72 68
127 83 132 58 73 
10 51 3
73 145 140 61 92 
11 72 16
66 103 116 56 127 
12 5 7
76 90 141 63 147 
13 27 7
118 148 123 95 133 
14 57 6
56 108 58 79 103 
15 99 94
97 71 110 66 124 
16 28 23
53 133 130 131 73 
17 72 95
122 99 102 90 97 
18 27 39
80 84 93 138 94 
19 52 71
148 51 65 95 72 
20 28 14
98 104 85 53 139 
21 16 86
63 88 81 87 138 
22 85 79
137 112 118 120 98 
23 12 11
142 65 82 140 118 
24 48 89
93 77 51 93 83 
25 90 48
73 106 134 138 97 
26 16 26
85 101 53 124 63 
27 72 45
63 85 57 56 100 
28 40 49
120 89 138 63 116 
29 43 58
149 81 106 72 89 
30 41 11
136 105 86 123 109 
31 92 1
74 113 94 88 100 
32 52 45
102 93 94 72 132 
33 34 89
98 125 95 97 108 
34 2 23
99 91 82 138 98 
35 21 62
57 62 111 82 77 
36 59 71
127 111 116 79 54 
37 11 4
88 145 141 136 72 
38 89 87
130 139 58 132 132 
39 93 71
81 63 133 140 127 
40 98 75
54 57 94 83 118 
41 63 15
75 75 67 113 70 
42 62 3
93 99 90 125 141 
43 1 58
123 142 129 106 107 
44 64 100
84 62 123 140 69 
45 71 76
89 82 139 114 107 
46 60 81
80 70 84 75 71 
47 75 53
62 124 112 88 68 
48 42 95
126 106 95 112 118 
49 20 6
137 139 130 129 71 
50 23 44
81 83 125 63 103 
51 10 39
76 85 140 89 59 
52 5 30
78 96 73 106 104 
53 22 19
73 90 125 112 79 
54 9 42
52 80 87 135 113 
55 13 99
118 124 138 144 59 
56 32 86
121 85 64 149 131 
57 91 56
86 61 75 61 53 
58 2 74
134 111 117 136 141 
59 5 73
56 118 72 124 144 
60 12 21
106 144 108 77 79 
61 25 79
113 64 135 101 127 
62 63 63
82 65 137 66 126 
63 7 4
117 112 77 123 133 
64 2 100
127 114 122 135 108 
65 31 13
138 104 92 101 71 
66 28 55
100 140 118 133 55 
67 56 100
132 64 104 51 126 
68 82 28
109 85 76 139 149 
69 99 75
108 78 89 96 85 
70 82 50
106 111 53 108 53 
71 72 42
110 128 143 92 142 
72 48 97
71 131 73 130 66 
73 2 22
65 50 146 75 130 
74 88 24
117 118 122 125 131 
75 28 35
134 100 77 95 131 
76 21 40
123 70 137 96 103 
77 11 80
119 114 50 86 114 
78 97 15
146 133 87 66 54 
79 11 92
135 139 127 72 90 
80 6 68
71 127 108 96 99 
81 47 94
52 58 122 121 122 
82 73 61
138 71 124 87 106 
83 12 54
62 123 146 100 113 
84 75 73
105 81 141 126 58 
85 2 75
60 97 69 62 58 
86 92 37
130 66 146 119 139 
87 23 7
147 135 61 60 61 
88 8 13
124 131 86 131 62 
89 28 10
123 130 133 133 130 
90 4 96
138 96 133 118 64 
91 80 90
53 103 145 103 89 
92 7 16
100 116 77 126 97 
93 64 10
62 92 68 87 124 
94 2 73
104 54 69 92 53 
95 4 12
67 132 102 123 138 
96 49 27
129 56 91 131 122 
97 21 58
122 85 116 134 127 
98 37 74
101 87 95 108 144 
99 65 1
147 117 113 116 52 
100 17 40
140 66 67 71 124 
101 11 3
97 132 61 121 67 
102 30 8
96 115 130 148 52 
103 26 57
98 91 58 147 59 
104 73 65
113 138 105 55 106 
105 26 27
80 137 78 79 120 
106 40 1
137 70 57 84 135 
107 88 85
89 114 142 90 108 
108 1 38
117 122 103 132 62 
109 62 88
70 136 115 101 123 
110 94 81
145 134 131 133 106 
111 41 18
91 130 51 82 146 
112 94 73
104 95 60 123 120 
113 16 56
84 126 144 105 64 
114 60 7
90 54 88 85 90 
115 20 19
146 62 137 87 142 
116 41 71
138 135 144 93 81 
117 5 17
103 122 74 137 98 
118 19 43
65 128 50 105 132 
119 40 43
73 60 63 69 72 
120 53 10
64 143 81 105 80 
121 26 51
111 132 68 64 104 
122 43 55
52 111 146 119 141 
123 98 77
123 86 69 98 96 
124 85 21
119 86 79 85 79 
125 61 43
110 87 94 123 69 
126 64 41
123 107 144 78 120 
127 91 98
111 89 124 137 125 
128 46 88
124 79 57 145 115 
129 37 83
145 98 75 57 136 
130 22 81
55 134 70 81 144 
131 67 60
114 107 106 128 146 
132 83 18
74 77 54 100 106 
133 13 46
72 98 129 119 99 
134 57 77
85 128 58 142 64 
135 82 24
58 97 132 75 106 
136 92 4
55 123 70 131 103 
137 77 32
59 138 78 133 139 
138 8 5
88 114 82 75 144 
139 42 70
58 124 143 67 123 
140 28 43
80 120 147 137 146 
141 70 69
99 95 101 60 84 
142 32 95
125 88 148 115 104 
143 32 91
98 74 61 107 148 
144 5 27
73 134 70 103 104 
145 70 93
100 88 110 101 85 
146 64 63
71 144 58 146 83 
147 59 62
89 91 53 138 67 
148 16 98
117 121 73 141 105 
149 96 45
112 114 87 114 52 
150 50 17
139 115 80 61 109 
151 39 8
94 98 71 134 140 
152 77 25
57 141 71 125 65 
153 97 67
72 141 112 134 105 
154 52 50
59 103 67 148 68 
155 48 62
79 87 119 124 135 
156 43 11
77 68 136 85 112 
157 60 63
79 105 130 101 148 
158 95 37
55 148 87 116 53 
159 7 17
71 55 128 52 92 
160 100 29
129 91 88 57 61 
161 77 95
75 85 58 104 92 
162 89 7
142 84 144 147 82 
163 84 16
85 139 82 58 144 
164 11 64
138 111 141 117 104 
165 83 75
67 108 118 93 144 
166 77 50
138 66 57 131 101 
167 54 31
85 86 96 73 127 
168 79 84
121 90 96 109 51 
169 91 80
105 122 103 122 80 
170 75 68
126 100 119 115 69 
171 77 99
72 80 78 107 68 
172 75 33
146 54 118 69 94 
173 67 32
147 106 60 54 78 
174 64 30
61 87 146 89 90 
175 18 57
109 144 104 83 126 
176 84 91
144 59 125 92 64 
177 44 63
60 111 143 58 68 
178 4 65
148 68 143 111 58 
179 43 2
98 109 107 109 103 
180 65 93
131 149 84 126 58 
181 62 71
72 106 82 83 68 
182 78 94
86 130 107 84 101 
183 52 97
109 143 99 57 54 
184 59 19
108 72 60 141 71 
185 97 20
80 108 140 54 64 
186 23 90
82 102 84 118 134 
187 93 56
85 145 53 144 90 
188 5 54
94 112 121 104 87 
189 34 47
108 80 115 90 90 
190 56 98
104 80 136 137 132 
191 74 8
116 115 64 52 62 
192 70 49
102 123 104 146 138 
193 26 4
75 61 99 133 143 
194 15 77
83 72 75 137 102 
195 64 27
84 86 136 102 51 
196 53 7
115 72 105 67 97 
197 10 67
85 136 119 110 99 
198 71 97
92 134 122 125 56 
199 98 16
60 110 91 146 99 
200 80 50
100 82 57 118 104 
201 15 86
103 125 53 139 112 
202 25 50
113 144 95 56 81 
203 70 34
139 68 98 50 81 
204 43 97
130 71 147 132 103 
205 6 51
109 69 138 63 97 
206 92 55
111 118 105 74 112 
207 2 31
143 72 114 133 143 
208 65 84
74 56 81 106 78 
209 82 39
83 136 91 95 107 
210 30 11
54 122 114 115 90 
211 72 91
105 74 122 98 97 
212 89 84
142 103 68 66 109 
213 51 25
89 81 112 75 119 
214 56 23
76 86 82 133 59 
215 49 49
51 69 140 106 94 
216 16 58
93 53 90 85 106 
217 60 4
118 111 77 57 94 
218 42 85
115 147 56 93 83 
219 91 27
144 88 77 98 60 
220 70 5
56 134 63 99 138 
221 55 37
146 115 89 114 128 
222 67 25
124 109 58 89 106 
223 68 83
92 107 111 86 98 
224 89 37
108 107 91 114 144 
225 7 66
132 110 103 128 127 
226 93 44
57 60 69 131 119 
227 80 21
128 96 105 70 54 
228 17 9
102 54 95 112 63 
229 39 79
57 94 145 91 107 
230 49 21
84 90 65 144 52 
231 35 76
121 63 98 51 62 
232 4 22
66 69 132 70 125 
233 28 35
138 67 114 98 63 
234 60 90
120 109 111 107 149 
235 77 52
103 112 128 126 78 
236 27 79
90 79 149 58 50 
237 34 81
125 110 64 66 79 
238 31 65
93 139 55 63 98 
239 68 23
149 93 123 54 108 
240 53 81
136 80 108 128 110 
241 11 87
110 93 68 138 106 
242 85 5
135 64 118 130 105 
243 74 47
105 90 118 104 86 
244 95 11
144 148 140 82 78 
245 2 11
90 61 98 103 56 
246 67 42
112 100 95 50 66 
247 66 33
121 88 128 76 81 
248 100 33
69 143 92 115 93 
249 85 98
121 135 109 62 98 
250 60 66
105 75 56 119 77 
251 4 70
145 118 104 116 108 
252 33 45
139 81 126 110 126 
253 71 26
69 56 124 93 142 
254 86 8
142 94 122 97 71 
255 31 18
50 135 88 145 103 
256 93 62
61 127 107 103 110 
257 86 66
139 105 141 58 64 
258 18 52
108 53 108 100 149 
259 83 99
71 114 117 71 99 
260 58 18
52 100 80 116 129 
261 89 72
89 123 86 130 79 
262 80 90
145 147 142 103 102 
263 4 4
101 87 103 122 52 
264 21 95
53 128 113 108 130 
265 94 25
61 131 97 52 105 
266 84 84
86 113 122 81 62 
267 17 85
114 69 137 117 59 
268 42 41
61 63 136 64 141 
269 50 25
73 144 98 84 126 
270 48 38
81 81 70 69 96 
271 45 51
60 110 136 76 82 
272 26 94
91 68 135 54 82 
273 24 71
125 74 145 149 69 
274 96 86
145 93 124 128 76 
275 95 98
122 140 149 84 53 
276 86 61
137 60 55 78 79 
277 44 85
111 116 104 138 141 
278 50 40
112 147 75 59 90 
279 100 88
116 96 86 140 138 
280 36 25
141 122 86 128 132 
281 42 59
113 86 92 126 53 
282 50 66
96 100 54 58 97 
283 82 18
137 83 106 55 81 
284 93 96
69 129 121 61 101 
285 8 42
135 51 50 51 139 
286 95 78
142 93 144 88 144 
287 52 99
91 82 117 131 67 
288 24 87
98 117 132 118 96 
289 6 32
99 115 74 137 68 
290 25 89
57 121 115 50 64 
291 13 91
110 113 91 52 97 
292 9 84
115 134 71 63 101 
293 56 34
100 111 66 101 76 
294 42 39
94 67 128 53 138 
295 97 56
105 58 148 65 121 
296 40 70
68 149 54 133 133 
297 27 50
137 131 84 87 92 
298 4 41
70 146 81 66 115 
299 10 21
56 55 77 111 63 
300 26 29
134 66 148 53 66 
301 55 39
101 130 137 88 112 
302 75 28
106 127 118 79 75 
303 100 46
140 58 67 146 116 
304 46 10
129 72 88 114 89 
305 89 20
105 92 107 108 73 
306 98 98
87 73 126 95 102 
307 45 27
127 145 122 69 106 
308 42 17
72 88 75 51 111 
309 16 18
50 53 138 57 96 
310 47 66
71 145 64 60 120 
311 92 8
72 137 84 101 133 
312 59 71
141 149 136 63 88 
313 65 67
101 129 86 53 133 
314 25 11
131 72 77 104 119 
315 43 17
89 83 73 111 70 
316 58 65
105 117 85 96 69 
317 74 12
59 87 128 110 67 
318 67 64
102 140 75 83 63 
319 53 88
84 144 105 124 129 
320 79 88
102 138 102 57 105 
321 40 55
124 62 115 133 100 
322 96 96
69 111 108 121 54 
323 36 57
67 138 145 53 84 
324 51 78
64 78 67 116 118 
325 70 74
126 110 129 100 122 
326 98 87
72 142 83 143 56 
327 45 65
60 129 70 129 69 
328 16 83
104 115 62 70 96 
329 30 87
64 100 61 140 60 
330 44 94
132 90 81 107 134 
331 65 51
140 58 65 102 90 
332 88 32
109 53 116 63 70 
333 79 34
116 109 121 83 59 
334 36 24
69 128 118 103 120 
335 100 11
104 114 63 147 74 
336 81 2
114 117 83 74 72 
337 52 90
145 79 73 63 138 
338 47 47
99 131 72 118 109 
339 91 74
79 140 134 86 56 
340 50 86
132 79 136 97 98 
341 72 24
121 72 62 116 53 
342 88 80
93 84 128 142 65 
343 1 13
77 140 136 58 82 
344 23 45
88 121 131 71 102 
345 69 21
50 89 93 121 64 
346 8 90
67 97 71 111 131 
347 100 54
98 149 68 77 139 
348 5 37
72 76 82 62 99 
349 15 86
51 132 55 51 123 
350 49 26
137 58 64 55 105 
351 36 19
138 136 73 86 135 
352 42 65
77 95 102 51 73 
353 85 14
74 148 149 75 82 
354 5 80
56 55 54 143 115 
355 71 51
70 108 118 58 94 
356 93 97
132 135 62 59 81 
357 65 11
56 51 125 81 101 
358 75 9
134 81 137 92 138 
359 44 88
103 116 140 123 74 
360 59 34
70 52 131 52 90 
361 95 12
73 60 123 79 61 
362 50 13
113 125 71 149 56 
363 61 94
96 54 130 149 120 
364 71 25
96 131 59 116 85 
365 92 22
77 135 82 100 145 
366 59 81
109 109 94 124 84 
367 66 26
143 76 68 89 132 
368 51 92
54 123 65 100 56 
369 26 69
143 118 139 71 103 
370 75 72
50 82 53 61 141 
371 49 86
127 115 112 120 93 
372 81 63
75 133 103 131 106 
373 69 32
64 95 50 57 63 
374 90 29
68 113 102 121 97 
375 56 83
140 105 70 118 71 
376 83 39
114 65 50 92 148 
377 54 24
56 124 57 70 121 
378 60 80
87 50 58 57 66 
379 13 31
113 69 115 104 125 
380 86 75
98 69 62 114 84 
381 66 7
134 120 132 140 146 
382 42 63
70 50 92 107 50 
383 3 17
66 64 97 82 83 
384 13 39
110 99 62 110 118 
385 77 26
105 91 133 89 114 
386 66 83
110 108 146 130 108 
387 39 90
61 90 56 77 56 
388 6 12
142 67 99 54 116 
389 14 66
136 140 140 91 81 
390 74 34
145 141 117 58 99 
391 64 89
110 52 80 121 144 
392 37 99
51 91 112 95 60 
393 12 50
78 127 64 64 117 
394 5 9
148 80 91 96 71 
395 61 7
72 73 96 132 127 
396 77 54
74 114 54 75 107 
397 67 71
117 79 69 145 56 
398 87 11
123 140 68 74 70 
399 12 23
143 121 130 118 96 
400 27 51
126 53 106 50 69 
401 13 26
127 128 97 94 109 
402 19 93
68 54 52 93 97 
403 73 20
69 85 143 115 108 
404 74 34
54 50 85 130 105 
405 44 81
124 105 107 101 135 
406 57 49
95 77 90 65 81 
407 95 11
80 68 80 100 103 
408 24 16
61 99 50 117 99 
409 36 1
106 81 82 132 136 
410 91 87
122 148 84 119 75 
411 27 85
59 70 144 89 140 
412 77 42
93 102 58 56 51 
413 9 26
52 146 75 108 77 
414 59 93
63 50 128 87 100 
415 13 7
126 140 92 87 60 
416 38 29
102 115 120 97 67 
417 79 54
68 89 129 122 137 
418 57 31
64 64 73 129 116 
419 2 18
67 116 125 95 106 
420 19 83
69 57 60 121 122 
421 33 20
140 61 74 110 52 
422 56 34
139 62 65 105 128 
423 91 35
147 94 53 64 112 
424 80 12
68 147 143 139 106 
425 56 14
78 138 82 120 101 
426 9 84
103 66 118 144 78 
427 84 50
108 76 85 57 72 
428 40 74
134 68 134 104 117 
429 30 45
125 135 107 53 123 
430 42 27
126 51 111 131 67 
431 30 76
147 114 126 58 140 
432 12 16
62 100 139 146 70 
433 26 4
89 105 97 64 90 
434 57 71
115 147 98 91 148 
435 10 75
118 88 99 115 52 
436 78 74
95 138 91 59 141 
437 31 59
61 105 111 53 112 
438 9 70
52 114 89 69 63 
439 88 61
113 146 84 81 84 
440 36 50
139 62 72 84 103 
441 64 44
94 95 51 57 103 
442 15 11
65 72 130 120 88 
443 72 90
101 109 100 117 57 
444 37 99
144 74 97 133 138 
445 23 70
91 135 114 135 133 
446 19 94
86 82 105 53 57 
447 88 74
95 109 113 99 120 
448 66 17
127 51 116 121 127 
449 15 7
116 138 125 57 75 
450 93 46
58 112 140 146 144 
451 46 1
103 135 123 149 94 
452 37 49
64 51 66 141 105 
453 83 16
134 146 71 100 86 
454 50 11
112 143 57 120 105 
455 98 20
51 144 69 105 129 
456 93 7
125 131 56 139 84 
457 23 34
91 54 98 76 103 
458 22 77
139 72 88 101 65 
459 46 75
72 144 143 74 91 
460 65 32
70 58 87 98 139 
461 44 90
126 67 72 67 71 
462 23 96
76 146 74 66 68 
463 63 20
84 110 95 58 104 
464 91 33
97 104 65 70 113 
465 53 69
54 97 107 130 114 
466 33 51
88 104 95 114 52 
467 70 33
71 134 54 57 94 
468 50 16
100 90 50 100 144 
469 16 71
59 70 88 64 117 
470 48 47
134 129 98 72 136 
471 47 39
138 65 121 59 101 
472 76 69
97 126 86 100 66 
473 37 1
113 101 120 122 121 
474 61 39
141 57 135 125 89 
475 86 50
75 81 89 63 149 
476 63 76
100 139 93 148 116 
477 32 1
84 117 102 147 121 
478 23 23
144 84 110 135 143 
479 98 13
82 133 63 107 64 
480 6 24
63 117 100 114 107 
481 46 15
73 127 116 107 94 
482 19 8
117 142 79 112 76 
483 42 100
121 89 114 54 124 
484 30 14
138 84 138 52 52 
485 39 19
109 134 134 84 111 
486 51 44
107 118 52 75 62 
487 84 40
88 75 88 111 66 
488 55 66
140 134 81 128 120 
489 20 33
122 60 52 133 144 
490 87 70
57 138 115 114 58 
491 68 42
70 101 130 60 78 
492 72 73
146 127 139 136 111 
493 73 17
82 94 51 106 104 
494 4 93
50 92 111 57 132 
495 79 24
141 96 115 113 99 
496 98 27
79 118 100 75 96 
497 40 12
109 114 129 93 58 
498 81 53
64 86 94 64 128 
499 58 22
110 86 146 53 84 

