500 5 44811
0 4 7
102 100 98 100 101 
1 3 10
96 97 102 95 104 
2 4 7
95 101 97 101 96 
3 9 8
104 97 95 97 98 
4 8 6
104 97 97 103 104 
5 8 4
101 96 97 104 98 
6 2 10
99 102 103 99 100 
7 1 4
101 96 95 101 98 
8 3 1
101 96 100 100 99 
9 8 7
100 101 104 98 102 
10 5 6
97 100 99 102 99 
11 5 4
95 102 103 101 103 
12 9 5
98 96 99 104 97 
13 1 7
103 104 97 101 101 
14 5 10
100 95 99 103 102 
15 2 8
97 102 97 97 101 
16 2 1
101 96 100 104 99 
17 10 1
104 96 102 102 96 
18 2 6
104 102 102 101 102 
19 4 7
100 101 98 104 99 
20 9 2
97 104 98 104 95 
21 9 9
100 95 104 101 98 
22 9 6
101 96 96 100 104 
23 9 5
103 96 95 98 95 
24 5 5
99 99 102 101 98 
25 2 8
100 104 101 97 96 
26 8 9
100 102 99 96 103 
27 6 10
102 100 98 103 103 
28 4 2
103 104 101 99 98 
29 4 4
103 101 95 99 103 
30 9 9
104 102 102 101 99 
31 4 1
98 95 104 97 100 
32 5 1
100 104 99 101 104 
33 3 3
99 102 102 100 99 
34 9 2
97 103 104 98 101 
35 9 1
97 96 95 100 96 
36 2 1
103 100 95 101 99 
37 7 3
100 103 101 97 103 
38 5 8
97 99 95 101 97 
39 10 10
95 103 96 98 96 
40 2 1
98 99 95 98 104 
41 2 10
101 104 98 98 103 
42 1 6
101 101 99 95 95 
43 5 7
97 101 102 100 101 
44 10 9
102 97 103 97 104 
45 10 7
95 97 102 101 96 
46 4 3
96 100 104 104 96 
47 5 10
96 95 102 100 103 
48 8 1
99 103 95 99 97 
49 10 7
96 95 99 97 97 
50 3 1
100 100 97 104 95 
51 3 9
98 103 95 99 95 
52 10 2
104 101 97 100 99 
53 5 10
104 98 101 95 100 
54 1 3
104 99 98 100 96 
55 8 5
98 96 99 101 104 
56 5 3
97 101 99 96 97 
57 9 9
104 97 103 103 103 
58 7 9
98 103 98 98 98 
59 9 1
99 102 101 103 104 
60 1 7
103 102 104 95 98 
61 4 4
102 98 97 101 100 
62 3 7
100 103 102 104 101 
63 1 5
96 95 99 103 102 
64 1 9
101 97 99 102 104 
65 4 10
97 103 98 95 96 
66 8 9
104 96 100 99 104 
67 3 6
102 99 104 104 99 
68 6 10
98 100 102 95 103 
69 2 10
104 102 103 97 100 
70 4 5
104 95 97 95 96 
71 10 7
97 96 97 95 102 
72 4 2
96 104 95 100 101 
73 8 8
99 95 101 99 102 
74 5 9
100 103 97 101 95 
75 7 7
99 101 97 103 104 
76 7 1
102 95 96 95 96 
77 4 8
102 97 101 99 100 
78 3 1
97 104 95 104 104 
79 5 6
96 95 98 102 103 
80 9 7
95 99 101 102 101 
81 1 10
102 100 104 102 103 
82 6 4
98 103 98 102 104 
83 4 8
103 102 99 96 104 
84 1 10
103 103 100 103 99 
85 4 8
96 98 103 95 104 
86 8 10
104 98 97 99 98 
87 8 2
97 97 95 97 96 
88 8 6
96 102 99 96 102 
89 2 2
96 102 95 99 95 
90 9 6
96 101 101 97 96 
91 10 7
99 103 95 103 96 
92 1 3
97 104 102 100 101 
93 5 7
98 102 104 102 99 
94 10 2
102 95 101 95 103 
95 6 4
104 99 96 100 99 
96 2 6
100 99 104 103 98 
97 9 6
97 97 97 102 95 
98 4 5
101 98 101 98 98 
99 5 5
98 104 102 97 100 
100 9 10
95 97 99 102 101 
101 6 8
96 98 98 98 103 
102 6 2
95 103 102 101 98 
103 6 1
103 95 99 96 96 
104 4 6
104 98 99 96 100 
105 1 9
98 100 101 100 104 
106 10 1
102 101 98 102 101 
107 2 6
95 101 100 95 103 
108 2 3
97 101 104 96 95 
109 5 3
102 99 95 98 97 
110 9 1
98 102 95 95 98 
111 5 10
97 102 99 97 100 
112 3 5
99 98 103 101 95 
113 9 10
97 97 98 96 103 
114 4 5
97 97 99 100 96 
115 8 6
102 96 101 104 103 
116 2 4
98 98 102 104 103 
117 7 8
95 99 103 99 103 
118 2 7
103 100 97 96 104 
119 10 7
95 101 99 104 104 
120 1 9
104 98 96 99 103 
121 10 7
102 102 98 102 96 
122 3 3
96 100 95 104 95 
123 5 1
96 98 102 99 96 
124 2 4
95 98 97 96 102 
125 6 7
100 99 97 97 96 
126 8 3
99 96 101 100 102 
127 9 6
104 97 102 98 101 
128 5 8
104 102 97 97 96 
129 7 4
95 97 96 100 101 
130 6 1
95 98 99 101 101 
131 1 3
100 103 104 100 95 
132 7 1
103 98 102 103 97 
133 2 1
100 103 100 100 95 
134 8 4
103 97 98 95 102 
135 8 8
101 104 96 96 104 
136 1 9
104 103 103 95 98 
137 8 1
101 104 97 96 102 
138 8 10
102 101 97 102 96 
139 6 9
103 99 100 101 100 
140 7 9
99 103 103 98 103 
141 8 6
97 99 100 95 100 
142 8 4
97 102 97 96 98 
143 5 10
99 96 104 100 102 
144 5 2
97 97 96 101 97 
145 1 3
97 104 102 99 98 
146 6 7
96 99 95 98 96 
147 3 8
102 104 103 96 95 
148 8 7
95 96 95 97 100 
149 2 10
102 96 98 96 97 
150 1 7
103 102 99 104 97 
151 5 5
100 104 96 97 103 
152 10 7
95 101 99 95 104 
153 5 6
99 101 101 98 104 
154 10 6
97 96 98 95 104 
155 10 2
98 99 100 103 100 
156 8 4
98 103 104 100 100 
157 4 9
101 95 98 98 101 
158 2 9
102 95 100 96 96 
159 1 4
95 95 99 100 99 
160 3 5
104 104 104 99 104 
161 9 2
101 98 104 98 98 
162 5 7
96 100 101 96 102 
163 3 3
104 97 103 96 97 
164 5 8
103 101 98 102 102 
165 3 4
102 97 100 98 102 
166 7 9
96 98 101 99 95 
167 4 6
103 100 95 104 104 
168 9 1
97 99 104 95 96 
169 3 1
95 101 98 104 95 
170 9 4
103 102 98 96 95 
171 1 6
95 98 96 103 95 
172 2 8
104 96 95 98 100 
173 10 5
103 99 101 104 97 
174 10 1
98 95 98 98 102 
175 10 5
104 104 96 104 99 
176 3 1
101 100 104 100 101 
177 2 2
99 98 102 97 102 
178 4 4
104 97 99 99 99 
179 10 10
98 103 98 97 104 
180 6 5
98 104 99 104 100 
181 6 8
98 104 95 102 97 
182 8 3
104 95 100 95 99 
183 2 8
104 98 101 97 96 
184 3 6
98 104 96 103 103 
185 8 1
100 97 102 104 96 
186 10 7
98 101 103 99 101 
187 7 8
97 102 99 96 95 
188 1 7
99 99 98 102 98 
189 5 8
97 96 102 104 100 
190 7 9
104 100 100 97 96 
191 6 10
104 96 101 97 96 
192 1 6
98 97 96 104 102 
193 7 9
97 95 101 99 98 
194 4 7
104 95 99 103 100 
195 2 3
104 102 98 103 95 
196 10 3
98 96 103 102 99 
197 2 7
98 103 100 100 95 
198 2 3
101 99 103 100 101 
199 3 6
97 101 104 96 98 
200 4 2
100 97 101 104 99 
201 5 7
95 102 99 98 102 
202 10 1
95 97 97 101 104 
203 1 4
100 100 103 102 96 
204 8 1
101 95 99 96 98 
205 1 3
104 101 95 104 98 
206 6 5
98 101 99 98 96 
207 10 2
95 104 99 100 101 
208 3 6
104 96 102 102 99 
209 2 2
104 96 98 103 102 
210 5 10
98 96 98 103 102 
211 10 4
103 103 99 95 95 
212 9 7
103 97 98 103 100 
213 1 6
104 97 101 103 100 
214 3 9
98 101 102 103 102 
215 3 7
101 97 104 102 95 
216 4 8
97 98 100 96 102 
217 9 10
99 96 101 99 98 
218 6 5
103 102 98 98 100 
219 1 2
99 100 102 95 102 
220 9 10
104 98 104 99 101 
221 5 6
100 100 101 95 101 
222 3 7
104 104 97 104 101 
223 6 6
98 103 101 102 98 
224 7 1
97 101 104 98 95 
225 9 8
101 100 97 99 95 
226 1 7
103 100 99 104 99 
227 7 9
98 97 98 101 97 
228 3 5
102 95 99 104 101 
229 6 5
101 99 97 100 96 
230 7 2
98 102 102 96 97 
231 2 1
103 104 95 96 98 
232 5 9
100 103 97 97 95 
233 7 4
101 96 95 100 102 
234 5 3
95 95 98 98 104 
235 1 5
98 98 99 97 99 
236 6 4
103 96 96 98 96 
237 6 9
96 98 98 104 102 
238 6 5
99 104 101 102 97 
239 2 1
96 98 102 102 101 
240 4 10
96 95 99 96 96 
241 9 7
99 98 99 102 102 
242 1 8
99 100 98 95 102 
243 3 10
104 98 95 97 102 
244 10 10
100 97 95 103 98 
245 6 10
101 100 101 98 95 
246 3 1
102 99 102 98 95 
247 2 7
102 100 102 103 103 
248 10 1
102 103 95 98 96 
249 1 4
101 102 98 97 97 
250 2 6
98 98 103 97 103 
251 6 9
95 103 101 104 98 
252 4 8
99 98 102 96 98 
253 10 7
99 97 95 97 104 
254 6 8
99 101 99 104 96 
255 3 4
96 103 96 98 103 
256 10 3
99 100 96 95 95 
257 2 4
98 95 95 95 97 
258 3 3
99 102 104 103 100 
259 5 8
103 101 95 95 101 
260 5 4
102 100 103 96 95 
261 10 4
95 97 101 99 98 
262 9 7
102 95 103 96 104 
263 9 2
101 99 103 100 95 
264 2 6
104 102 95 101 97 
265 9 10
100 95 97 102 97 
266 9 2
102 102 104 102 104 
267 9 9
104 103 95 100 97 
268 1 3
99 98 102 98 95 
269 1 2
100 103 95 95 95 
270 5 8
100 98 96 99 97 
271 1 2
98 95 95 99 103 
272 3 3
95 97 99 100 103 
273 5 1
103 99 97 100 99 
274 3 8
100 102 100 97 97 
275 9 7
101 95 95 104 96 
276 3 7
104 99 103 97 103 
277 3 8
103 101 102 102 95 
278 10 5
100 99 97 97 98 
279 10 7
100 102 99 98 104 
280 5 5
95 101 95 97 97 
281 9 5
98 96 96 96 104 
282 1 1
95 97 100 102 101 
283 10 2
104 103 102 101 100 
284 2 2
99 103 100 102 101 
285 7 10
96 99 98 101 102 
286 7 10
102 101 95 104 95 
287 8 7
101 103 102 102 101 
288 7 6
98 102 101 104 102 
289 3 7
99 95 102 100 99 
290 1 2
97 103 95 96 100 
291 3 1
102 96 101 99 104 
292 6 4
100 96 96 95 95 
293 8 1
103 96 101 99 96 
294 5 10
103 101 97 97 100 
295 3 4
97 102 98 104 95 
296 2 6
95 101 104 102 104 
297 3 9
104 104 103 104 98 
298 7 4
101 95 99 99 104 
299 7 7
99 96 104 103 95 
300 5 10
95 100 100 95 96 
301 7 1
97 103 103 99 104 
302 9 4
99 99 104 96 102 
303 6 8
101 97 99 97 100 
304 6 1
100 97 104 102 102 
305 7 9
96 97 95 98 97 
306 9 8
99 101 98 103 95 
307 5 10
102 104 102 100 96 
308 4 8
103 95 104 100 97 
309 2 4
97 102 98 98 97 
310 4 9
101 96 101 95 104 
311 2 10
96 100 95 104 99 
312 10 7
103 97 99 101 100 
313 4 5
102 99 102 96 99 
314 1 5
103 98 98 99 101 
315 2 6
100 99 101 101 104 
316 7 8
100 101 99 98 95 
317 1 3
100 98 103 100 95 
318 6 7
101 102 98 99 95 
319 9 1
103 96 100 98 100 
320 2 2
99 95 96 96 103 
321 6 8
103 100 96 101 95 
322 10 2
97 99 104 95 96 
323 5 5
98 97 100 96 98 
324 3 7
95 101 104 101 103 
325 1 9
101 102 100 99 99 
326 7 1
100 100 98 104 96 
327 6 1
99 104 101 102 99 
328 4 1
104 101 101 95 99 
329 6 9
97 103 101 103 100 
330 4 5
95 96 102 102 103 
331 1 9
104 102 103 98 104 
332 8 3
100 95 97 99 103 
333 1 7
97 101 100 101 101 
334 4 5
96 102 96 98 95 
335 9 3
104 95 96 95 103 
336 2 7
102 103 103 97 96 
337 4 9
104 98 100 99 96 
338 3 3
102 102 104 96 99 
339 1 5
102 103 102 101 103 
340 1 9
101 96 99 100 97 
341 6 10
98 103 103 99 98 
342 6 1
100 104 98 99 101 
343 3 6
98 97 95 95 95 
344 10 9
95 104 101 102 97 
345 2 5
99 103 99 104 103 
346 5 5
96 104 101 103 95 
347 10 4
101 98 103 104 100 
348 1 2
102 96 104 103 97 
349 7 8
100 104 98 104 104 
350 8 10
102 98 100 95 99 
351 2 10
99 96 99 98 101 
352 5 3
97 102 101 96 103 
353 6 2
96 98 95 101 99 
354 5 8
100 98 103 97 102 
355 4 6
98 102 99 103 95 
356 1 2
101 99 100 103 98 
357 2 3
97 104 100 100 99 
358 7 4
96 97 95 101 100 
359 2 10
99 99 101 103 96 
360 1 9
96 97 104 103 103 
361 7 9
97 95 97 99 104 
362 9 2
100 101 99 101 103 
363 7 4
100 102 99 97 99 
364 1 3
102 97 95 96 101 
365 2 10
99 104 104 101 104 
366 5 3
95 97 98 101 103 
367 10 3
103 101 102 98 100 
368 4 6
104 100 104 102 104 
369 10 1
100 97 96 95 97 
370 1 7
98 101 104 99 103 
371 5 1
103 99 99 103 97 
372 5 3
102 102 104 104 98 
373 10 9
99 95 103 95 100 
374 10 1
104 96 103 97 103 
375 8 7
103 99 103 104 103 
376 4 8
95 102 96 104 101 
377 4 1
96 99 103 101 101 
378 7 7
96 102 103 97 104 
379 7 6
104 99 98 102 103 
380 3 9
103 102 101 95 99 
381 10 2
97 97 97 99 101 
382 1 3
98 104 103 101 103 
383 7 10
102 97 101 103 103 
384 10 9
103 96 101 103 95 
385 5 9
99 99 97 104 101 
386 5 6
100 99 102 95 100 
387 8 7
99 98 100 98 102 
388 4 3
103 98 95 103 101 
389 7 10
102 96 104 98 102 
390 2 3
98 100 102 95 97 
391 7 1
102 98 102 96 103 
392 5 8
101 103 104 101 98 
393 10 7
104 102 100 101 95 
394 6 3
102 101 101 98 97 
395 5 4
101 95 99 98 101 
396 4 8
99 104 99 97 104 
397 4 9
97 99 100 99 98 
398 3 3
99 102 99 96 101 
399 2 7
103 102 95 99 104 
400 7 10
100 96 101 95 97 
401 3 3
97 102 98 101 96 
402 1 1
102 97 98 96 95 
403 8 5
103 95 96 103 102 
404 4 5
102 96 98 99 99 
405 3 5
101 99 104 103 99 
406 3 6
102 97 102 99 99 
407 1 6
101 95 95 99 95 
408 4 3
95 103 101 104 104 
409 3 4
100 99 103 96 95 
410 8 3
99 104 104 97 98 
411 7 7
102 102 99 101 104 
412 7 1
104 104 100 96 102 
413 4 1
103 100 99 98 104 
414 5 7
97 98 103 101 97 
415 8 1
102 101 102 99 98 
416 2 3
99 102 100 100 103 
417 1 8
102 98 102 102 104 
418 4 3
95 102 103 97 95 
419 8 2
99 101 96 96 97 
420 9 9
102 96 95 96 95 
421 8 10
95 102 101 104 98 
422 4 7
99 104 103 99 101 
423 10 10
102 103 95 96 99 
424 4 6
104 99 98 103 100 
425 6 3
103 98 96 103 97 
426 8 1
100 97 101 96 96 
427 8 9
103 101 102 102 99 
428 10 1
95 97 102 96 101 
429 3 1
99 103 97 97 98 
430 4 3
102 97 99 100 99 
431 2 7
103 95 99 103 103 
432 4 6
97 99 102 99 102 
433 6 7
100 102 101 104 102 
434 1 4
97 98 103 95 100 
435 3 6
96 100 96 96 100 
436 9 10
98 98 101 102 103 
437 7 3
100 96 95 95 95 
438 9 3
103 103 102 95 96 
439 6 1
103 95 102 96 100 
440 2 4
98 104 99 103 97 
441 4 7
95 104 95 102 95 
442 3 1
95 95 99 95 103 
443 2 2
104 104 98 104 104 
444 2 3
101 99 102 104 98 
445 3 9
102 100 101 95 99 
446 7 10
101 103 104 101 103 
447 6 10
103 102 95 102 103 
448 6 9
102 103 95 100 97 
449 9 6
102 97 100 102 104 
450 2 8
98 104 101 104 104 
451 9 8
102 98 101 100 97 
452 9 5
95 101 99 104 101 
453 7 6
104 101 97 103 103 
454 8 6
102 95 97 97 104 
455 2 4
103 96 98 102 101 
456 2 5
104 97 95 96 103 
457 7 4
99 97 95 100 104 
458 5 5
104 96 104 104 98 
459 5 2
97 100 102 97 101 
460 1 2
99 96 100 98 100 
461 8 8
98 98 97 95 102 
462 5 8
101 103 96 103 104 
463 4 8
97 102 95 101 99 
464 8 1
97 104 96 101 98 
465 9 3
103 100 104 97 95 
466 4 5
102 102 96 101 100 
467 6 5
101 103 96 95 100 
468 2 9
104 96 103 96 95 
469 10 8
98 104 96 97 101 
470 3 7
101 100 95 100 99 
471 4 2
104 103 102 102 101 
472 9 8
98 97 100 99 98 
473 6 8
100 101 100 104 100 
474 9 4
98 96 104 104 101 
475 2 8
96 99 95 97 100 
476 9 1
96 101 104 102 95 
477 6 2
98 97 104 104 104 
478 7 1
101 99 98 95 100 
479 5 2
99 100 103 100 96 
480 10 10
101 102 104 95 100 
481 10 8
101 101 103 96 103 
482 10 3
104 100 99 101 97 
483 8 7
102 96 102 96 103 
484 7 9
95 102 103 101 101 
485 10 7
96 103 100 104 101 
486 7 2
102 100 100 101 98 
487 1 3
100 104 103 97 98 
488 9 7
96 101 101 96 98 
489 5 1
104 101 103 97 101 
490 5 3
98 95 100 95 102 
491 3 9
95 97 98 100 99 
492 4 1
102 96 103 103 102 
493 5 3
97 96 97 96 102 
494 3 7
98 101 95 103 103 
495 8 1
103 104 104 103 99 
496 3 7
103 102 103 100 104 
497 9 4
101 99 102 96 100 
498 10 5
99 97 95 95 95 
499 1 9
96 102 96 104 104 

