50 5 2472
0 84 87
102 90 118 110 111 
1 93 50
96 87 102 115 84 
2 64 27
115 101 97 111 86 
3 69 68
104 107 105 87 98 
4 68 36
104 77 97 83 94 
5 68 94
81 86 117 104 98 
6 22 20
109 112 123 99 90 
7 71 14
101 116 105 81 98 
8 63 71
121 106 80 100 109 
9 28 37
80 121 104 88 82 
10 25 96
107 120 89 92 109 
11 65 44
75 112 83 101 103 
12 89 85
78 76 79 124 107 
13 61 77
93 114 87 101 111 
14 95 40
120 95 109 103 92 
15 2 98
77 92 117 77 81 
16 2 81
111 116 90 114 119 
17 20 41
104 106 92 122 96 
18 82 76
84 102 92 81 122 
19 54 87
90 81 108 94 99 
20 29 72
107 104 78 94 95 
21 69 9
90 115 124 121 98 
22 19 46
121 76 96 80 104 
23 89 65
103 116 75 118 75 
24 35 65
99 89 112 81 118 
25 92 28
90 84 111 107 76 
26 38 29
100 82 99 96 83 
27 96 30
112 110 118 93 103 
28 44 12
103 104 101 79 118 
29 64 14
113 81 115 79 93 
30 29 89
94 92 92 121 99 
31 44 71
108 115 124 97 100 
32 45 91
80 114 79 111 94 
33 83 43
89 122 82 80 79 
34 49 12
97 103 124 118 121 
35 69 41
97 86 85 80 76 
36 62 31
103 80 95 111 119 
37 27 23
90 83 91 107 83 
38 25 38
87 99 75 111 77 
39 100 80
75 93 96 98 106 
40 82 31
108 119 85 88 124 
41 82 100
121 84 98 88 93 
42 91 96
101 91 109 115 115 
43 85 77
117 111 82 120 81 
44 80 19
112 87 123 97 84 
45 10 37
85 117 112 81 76 
46 14 73
96 80 94 124 96 
47 5 40
86 115 92 80 103 
48 28 51
109 83 95 99 97 
49 70 97
106 105 109 117 97 

