500 5 45012
0 47 86
101 98 98 98 100 
1 77 2
102 101 102 101 102 
2 3 42
102 98 99 98 98 
3 43 39
101 101 100 98 100 
4 69 99
102 102 99 102 99 
5 62 16
101 98 101 102 101 
6 93 88
101 100 99 100 100 
7 83 100
102 102 100 101 100 
8 37 86
99 102 98 99 99 
9 72 68
100 101 100 101 101 
10 51 3
101 98 98 99 100 
11 72 16
99 101 99 99 100 
12 5 7
99 98 99 101 100 
13 27 7
101 101 101 98 101 
14 57 6
99 101 101 102 101 
15 99 94
100 99 98 99 102 
16 28 23
101 101 98 99 101 
17 72 95
100 102 100 98 100 
18 27 39
98 102 101 101 102 
19 52 71
101 99 98 98 100 
20 28 14
101 102 98 101 102 
21 16 86
101 101 99 100 101 
22 85 79
100 100 101 98 101 
23 12 11
100 98 100 98 101 
24 48 89
101 100 99 101 101 
25 90 48
101 99 102 101 100 
26 16 26
98 99 101 102 101 
27 72 45
101 98 100 99 98 
28 40 49
98 102 101 101 99 
29 43 58
102 99 99 100 102 
30 41 11
99 98 99 101 102 
31 92 1
102 101 102 101 98 
32 52 45
100 101 102 100 100 
33 34 89
101 98 98 100 101 
34 2 23
102 99 100 101 101 
35 21 62
100 100 99 100 100 
36 59 71
100 99 99 102 102 
37 11 4
101 98 99 99 100 
38 89 87
98 102 101 100 100 
39 93 71
99 101 101 98 100 
40 98 75
102 100 102 101 101 
41 63 15
98 98 100 101 98 
42 62 3
101 102 98 98 99 
43 1 58
101 100 102 99 100 
44 64 100
102 100 101 98 102 
45 71 76
102 100 102 102 100 
46 60 81
98 98 102 98 99 
47 75 53
100 102 100 101 101 
48 42 95
99 99 98 100 101 
49 20 6
100 102 98 102 99 
50 23 44
99 101 98 101 101 
51 10 39
99 98 98 102 102 
52 5 30
101 99 101 99 102 
53 22 19
101 98 98 100 102 
54 9 42
100 98 100 98 101 
55 13 99
101 102 101 102 102 
56 32 86
99 98 102 102 99 
57 91 56
99 99 98 99 101 
58 2 74
102 99 100 99 99 
59 5 73
99 101 100 102 102 
60 12 21
99 102 101 100 102 
61 25 79
101 102 98 99 100 
62 63 63
100 98 100 99 99 
63 7 4
100 100 100 101 101 
64 2 100
100 102 100 98 101 
65 31 13
101 102 100 99 99 
66 28 55
98 98 101 101 98 
67 56 100
100 102 102 99 99 
68 82 28
102 98 99 102 102 
69 99 75
101 101 102 99 98 
70 82 50
99 99 101 101 101 
71 72 42
98 101 101 100 100 
72 48 97
99 99 101 98 99 
73 2 22
98 98 99 98 98 
74 88 24
100 101 100 98 99 
75 28 35
102 98 100 98 99 
76 21 40
101 98 100 99 101 
77 11 80
102 102 98 99 102 
78 97 15
99 101 100 99 102 
79 11 92
98 102 100 100 98 
80 6 68
99 100 101 99 102 
81 47 94
100 101 100 99 100 
82 73 61
101 99 102 100 99 
83 12 54
100 101 99 98 101 
84 75 73
98 99 99 99 101 
85 2 75
98 100 102 100 101 
86 92 37
98 99 99 102 102 
87 23 7
100 98 99 98 99 
88 8 13
102 99 99 99 100 
89 28 10
101 98 101 101 98 
90 4 96
101 99 101 101 102 
91 80 90
101 101 98 101 102 
92 7 16
98 99 100 99 100 
93 64 10
100 100 101 100 102 
94 2 73
102 102 102 100 101 
95 4 12
100 100 100 101 101 
96 49 27
102 99 99 99 100 
97 21 58
100 98 99 102 100 
98 37 74
99 100 98 101 102 
99 65 1
100 100 101 99 100 
100 17 40
98 99 100 99 102 
101 11 3
100 100 99 99 100 
102 30 8
99 98 98 101 100 
103 26 57
101 99 101 100 102 
104 73 65
101 101 98 98 99 
105 26 27
98 100 101 102 98 
106 40 1
100 98 100 102 98 
107 88 85
102 102 100 98 101 
108 1 38
100 100 101 100 100 
109 62 88
98 99 98 99 101 
110 94 81
98 102 99 101 99 
111 41 18
99 98 99 100 99 
112 94 73
102 98 98 101 98 
113 16 56
102 99 102 98 102 
114 60 7
98 102 101 98 98 
115 20 19
99 100 100 100 100 
116 41 71
101 98 102 101 99 
117 5 17
101 100 102 100 101 
118 19 43
98 101 98 98 100 
119 40 43
101 98 101 102 100 
120 53 10
102 101 99 98 98 
121 26 51
99 100 101 102 102 
122 43 55
100 99 99 102 99 
123 98 77
101 99 102 101 99 
124 85 21
102 99 102 98 102 
125 61 43
98 100 102 101 102 
126 64 41
101 100 102 101 98 
127 91 98
99 102 102 100 98 
128 46 88
102 102 100 98 98 
129 37 83
98 101 98 100 99 
130 22 81
98 102 98 99 102 
131 67 60
102 100 99 101 99 
132 83 18
102 100 102 98 99 
133 13 46
100 101 102 102 102 
134 57 77
98 101 101 100 102 
135 82 24
101 100 100 98 99 
136 92 4
98 101 98 99 101 
137 77 32
102 101 101 101 102 
138 8 5
101 102 100 98 102 
139 42 70
101 102 101 100 101 
140 28 43
98 98 100 100 99 
141 70 69
102 98 99 98 102 
142 32 95
98 101 101 98 102 
143 32 91
101 102 99 100 101 
144 5 27
101 102 98 101 102 
145 70 93
98 101 98 99 98 
146 64 63
99 102 101 99 101 
147 59 62
102 99 101 101 100 
148 16 98
100 99 101 99 98 
149 96 45
100 102 100 102 100 
150 50 17
102 98 98 99 102 
151 39 8
102 101 99 102 98 
152 77 25
100 99 99 98 98 
153 97 67
100 99 100 102 98 
154 52 50
102 101 100 101 101 
155 48 62
102 100 102 102 98 
156 43 11
100 101 99 98 100 
157 60 63
102 98 98 99 101 
158 95 37
98 101 100 99 101 
159 7 17
99 98 101 100 100 
160 100 29
102 99 101 100 99 
161 77 95
98 98 101 102 100 
162 89 7
100 102 102 100 100 
163 84 16
98 102 100 101 102 
164 11 64
101 99 99 100 102 
165 83 75
100 101 101 101 102 
166 77 50
101 99 100 99 99 
167 54 31
98 99 99 101 100 
168 79 84
99 98 99 102 99 
169 91 80
98 100 101 100 98 
170 75 68
99 98 102 98 102 
171 77 99
100 98 101 100 101 
172 75 33
99 102 101 102 102 
173 67 32
100 99 98 102 101 
174 64 30
99 100 99 102 98 
175 18 57
102 102 102 101 99 
176 84 91
102 102 98 100 102 
177 44 63
98 99 101 101 101 
178 4 65
101 101 101 99 101 
179 43 2
101 102 100 102 101 
180 65 93
99 102 102 99 101 
181 62 71
100 99 100 101 101 
182 78 94
99 98 100 102 99 
183 52 97
102 101 102 100 102 
184 59 19
101 100 98 99 99 
185 97 20
98 101 98 102 102 
186 23 90
100 100 102 101 102 
187 93 56
98 98 101 102 98 
188 5 54
102 100 99 102 100 
189 34 47
101 98 98 98 98 
190 56 98
102 98 99 100 100 
191 74 8
99 98 102 100 100 
192 70 49
100 101 102 99 101 
193 26 4
98 99 102 101 101 
194 15 77
101 100 98 100 100 
195 64 27
102 99 99 100 99 
196 53 7
98 100 98 100 100 
197 10 67
98 99 102 98 102 
198 71 97
100 102 100 98 99 
199 98 16
98 98 99 99 102 
200 80 50
98 100 100 101 102 
201 15 86
101 98 101 102 100 
202 25 50
101 102 98 99 99 
203 70 34
102 101 101 98 99 
204 43 97
98 99 100 100 101 
205 6 51
102 102 101 101 100 
206 92 55
99 101 98 102 100 
207 2 31
101 100 102 101 101 
208 65 84
102 99 99 99 101 
209 82 39
101 99 99 98 100 
210 30 11
102 100 102 98 98 
211 72 91
98 102 100 101 100 
212 89 84
100 101 101 99 102 
213 51 25
102 99 100 98 102 
214 56 23
99 99 100 101 102 
215 49 49
99 102 98 99 102 
216 16 58
101 101 98 98 99 
217 60 4
101 99 100 100 102 
218 42 85
98 100 99 101 101 
219 91 27
102 101 100 101 98 
220 70 5
99 102 101 102 101 
221 55 37
99 98 102 102 101 
222 67 25
102 102 101 102 99 
223 68 83
100 100 99 99 101 
224 89 37
101 100 99 102 102 
225 7 66
100 98 101 101 100 
226 93 44
100 98 102 99 102 
227 80 21
101 99 98 98 102 
228 17 9
100 102 98 100 101 
229 39 79
100 102 98 99 100 
230 49 21
102 98 98 102 100 
231 35 76
99 101 101 99 100 
232 4 22
99 102 100 98 98 
233 28 35
101 100 102 101 101 
234 60 90
98 102 99 100 102 
235 77 52
101 100 101 99 101 
236 27 79
98 102 102 101 98 
237 34 81
98 98 102 99 102 
238 31 65
101 102 98 101 101 
239 68 23
102 101 101 102 101 
240 53 81
99 98 101 101 98 
241 11 87
98 101 101 101 99 
242 85 5
98 102 101 98 98 
243 74 47
98 98 101 102 99 
244 95 11
102 101 98 100 101 
245 2 11
98 99 101 101 99 
246 67 42
100 98 98 98 99 
247 66 33
99 101 101 99 99 
248 100 33
102 101 100 98 101 
249 85 98
99 98 102 100 101 
250 60 66
98 98 99 102 100 
251 4 70
98 101 102 99 101 
252 33 45
102 99 99 98 99 
253 71 26
102 99 102 101 100 
254 86 8
100 102 100 100 99 
255 31 18
98 98 101 98 101 
256 93 62
99 100 100 101 98 
257 86 66
102 98 99 101 102 
258 18 52
101 101 101 98 102 
259 83 99
99 102 100 99 102 
260 58 18
100 98 98 99 102 
261 89 72
102 101 99 98 102 
262 80 90
98 100 100 101 100 
263 4 4
99 100 101 100 100 
264 21 95
101 101 101 101 98 
265 94 25
99 99 100 100 98 
266 84 84
99 101 100 99 100 
267 17 85
102 102 100 100 102 
268 42 41
99 101 99 102 99 
269 50 25
101 102 101 102 99 
270 48 38
99 99 98 102 99 
271 45 51
98 98 99 99 100 
272 26 94
99 101 98 102 100 
273 24 71
98 102 98 102 102 
274 96 86
98 101 102 101 99 
275 95 98
100 98 102 102 101 
276 86 61
100 98 98 101 102 
277 44 85
99 99 102 101 99 
278 50 40
100 100 98 102 98 
279 100 88
99 99 99 98 101 
280 36 25
99 100 99 101 100 
281 42 59
101 99 100 99 101 
282 50 66
99 98 102 101 100 
283 82 18
100 101 99 98 99 
284 93 96
102 102 99 99 99 
285 8 42
98 99 98 99 102 
286 95 78
100 101 102 101 102 
287 52 99
99 100 100 99 100 
288 24 87
101 100 100 101 99 
289 6 32
102 98 102 100 101 
290 25 89
100 99 98 98 102 
291 13 91
98 101 99 100 100 
292 9 84
98 102 99 101 99 
293 56 34
98 99 99 99 99 
294 42 39
102 100 101 101 101 
295 97 56
98 101 101 98 99 
296 40 70
101 102 102 101 101 
297 27 50
100 99 102 100 100 
298 4 41
98 99 99 99 98 
299 10 21
99 98 100 99 101 
300 26 29
102 99 101 101 99 
301 55 39
99 98 100 101 100 
302 75 28
99 100 101 102 98 
303 100 46
98 101 100 99 99 
304 46 10
102 100 101 102 102 
305 89 20
98 100 100 101 101 
306 98 98
100 101 99 98 100 
307 45 27
100 98 100 102 99 
308 42 17
100 101 98 99 99 
309 16 18
98 101 101 100 99 
310 47 66
99 98 102 98 98 
311 92 8
100 100 102 99 101 
312 59 71
99 102 99 101 101 
313 65 67
99 102 99 101 101 
314 25 11
99 100 100 102 102 
315 43 17
102 101 101 99 98 
316 58 65
98 100 98 99 102 
317 74 12
102 100 101 98 100 
318 67 64
100 98 98 101 101 
319 53 88
102 102 98 102 102 
320 79 88
100 101 100 100 98 
321 40 55
102 100 98 101 98 
322 96 96
102 99 101 99 102 
323 36 57
100 101 98 101 102 
324 51 78
102 101 100 99 101 
325 70 74
99 98 102 98 100 
326 98 87
100 100 101 101 99 
327 45 65
98 102 98 102 102 
328 16 83
102 98 100 98 99 
329 30 87
102 98 99 98 98 
330 44 94
100 98 99 100 102 
331 65 51
98 101 98 100 98 
332 88 32
102 101 99 101 98 
333 79 34
99 102 99 101 102 
334 36 24
102 101 101 101 98 
335 100 11
102 102 101 100 102 
336 81 2
102 100 101 102 100 
337 52 90
98 102 101 101 101 
338 47 47
102 99 100 101 102 
339 91 74
102 98 102 99 99 
340 50 86
100 102 99 100 101 
341 72 24
99 100 100 99 101 
342 88 80
101 102 101 100 98 
343 1 13
100 98 99 101 100 
344 23 45
101 99 99 99 100 
345 69 21
98 102 101 99 102 
346 8 90
100 100 99 99 99 
347 100 54
101 102 101 100 102 
348 5 37
100 99 100 100 102 
349 15 86
99 100 98 99 101 
350 49 26
100 101 102 98 98 
351 36 19
101 99 101 99 98 
352 42 65
100 98 100 99 101 
353 85 14
102 101 102 98 100 
354 5 80
99 98 102 101 98 
355 71 51
98 101 101 101 102 
356 93 97
100 98 100 102 99 
357 65 11
99 99 98 99 99 
358 75 9
102 99 100 100 101 
359 44 88
101 99 98 101 102 
360 59 34
98 100 99 100 98 
361 95 12
101 98 101 102 99 
362 50 13
101 98 99 102 99 
363 61 94
99 102 98 102 98 
364 71 25
99 99 102 99 98 
365 92 22
100 98 100 98 98 
366 59 81
102 102 102 102 102 
367 66 26
101 99 101 102 100 
368 51 92
102 101 98 98 99 
369 26 69
101 101 102 99 101 
370 75 72
98 100 101 99 99 
371 49 86
100 98 100 98 101 
372 81 63
98 101 101 99 99 
373 69 32
102 98 98 100 101 
374 90 29
101 101 100 99 100 
375 56 83
98 98 98 101 99 
376 83 39
102 98 98 100 101 
377 54 24
99 102 100 98 99 
378 60 80
100 98 101 100 99 
379 13 31
101 102 98 102 98 
380 86 75
101 102 100 102 102 
381 66 7
102 98 100 98 99 
382 42 63
98 98 100 100 98 
383 3 17
99 102 100 100 101 
384 13 39
98 102 100 98 101 
385 77 26
98 99 101 102 102 
386 66 83
98 101 99 98 101 
387 39 90
99 98 99 100 99 
388 6 12
100 100 102 102 99 
389 14 66
99 98 98 99 99 
390 74 34
98 99 100 101 102 
391 64 89
98 100 98 99 102 
392 37 99
99 99 100 98 98 
393 12 50
101 100 102 102 100 
394 5 9
101 98 99 99 99 
395 61 7
100 101 99 100 100 
396 77 54
102 102 102 98 100 
397 67 71
100 102 102 98 99 
398 87 11
101 98 101 102 98 
399 12 23
101 99 98 101 99 
400 27 51
99 101 99 98 102 
401 13 26
100 101 100 102 102 
402 19 93
101 102 100 101 100 
403 73 20
102 98 101 98 101 
404 74 34
102 98 98 98 98 
405 44 81
102 98 100 99 98 
406 57 49
98 100 98 98 99 
407 95 11
98 101 98 98 101 
408 24 16
99 102 98 100 102 
409 36 1
99 99 100 100 99 
410 91 87
100 101 102 102 98 
411 27 85
102 98 102 102 98 
412 77 42
101 100 101 99 99 
413 9 26
100 99 98 101 100 
414 59 93
101 98 101 100 98 
415 13 7
99 98 100 100 98 
416 38 29
100 98 98 100 100 
417 79 54
101 102 102 100 100 
418 57 31
102 102 101 102 99 
419 2 18
100 99 98 98 99 
420 19 83
102 100 98 99 100 
421 33 20
98 99 102 98 100 
422 56 34
102 100 98 98 101 
423 91 35
100 102 101 102 100 
424 80 12
101 100 101 102 99 
425 56 14
101 101 100 98 99 
426 9 84
101 99 101 102 101 
427 84 50
101 99 98 100 100 
428 40 74
102 101 102 102 100 
429 30 45
98 98 100 101 101 
430 42 27
99 99 99 99 100 
431 30 76
100 102 99 101 98 
432 12 16
100 98 102 99 98 
433 26 4
102 98 100 102 98 
434 57 71
98 100 101 99 101 
435 10 75
101 101 102 98 100 
436 78 74
98 101 99 102 99 
437 31 59
99 98 99 101 100 
438 9 70
100 102 102 102 101 
439 88 61
101 99 102 99 102 
440 36 50
102 100 100 102 101 
441 64 44
102 98 99 100 101 
442 15 11
98 100 98 98 101 
443 72 90
99 102 98 100 100 
444 37 99
102 102 100 101 101 
445 23 70
99 98 102 98 101 
446 19 94
99 100 98 101 100 
447 88 74
98 102 101 102 98 
448 66 17
100 99 99 99 100 
449 15 7
99 101 98 100 98 
450 93 46
101 100 98 99 102 
451 46 1
101 98 101 102 102 
452 37 49
102 99 99 99 98 
453 83 16
102 99 99 98 99 
454 50 11
100 101 100 98 98 
455 98 20
99 102 102 98 102 
456 93 7
98 99 99 102 102 
457 23 34
99 102 101 99 101 
458 22 77
102 100 101 99 98 
459 46 75
100 102 101 102 99 
460 65 32
98 101 100 101 102 
461 44 90
99 100 100 100 99 
462 23 96
99 99 102 99 101 
463 63 20
102 98 98 101 102 
464 91 33
100 102 98 98 101 
465 53 69
102 100 100 98 102 
466 33 51
101 102 98 102 100 
467 70 33
99 102 102 100 102 
468 50 16
98 98 98 98 102 
469 16 71
102 98 101 102 100 
470 48 47
102 102 101 100 99 
471 47 39
101 98 99 102 99 
472 76 69
100 99 99 98 99 
473 37 1
101 99 98 100 99 
474 61 39
99 100 98 98 102 
475 86 50
98 99 102 101 102 
476 63 76
98 102 101 101 99 
477 32 1
102 100 100 100 99 
478 23 23
102 102 98 98 101 
479 98 13
100 101 101 100 102 
480 6 24
101 100 98 102 100 
481 46 15
101 100 99 100 102 
482 19 8
100 100 102 100 99 
483 42 100
99 102 102 102 102 
484 30 14
101 102 101 100 100 
485 39 19
102 102 102 102 99 
486 51 44
100 101 100 98 100 
487 84 40
101 98 101 99 99 
488 55 66
98 102 99 101 98 
489 20 33
100 98 100 101 102 
490 87 70
100 101 98 102 101 
491 68 42
98 99 98 98 101 
492 72 73
99 100 102 99 99 
493 73 17
100 102 99 99 102 
494 4 93
98 100 99 100 100 
495 79 24
99 99 98 101 102 
496 98 27
102 101 98 98 99 
497 40 12
102 102 102 101 101 
498 81 53
102 99 102 102 101 
499 58 22
98 99 99 101 102 

