500 5 24869
0 1 10
103 100 96 103 99 
1 8 6
102 97 104 104 98 
2 8 10
99 98 102 95 97 
3 3 10
100 102 96 95 95 
4 7 4
98 101 97 97 96 
5 7 3
102 98 102 102 102 
6 9 7
95 100 101 99 95 
7 6 5
100 104 101 95 101 
8 10 4
103 100 101 97 98 
9 2 7
101 102 103 101 95 
10 8 4
95 100 104 95 97 
11 8 8
99 100 98 104 99 
12 10 3
98 95 102 96 102 
13 4 6
95 101 96 104 100 
14 2 6
103 103 103 103 100 
15 10 9
102 104 102 97 101 
16 2 4
97 97 102 100 98 
17 5 10
97 95 99 100 101 
18 9 5
97 96 96 97 95 
19 2 1
100 95 95 100 96 
20 9 8
102 104 97 97 96 
21 1 10
101 101 103 104 101 
22 6 7
100 100 95 104 101 
23 2 2
103 97 96 101 99 
24 4 2
103 96 95 102 97 
25 3 10
101 99 104 99 96 
26 10 6
104 101 96 99 96 
27 2 4
95 99 101 103 103 
28 10 7
98 98 102 96 99 
29 10 9
104 99 95 100 103 
30 10 10
96 95 100 96 102 
31 7 8
95 95 98 95 101 
32 10 2
100 104 102 103 99 
33 8 2
103 101 96 104 95 
34 2 5
96 97 101 97 98 
35 4 6
97 104 100 97 96 
36 9 4
103 104 101 98 103 
37 4 4
97 97 101 98 104 
38 8 3
96 96 104 99 100 
39 6 10
95 103 99 97 104 
40 10 6
98 104 95 96 104 
41 7 7
104 96 96 97 99 
42 8 8
100 99 96 101 102 
43 1 2
100 102 95 100 100 
44 7 9
102 103 100 95 102 
45 8 2
101 100 104 101 101 
46 1 1
95 102 104 100 98 
47 1 5
98 98 102 103 95 
48 10 4
103 100 98 100 100 
49 1 6
98 104 103 96 99 
50 10 10
96 104 96 98 103 
51 3 2
98 98 102 101 103 
52 5 7
103 98 97 101 95 
53 6 4
101 103 95 96 104 
54 9 5
99 102 101 102 103 
55 8 3
103 97 98 97 100 
56 1 1
100 101 102 98 104 
57 2 3
97 103 102 103 101 
58 9 2
101 101 102 97 101 
59 4 10
101 98 96 100 100 
60 8 10
97 104 96 102 101 
61 9 1
102 104 99 96 103 
62 3 2
101 97 97 99 95 
63 1 7
101 100 102 100 103 
64 2 3
98 103 96 102 104 
65 3 5
102 98 102 102 99 
66 2 9
99 100 95 98 102 
67 5 8
95 99 101 101 97 
68 6 4
95 101 100 101 101 
69 9 4
101 98 103 100 103 
70 8 3
99 95 96 96 101 
71 4 5
100 102 98 100 99 
72 2 5
101 102 104 103 98 
73 8 5
97 102 95 103 97 
74 9 6
95 100 103 102 102 
75 2 9
100 99 99 96 98 
76 10 9
102 96 99 100 95 
77 7 5
100 98 103 102 95 
78 9 8
98 103 98 100 100 
79 2 3
98 99 97 103 95 
80 7 2
98 101 97 98 104 
81 9 9
104 99 97 99 102 
82 2 5
95 96 96 100 97 
83 5 1
102 102 100 97 98 
84 10 4
98 101 99 102 99 
85 9 1
100 102 103 101 96 
86 4 3
96 101 101 96 102 
87 9 7
104 99 103 104 97 
88 6 4
100 100 101 96 98 
89 4 1
104 96 95 99 103 
90 1 3
95 98 99 96 104 
91 2 5
104 96 97 95 100 
92 1 2
104 103 100 102 98 
93 2 1
103 99 95 102 101 
94 1 4
101 97 100 101 103 
95 10 10
104 97 98 95 98 
96 6 2
96 103 97 97 101 
97 8 2
96 96 96 104 102 
98 4 7
100 100 104 97 103 
99 5 1
103 100 95 102 103 
100 6 1
98 96 96 101 96 
101 6 2
102 100 99 103 101 
102 9 10
100 96 102 96 102 
103 9 4
102 99 98 100 104 
104 6 5
104 96 99 100 99 
105 6 4
100 98 99 99 103 
106 10 5
101 104 98 96 95 
107 1 3
102 103 102 99 97 
108 4 2
98 103 101 98 96 
109 1 1
100 103 98 97 98 
110 9 7
96 104 95 102 103 
111 6 1
95 102 100 103 100 
112 3 5
104 100 101 100 101 
113 5 9
104 101 95 102 101 
114 4 10
104 96 103 97 97 
115 1 10
97 101 97 98 98 
116 8 4
96 104 102 97 102 
117 6 8
100 104 102 99 103 
118 8 2
99 98 98 99 99 
119 2 7
104 96 103 96 104 
120 1 5
100 104 102 103 103 
121 8 3
102 97 95 99 99 
122 10 10
97 104 97 103 97 
123 6 3
103 103 96 104 97 
124 2 2
96 98 102 103 97 
125 8 7
97 99 104 95 103 
126 2 5
97 97 100 101 96 
127 9 6
100 100 104 101 99 
128 3 6
101 98 103 104 101 
129 7 9
103 98 99 98 104 
130 6 6
102 101 96 97 104 
131 8 9
97 102 100 95 99 
132 8 7
95 104 98 101 98 
133 3 9
96 95 103 97 100 
134 5 6
99 95 95 96 103 
135 2 6
102 95 101 97 104 
136 2 3
99 95 95 99 95 
137 4 4
100 102 96 101 102 
138 10 9
97 98 100 101 100 
139 6 1
99 104 102 98 104 
140 4 6
104 102 102 100 102 
141 8 10
102 96 97 99 103 
142 6 2
103 99 96 95 95 
143 8 10
102 99 96 96 100 
144 9 6
100 99 95 101 96 
145 1 2
95 102 97 95 95 
146 6 5
96 95 102 96 102 
147 10 4
104 103 99 101 99 
148 6 9
95 101 100 102 97 
149 8 6
98 102 103 98 102 
150 1 6
104 100 95 97 103 
151 8 4
100 103 102 99 103 
152 4 3
98 104 97 100 102 
153 8 3
104 100 104 99 99 
154 8 10
98 102 100 98 100 
155 8 6
98 101 96 103 100 
156 1 5
100 98 103 95 99 
157 2 6
98 95 104 97 102 
158 9 9
97 102 103 100 100 
159 6 1
95 97 103 98 103 
160 10 4
100 96 104 96 101 
161 8 4
96 95 104 99 96 
162 1 10
103 96 102 97 103 
163 8 9
98 97 95 100 101 
164 9 1
102 104 98 97 95 
165 5 6
102 99 96 95 99 
166 3 7
102 97 100 101 98 
167 6 9
99 99 103 104 104 
168 10 6
100 102 100 99 104 
169 2 10
96 100 101 95 96 
170 8 1
103 104 102 100 97 
171 5 2
102 96 97 98 101 
172 1 4
100 96 103 97 96 
173 6 10
95 101 103 96 99 
174 5 3
100 97 99 98 98 
175 4 2
100 95 99 100 96 
176 7 9
104 104 98 101 97 
177 2 10
98 102 103 98 100 
178 9 8
104 97 96 102 101 
179 6 3
95 96 98 102 96 
180 9 3
99 101 98 99 102 
181 7 1
95 95 96 98 104 
182 10 10
99 102 103 101 97 
183 10 4
103 101 102 103 104 
184 2 7
95 96 95 100 104 
185 6 10
102 99 104 104 99 
186 2 5
98 97 100 104 97 
187 4 6
99 99 95 99 98 
188 9 4
97 96 96 98 99 
189 4 1
100 104 104 97 98 
190 1 4
102 98 103 97 103 
191 4 4
97 104 104 103 98 
192 2 3
101 96 102 96 99 
193 9 5
103 97 101 101 98 
194 8 9
101 104 99 100 100 
195 3 10
98 102 97 100 101 
196 4 6
97 102 102 95 103 
197 6 2
98 100 102 98 104 
198 4 10
97 97 95 103 97 
199 7 6
102 103 99 95 102 
200 10 8
101 99 97 103 96 
201 2 1
95 101 99 100 99 
202 2 1
98 102 97 101 104 
203 5 7
98 95 99 95 95 
204 1 3
102 104 96 98 99 
205 6 4
100 102 99 102 100 
206 1 5
104 96 100 100 95 
207 10 2
97 98 104 102 100 
208 6 9
100 101 97 97 100 
209 5 9
96 104 96 104 101 
210 8 9
97 102 98 98 96 
211 1 9
98 104 96 102 99 
212 4 6
104 103 100 101 99 
213 8 9
97 96 103 98 96 
214 3 5
104 96 98 96 104 
215 9 8
97 103 100 102 104 
216 10 6
100 97 97 99 95 
217 8 1
100 99 95 102 101 
218 2 3
104 98 102 103 99 
219 3 3
100 95 104 104 95 
220 7 8
104 100 99 99 102 
221 7 1
103 100 97 98 104 
222 5 3
100 100 101 101 95 
223 6 6
100 102 102 97 104 
224 7 5
104 97 98 103 103 
225 10 5
100 102 99 100 97 
226 7 1
96 96 97 104 101 
227 2 6
102 101 95 99 101 
228 10 9
100 100 99 100 95 
229 8 4
95 101 103 102 98 
230 5 4
100 96 98 104 97 
231 9 1
95 104 100 104 102 
232 9 6
98 102 101 104 98 
233 1 5
100 95 104 100 101 
234 10 3
97 99 100 104 102 
235 2 1
96 96 95 96 95 
236 7 4
102 99 95 96 98 
237 7 3
103 102 101 98 102 
238 8 1
100 104 98 104 98 
239 1 2
95 98 96 98 99 
240 3 7
99 95 104 99 101 
241 1 8
104 103 96 95 102 
242 10 4
101 101 99 99 100 
243 10 4
95 96 101 97 100 
244 9 6
104 97 97 101 99 
245 4 3
97 100 96 98 99 
246 3 4
96 96 104 95 104 
247 6 5
102 99 104 102 102 
248 7 1
97 101 102 99 103 
249 10 3
99 100 99 101 95 
250 8 10
101 104 100 95 97 
251 5 1
96 104 99 103 100 
252 4 9
97 104 95 100 102 
253 8 2
100 104 98 96 99 
254 10 10
99 101 104 98 102 
255 7 4
104 95 98 97 96 
256 8 2
101 97 96 103 99 
257 2 6
96 103 103 104 102 
258 2 1
98 95 95 103 103 
259 2 4
100 102 101 99 104 
260 10 8
95 103 95 103 95 
261 2 9
99 97 101 103 95 
262 5 8
95 101 102 98 103 
263 10 4
102 97 101 97 96 
264 3 10
95 98 103 97 96 
265 1 3
99 96 96 95 100 
266 8 9
102 96 100 102 104 
267 6 4
95 101 101 104 104 
268 6 4
95 104 97 98 98 
269 3 6
101 97 103 95 98 
270 2 4
95 103 96 103 96 
271 10 8
98 101 95 100 97 
272 8 5
96 99 102 99 98 
273 3 8
101 99 99 100 102 
274 5 8
97 100 95 100 100 
275 5 4
104 98 95 99 96 
276 2 10
98 95 98 102 99 
277 3 4
104 99 95 101 96 
278 7 4
95 96 95 99 103 
279 2 10
99 100 97 100 95 
280 6 10
96 101 95 101 103 
281 6 6
99 102 103 98 99 
282 1 2
102 102 99 102 103 
283 8 2
103 103 96 99 100 
284 6 10
102 95 95 103 103 
285 1 7
101 102 99 97 102 
286 3 9
96 98 104 103 97 
287 7 8
97 98 103 95 98 
288 2 6
103 102 101 100 102 
289 8 6
101 104 98 99 102 
290 8 8
99 97 100 102 102 
291 7 8
104 99 99 96 104 
292 5 4
97 101 103 97 100 
293 8 10
99 99 101 95 100 
294 1 8
97 104 101 103 96 
295 4 6
103 96 97 104 101 
296 9 3
100 98 101 95 96 
297 7 3
101 98 97 95 104 
298 9 4
100 95 95 104 97 
299 9 9
98 98 100 99 99 
300 1 6
97 103 103 103 98 
301 7 9
99 99 95 95 103 
302 5 2
104 100 101 99 100 
303 9 7
102 101 99 98 104 
304 2 10
100 96 99 103 95 
305 5 7
98 97 101 95 102 
306 9 1
102 100 98 101 95 
307 10 4
100 102 104 100 100 
308 6 1
101 101 104 97 103 
309 6 1
95 97 103 100 99 
310 7 6
96 99 101 103 104 
311 2 8
104 96 95 102 95 
312 10 5
101 99 99 97 95 
313 6 7
95 95 101 95 99 
314 7 7
104 97 98 95 104 
315 10 2
103 98 103 95 101 
316 9 10
101 104 98 99 100 
317 10 10
100 99 100 103 101 
318 5 1
96 95 101 95 100 
319 3 3
99 96 100 99 101 
320 4 5
97 98 100 96 97 
321 1 6
102 104 101 100 100 
322 3 4
99 103 98 100 95 
323 3 8
100 99 96 104 102 
324 8 5
101 97 95 103 101 
325 9 10
95 103 102 103 95 
326 4 6
102 102 95 96 100 
327 6 7
103 102 100 98 98 
328 10 6
98 101 96 104 95 
329 2 10
101 96 104 102 95 
330 7 8
97 96 97 104 104 
331 3 2
101 102 104 99 102 
332 8 1
97 101 100 100 99 
333 7 7
99 104 101 96 98 
334 8 1
100 98 102 102 101 
335 10 7
102 98 104 99 97 
336 2 1
104 103 97 99 99 
337 10 2
103 102 103 97 104 
338 7 6
97 98 100 102 103 
339 5 5
99 100 97 97 103 
340 5 9
96 100 95 97 98 
341 4 7
104 99 103 104 97 
342 9 4
96 99 104 98 102 
343 7 3
102 96 103 96 103 
344 3 6
102 101 100 95 96 
345 7 3
101 96 96 102 100 
346 2 7
104 104 95 95 100 
347 2 6
99 102 102 96 95 
348 6 5
104 103 95 103 101 
349 6 9
95 98 97 101 99 
350 6 5
97 103 95 96 102 
351 3 5
99 98 104 103 96 
352 10 2
98 99 101 99 99 
353 7 3
96 98 97 96 102 
354 8 10
98 97 100 100 96 
355 9 10
95 95 98 102 99 
356 5 6
102 98 102 97 95 
357 4 8
99 96 96 102 99 
358 5 9
96 96 95 102 100 
359 6 5
103 98 98 96 99 
360 9 9
95 98 100 102 101 
361 5 2
101 102 103 98 95 
362 1 1
100 101 96 103 104 
363 2 6
99 101 97 98 97 
364 6 5
103 101 99 103 104 
365 10 8
102 99 103 101 98 
366 10 10
99 96 96 96 102 
367 3 2
101 100 104 97 99 
368 2 8
101 103 98 99 99 
369 8 5
98 102 98 98 96 
370 2 10
101 97 95 95 98 
371 2 4
95 101 100 103 96 
372 7 2
102 102 95 98 100 
373 5 10
95 96 100 100 95 
374 9 1
98 97 104 95 99 
375 2 3
103 100 101 95 96 
376 4 10
99 104 97 97 103 
377 3 8
100 103 104 102 97 
378 5 6
97 98 100 101 100 
379 8 9
96 103 95 104 100 
380 9 1
103 98 96 98 99 
381 6 8
97 104 101 95 103 
382 6 8
95 97 99 99 102 
383 1 3
99 102 95 100 102 
384 4 6
98 98 102 96 102 
385 1 7
98 102 100 103 101 
386 3 9
101 104 102 101 96 
387 3 2
103 99 98 97 96 
388 7 1
95 96 102 100 99 
389 7 8
98 101 100 102 100 
390 2 6
96 100 100 103 99 
391 5 7
101 101 102 101 97 
392 4 2
98 96 96 101 97 
393 9 2
101 101 95 95 99 
394 7 10
104 102 101 95 97 
395 2 1
103 100 102 99 99 
396 7 4
101 96 99 97 97 
397 8 1
99 102 96 98 98 
398 3 6
102 95 99 103 104 
399 3 9
98 100 96 96 97 
400 1 9
101 101 96 100 95 
401 8 10
97 101 104 104 98 
402 3 5
103 101 104 102 101 
403 6 6
100 102 100 103 97 
404 7 1
101 101 103 98 100 
405 2 1
102 103 96 104 99 
406 1 1
104 97 99 104 96 
407 6 7
102 95 96 98 104 
408 9 4
98 102 98 95 98 
409 4 6
95 99 102 102 99 
410 9 10
95 95 96 104 99 
411 9 9
100 98 101 98 101 
412 10 9
102 103 96 96 100 
413 8 4
95 95 95 98 102 
414 8 1
96 102 96 97 102 
415 4 4
96 96 99 102 101 
416 1 3
97 95 95 95 103 
417 2 4
100 103 103 100 96 
418 9 9
103 102 96 96 101 
419 3 6
98 102 104 99 95 
420 4 4
102 100 100 96 100 
421 6 4
100 104 101 95 102 
422 7 7
103 99 101 103 98 
423 8 1
104 97 100 99 104 
424 7 2
97 96 99 104 102 
425 3 3
99 102 101 95 103 
426 5 1
101 96 103 101 102 
427 8 8
96 99 102 97 103 
428 5 8
95 98 103 97 99 
429 5 4
98 101 100 95 101 
430 2 1
99 101 97 97 104 
431 4 2
101 95 103 102 101 
432 6 3
100 96 104 102 99 
433 10 10
96 98 97 101 97 
434 10 7
103 98 101 99 104 
435 2 8
95 99 103 101 101 
436 7 7
97 98 103 104 99 
437 10 7
96 95 102 97 98 
438 2 9
102 96 102 102 99 
439 6 3
100 101 96 100 97 
440 10 2
95 102 104 100 97 
441 8 5
101 103 98 104 103 
442 1 2
99 97 97 96 100 
443 2 10
104 101 98 101 100 
444 5 4
102 100 99 103 97 
445 5 6
99 98 104 97 99 
446 5 3
97 102 100 103 96 
447 10 3
101 95 98 102 104 
448 7 4
99 97 101 96 102 
449 3 2
104 103 101 100 99 
450 9 10
103 99 96 97 96 
451 10 2
97 103 100 95 96 
452 9 8
95 101 95 99 103 
453 9 8
100 96 96 101 96 
454 10 2
100 104 97 98 99 
455 5 9
102 98 96 95 98 
456 7 3
101 99 95 101 97 
457 3 1
95 96 95 102 99 
458 2 4
100 95 101 96 95 
459 9 7
101 99 99 98 104 
460 6 6
98 96 103 104 102 
461 1 9
96 97 95 96 98 
462 1 1
102 98 98 98 99 
463 2 7
101 97 97 99 101 
464 10 8
101 101 100 96 95 
465 6 3
102 100 97 96 102 
466 4 5
96 100 100 95 104 
467 1 6
98 97 98 96 101 
468 9 6
97 102 99 95 98 
469 10 4
98 99 103 98 104 
470 1 5
104 100 95 97 96 
471 6 3
95 101 95 100 95 
472 4 7
101 96 98 95 103 
473 8 4
99 102 103 104 98 
474 9 5
100 96 103 99 101 
475 2 7
102 101 95 104 99 
476 3 5
101 101 95 97 102 
477 4 6
103 96 95 99 95 
478 1 4
100 104 103 95 95 
479 9 7
103 104 99 103 103 
480 8 8
97 104 97 104 100 
481 3 4
100 103 95 100 96 
482 3 10
98 98 99 103 99 
483 5 2
101 100 102 99 101 
484 5 3
99 96 95 104 95 
485 5 9
103 103 98 100 101 
486 7 3
104 103 98 97 98 
487 8 4
102 99 99 100 104 
488 4 1
100 102 99 97 95 
489 7 2
98 95 96 98 104 
490 7 9
102 97 95 102 98 
491 4 2
101 97 101 99 103 
492 1 2
102 101 98 100 100 
493 9 10
103 101 97 96 102 
494 4 5
103 96 99 100 99 
495 7 5
102 104 103 100 98 
496 5 10
97 102 98 96 100 
497 7 9
95 99 102 103 98 
498 10 2
97 99 100 95 101 
499 2 8
97 102 99 104 103 

