50 5 4465
0 47 86
98 90 95 90 102 
1 77 2
94 108 94 103 109 
2 3 42
94 105 91 105 105 
3 43 39
108 103 97 95 107 
4 69 99
104 104 106 104 96 
5 62 16
108 100 98 104 98 
6 93 88
98 97 91 102 92 
7 83 100
99 94 107 98 107 
8 37 86
96 94 105 91 101 
9 72 68
107 103 92 98 93 
10 51 3
93 105 100 101 92 
11 72 16
106 103 96 96 107 
12 5 7
96 90 101 103 107 
13 27 7
98 108 103 95 93 
14 57 6
96 108 98 99 103 
15 99 94
97 91 90 106 104 
16 28 23
93 93 90 91 93 
17 72 95
102 99 102 90 97 
18 27 39
100 104 93 98 94 
19 52 71
108 91 105 95 92 
20 28 14
98 104 105 93 99 
21 16 86
103 108 101 107 98 
22 85 79
97 92 98 100 98 
23 12 11
102 105 102 100 98 
24 48 89
93 97 91 93 103 
25 90 48
93 106 94 98 97 
26 16 26
105 101 93 104 103 
27 72 45
103 105 97 96 100 
28 40 49
100 109 98 103 96 
29 43 58
109 101 106 92 109 
30 41 11
96 105 106 103 109 
31 92 1
94 93 94 108 100 
32 52 45
102 93 94 92 92 
33 34 89
98 105 95 97 108 
34 2 23
99 91 102 98 98 
35 21 62
97 102 91 102 97 
36 59 71
107 91 96 99 94 
37 11 4
108 105 101 96 92 
38 89 87
90 99 98 92 92 
39 93 71
101 103 93 100 107 
40 98 75
94 97 94 103 98 
41 63 15
95 95 107 93 90 
42 62 3
93 99 90 105 101 
43 1 58
103 102 109 106 107 
44 64 100
104 102 103 100 109 
45 71 76
109 102 99 94 107 
46 60 81
100 90 104 95 91 
47 75 53
102 104 92 108 108 
48 42 95
106 106 95 92 98 
49 20 6
97 99 90 109 91 

