50 5 3484
0 2 4
99 101 98 102 100 
1 4 9
100 99 99 99 99 
2 4 5
97 96 96 104 102 
3 5 9
104 98 103 97 97 
4 1 1
95 98 99 101 104 
5 10 5
99 98 97 96 104 
6 7 6
99 96 97 103 97 
7 4 8
104 102 102 96 97 
8 7 6
99 101 101 102 96 
9 3 4
96 96 104 102 101 
10 2 10
101 95 101 97 98 
11 9 1
101 98 104 102 97 
12 8 1
100 100 101 96 98 
13 5 1
99 103 101 102 104 
14 6 6
101 104 101 99 96 
15 3 7
99 98 103 97 101 
16 8 3
96 101 99 101 96 
17 1 10
99 101 95 96 99 
18 7 9
99 98 100 97 97 
19 4 7
100 103 99 95 96 
20 3 5
104 104 101 95 101 
21 2 7
104 98 103 101 95 
22 9 8
99 101 102 95 104 
23 6 5
99 103 97 104 101 
24 7 2
104 103 101 104 103 
25 3 10
101 100 103 100 104 
26 7 4
96 101 97 100 97 
27 1 9
98 102 99 104 100 
28 8 10
97 98 95 96 97 
29 9 3
97 96 99 95 103 
30 5 8
102 95 96 103 103 
31 4 7
97 100 101 100 97 
32 1 6
95 102 101 99 96 
33 9 6
100 102 95 104 95 
34 5 10
103 103 103 103 95 
35 2 7
103 100 99 97 97 
36 1 8
102 96 99 102 103 
37 1 2
96 96 103 103 103 
38 9 8
103 99 103 103 97 
39 8 7
99 103 98 99 100 
40 10 7
103 95 101 100 96 
41 1 5
96 98 100 100 99 
42 4 4
97 99 96 97 103 
43 10 3
98 101 104 102 102 
44 5 3
97 98 103 97 98 
45 7 10
101 102 98 95 95 
46 9 6
101 99 103 95 103 
47 10 5
103 96 101 96 104 
48 6 10
101 96 98 96 100 
49 4 6
95 95 100 104 104 

