50 5 994
0 91 20
98 105 91 108 94 
1 78 46
97 92 109 99 103 
2 38 50
104 103 97 100 92 
3 73 70
105 97 101 100 100 
4 97 64
103 96 92 92 91 
5 97 53
107 103 107 107 97 
6 29 7
90 95 106 104 100 
7 76 45
95 109 96 90 96 
8 10 24
98 95 96 92 93 
9 22 17
106 107 98 96 100 
10 18 44
100 95 99 100 92 
11 58 38
94 95 103 99 94 
12 100 63
93 90 107 101 107 
13 24 66
90 106 91 99 95 
14 2 56
98 108 108 108 105 
15 100 89
107 99 107 92 96 
16 12 84
92 92 107 95 93 
17 35 90
102 100 104 95 96 
18 89 75
102 91 91 102 90 
19 32 51
105 100 100 95 101 
20 69 88
107 109 92 102 91 
21 21 10
106 96 108 99 106 
22 6 67
105 95 90 109 96 
23 22 32
108 102 91 96 104 
24 24 32
108 101 100 97 92 
25 93 40
106 94 99 94 101 
26 100 46
109 106 101 104 91 
27 52 14
90 94 106 108 98 
28 30 17
93 103 97 91 94 
29 70 9
109 104 90 105 108 
30 50 20
91 90 95 91 107 
31 77 8
100 90 103 100 106 
32 70 42
95 109 107 98 94 
33 58 42
98 96 91 109 90 
34 2 55
101 92 96 102 93 
35 44 66
102 109 95 92 101 
36 99 74
98 109 96 103 108 
37 24 94
92 102 96 93 109 
38 88 43
101 91 99 104 105 
39 76 100
100 108 94 92 99 
40 90 86
103 109 100 91 109 
41 77 47
99 101 101 102 94 
42 78 28
105 94 91 96 107 
43 71 22
95 107 90 105 105 
44 37 19
107 108 105 100 107 
45 18 52
106 95 99 96 106 
46 41 11
90 107 99 105 103 
47 11 75
93 103 97 98 100 
48 20 4
108 105 103 105 95 
49 81 6
93 99 98 101 104 

