50 5 4482
0 4 7
102 100 98 100 101 
1 3 10
96 97 102 95 104 
2 4 7
95 101 97 101 96 
3 9 8
104 97 95 97 98 
4 8 6
104 97 97 103 104 
5 8 4
101 96 97 104 98 
6 2 10
99 102 103 99 100 
7 1 4
101 96 95 101 98 
8 3 1
101 96 100 100 99 
9 8 7
100 101 104 98 102 
10 5 6
97 100 99 102 99 
11 5 4
95 102 103 101 103 
12 9 5
98 96 99 104 97 
13 1 7
103 104 97 101 101 
14 5 10
100 95 99 103 102 
15 2 8
97 102 97 97 101 
16 2 1
101 96 100 104 99 
17 10 1
104 96 102 102 96 
18 2 6
104 102 102 101 102 
19 4 7
100 101 98 104 99 
20 9 2
97 104 98 104 95 
21 9 9
100 95 104 101 98 
22 9 6
101 96 96 100 104 
23 9 5
103 96 95 98 95 
24 5 5
99 99 102 101 98 
25 2 8
100 104 101 97 96 
26 8 9
100 102 99 96 103 
27 6 10
102 100 98 103 103 
28 4 2
103 104 101 99 98 
29 4 4
103 101 95 99 103 
30 9 9
104 102 102 101 99 
31 4 1
98 95 104 97 100 
32 5 1
100 104 99 101 104 
33 3 3
99 102 102 100 99 
34 9 2
97 103 104 98 101 
35 9 1
97 96 95 100 96 
36 2 1
103 100 95 101 99 
37 7 3
100 103 101 97 103 
38 5 8
97 99 95 101 97 
39 10 10
95 103 96 98 96 
40 2 1
98 99 95 98 104 
41 2 10
101 104 98 98 103 
42 1 6
101 101 99 95 95 
43 5 7
97 101 102 100 101 
44 10 9
102 97 103 97 104 
45 10 7
95 97 102 101 96 
46 4 3
96 100 104 104 96 
47 5 10
96 95 102 100 103 
48 8 1
99 103 95 99 97 
49 10 7
96 95 99 97 97 

