50 5 988
0 4 7
102 90 118 110 111 
1 3 10
96 87 102 115 84 
2 4 7
115 101 97 111 86 
3 9 8
104 107 105 87 98 
4 8 6
104 77 97 83 94 
5 8 4
81 86 117 104 98 
6 2 10
109 112 123 99 90 
7 1 4
101 116 105 81 98 
8 3 1
121 106 80 100 109 
9 8 7
80 121 104 88 82 
10 5 6
107 120 89 92 109 
11 5 4
75 112 83 101 103 
12 9 5
78 76 79 124 107 
13 1 7
93 114 87 101 111 
14 5 10
120 95 109 103 92 
15 2 8
77 92 117 77 81 
16 2 1
111 116 90 114 119 
17 10 1
104 106 92 122 96 
18 2 6
84 102 92 81 122 
19 4 7
90 81 108 94 99 
20 9 2
107 104 78 94 95 
21 9 9
90 115 124 121 98 
22 9 6
121 76 96 80 104 
23 9 5
103 116 75 118 75 
24 5 5
99 89 112 81 118 
25 2 8
90 84 111 107 76 
26 8 9
100 82 99 96 83 
27 6 10
112 110 118 93 103 
28 4 2
103 104 101 79 118 
29 4 4
113 81 115 79 93 
30 9 9
94 92 92 121 99 
31 4 1
108 115 124 97 100 
32 5 1
80 114 79 111 94 
33 3 3
89 122 82 80 79 
34 9 2
97 103 124 118 121 
35 9 1
97 86 85 80 76 
36 2 1
103 80 95 111 119 
37 7 3
90 83 91 107 83 
38 5 8
87 99 75 111 77 
39 10 10
75 93 96 98 106 
40 2 1
108 119 85 88 124 
41 2 10
121 84 98 88 93 
42 1 6
101 91 109 115 115 
43 5 7
117 111 82 120 81 
44 10 9
112 87 123 97 84 
45 10 7
85 117 112 81 76 
46 4 3
96 80 94 124 96 
47 5 10
86 115 92 80 103 
48 8 1
109 83 95 99 97 
49 10 7
106 105 109 117 97 

