500 5 24887
0 91 20
113 100 86 123 89 
1 78 46
102 117 104 124 118 
2 38 50
79 98 92 105 77 
3 73 70
90 92 116 85 105 
4 97 64
88 111 107 77 86 
5 97 53
102 98 122 82 92 
6 29 7
85 90 81 89 115 
7 76 45
120 124 91 85 91 
8 10 24
123 80 111 87 118 
9 22 17
81 92 93 111 115 
10 18 44
85 120 124 95 87 
11 58 38
79 110 108 124 109 
12 100 63
78 85 112 76 92 
13 24 66
85 121 106 94 90 
14 2 56
83 93 123 93 90 
15 100 89
102 84 102 107 121 
16 12 84
107 87 122 110 98 
17 35 90
117 85 79 80 81 
18 89 75
97 116 106 107 85 
19 32 51
100 105 115 80 116 
20 69 88
112 104 97 97 116 
21 21 10
91 81 123 84 91 
22 6 67
100 120 115 124 111 
23 22 32
123 77 106 101 109 
24 24 32
103 116 95 92 97 
25 93 40
91 89 124 109 96 
26 100 46
114 81 86 89 76 
27 52 14
115 99 121 113 103 
28 30 17
88 78 122 116 119 
29 70 9
94 89 75 110 103 
30 50 20
76 75 90 116 82 
31 77 8
85 105 98 75 81 
32 70 42
110 124 82 123 79 
33 58 42
123 101 76 94 115 
34 2 55
96 77 101 97 78 
35 44 66
87 94 100 97 76 
36 99 74
83 94 91 118 93 
37 24 94
97 107 111 98 84 
38 88 43
76 116 124 99 120 
39 76 100
75 93 89 87 114 
40 90 86
118 114 85 76 84 
41 77 47
104 76 116 77 109 
42 78 28
120 89 96 121 82 
43 71 22
80 122 95 80 90 
44 37 19
82 103 80 75 92 
45 18 52
101 120 124 81 121 
46 41 11
105 92 114 100 108 
47 11 75
118 108 122 123 105 
48 20 4
123 80 98 80 110 
49 81 6
78 124 83 106 119 
50 10 90
116 124 76 98 93 
51 93 52
78 78 102 121 113 
52 25 47
93 118 77 91 75 
53 76 24
111 83 105 116 84 
54 89 75
79 122 91 122 123 
55 68 23
93 87 98 97 90 
56 51 71
80 101 92 98 94 
57 72 43
97 123 92 83 81 
58 99 52
91 111 102 97 111 
59 94 20
111 88 116 80 100 
60 68 80
117 94 76 122 121 
61 19 21
92 114 89 116 113 
62 33 2
121 107 77 89 95 
63 31 87
81 100 82 120 113 
64 52 3
88 93 106 82 114 
65 83 5
112 78 102 82 119 
66 92 99
109 100 75 108 82 
67 5 48
105 109 111 111 87 
68 96 34
75 121 110 91 91 
69 69 74
81 78 103 120 83 
70 8 53
79 75 76 116 101 
71 4 75
110 82 98 90 119 
72 12 5
81 82 114 83 78 
73 78 75
97 122 75 103 77 
74 79 26
85 110 103 92 112 
75 82 9
90 109 109 76 118 
76 60 19
112 96 99 120 105 
77 17 5
110 118 103 82 115 
78 79 88
118 83 88 80 120 
79 92 23
108 99 107 123 85 
80 17 52
78 101 97 118 124 
81 49 39
104 89 117 89 82 
82 22 75
75 76 86 120 87 
83 75 51
82 92 100 117 118 
84 60 94
78 101 119 82 79 
85 19 51
80 92 113 111 106 
86 84 53
116 81 101 116 82 
87 89 37
94 89 113 104 107 
88 16 24
100 100 91 106 78 
89 14 41
84 106 115 89 123 
90 31 3
105 88 79 96 94 
91 82 65
104 96 77 75 110 
92 91 82
94 83 80 122 108 
93 22 81
113 109 95 122 91 
94 11 14
91 117 90 121 83 
95 70 70
104 77 108 85 98 
96 86 62
86 103 117 107 111 
97 48 32
96 96 86 84 82 
98 84 7
100 120 94 117 113 
99 35 41
123 80 85 102 83 
100 96 41
108 106 76 121 86 
101 96 32
122 120 89 93 91 
102 79 30
100 86 112 76 82 
103 59 44
122 119 108 120 124 
104 46 25
84 116 89 120 99 
105 66 44
110 88 99 109 83 
106 90 5
101 94 108 76 105 
107 21 53
112 103 122 109 97 
108 84 82
98 103 81 108 96 
109 71 31
120 113 98 107 78 
110 49 17
86 114 95 112 83 
111 6 41
115 102 120 103 80 
112 93 65
104 100 121 80 81 
113 5 39
104 101 95 102 91 
114 94 60
94 116 103 107 107 
115 1 70
117 81 87 108 108 
116 8 64
116 124 102 97 102 
117 26 28
110 104 92 89 83 
118 38 42
99 108 78 119 99 
119 82 27
84 106 123 76 114 
120 11 85
100 94 122 93 93 
121 28 43
122 77 95 109 109 
122 40 100
117 104 117 93 87 
123 46 63
113 103 116 124 87 
124 42 2
76 78 112 103 97 
125 38 97
117 89 114 115 93 
126 62 75
77 77 100 121 106 
127 19 66
120 90 104 111 119 
128 73 86
81 88 113 84 91 
129 77 89
113 88 109 108 104 
130 76 26
122 111 76 77 114 
131 78 49
97 122 90 95 89 
132 98 7
85 94 118 91 108 
133 83 29
76 85 93 117 100 
134 5 26
79 105 75 76 93 
135 2 6
82 105 81 107 104 
136 72 53
119 95 85 79 115 
137 54 24
100 112 76 101 122 
138 20 69
97 98 120 101 80 
139 96 31
99 124 112 108 104 
140 94 66
84 92 92 80 112 
141 28 10
102 106 107 79 93 
142 36 82
93 79 76 115 105 
143 48 20
112 119 76 86 120 
144 89 96
100 109 85 111 76 
145 31 42
115 82 77 95 115 
146 36 25
86 95 82 106 102 
147 60 24
84 83 119 121 79 
148 96 59
75 111 80 102 97 
149 18 16
98 122 83 88 82 
150 11 86
124 120 85 87 93 
151 68 44
120 103 92 79 113 
152 14 53
118 84 87 120 122 
153 68 73
94 110 114 119 109 
154 48 10
118 82 120 118 80 
155 58 56
98 101 76 93 80 
156 71 25
120 108 103 115 119 
157 92 86
118 85 84 87 122 
158 49 9
107 122 93 100 80 
159 66 71
85 97 103 108 123 
160 30 4
80 76 104 76 111 
161 8 94
106 75 104 99 86 
162 41 90
83 116 122 117 113 
163 68 19
118 107 115 80 81 
164 19 41
82 124 118 87 75 
165 75 16
112 109 86 95 109 
166 93 97
122 107 110 81 98 
167 36 99
89 79 93 84 114 
168 10 66
120 102 80 79 104 
169 2 70
106 100 111 95 86 
170 98 91
123 114 112 120 97 
171 25 2
122 86 77 88 91 
172 21 74
80 106 113 77 86 
173 96 10
115 121 103 96 99 
174 15 93
110 87 109 108 78 
175 74 32
100 75 109 100 86 
176 37 89
104 84 88 111 117 
177 52 40
78 122 123 118 120 
178 79 18
94 117 86 82 81 
179 96 93
85 96 98 112 96 
180 9 13
109 121 78 89 82 
181 67 1
75 95 116 78 94 
182 40 100
89 92 93 111 87 
183 30 94
93 101 112 103 124 
184 62 67
95 96 105 80 94 
185 36 70
102 79 94 104 99 
186 62 35
118 77 110 84 97 
187 54 46
109 109 115 79 88 
188 29 84
87 116 76 108 89 
189 84 91
110 94 84 87 98 
190 81 94
122 118 103 117 123 
191 14 4
97 94 124 83 78 
192 92 63
91 96 122 106 89 
193 99 15
103 107 81 91 78 
194 68 29
101 124 99 100 120 
195 3 70
118 92 97 90 111 
196 74 76
117 92 112 85 113 
197 36 42
78 110 82 108 94 
198 64 50
97 107 105 123 107 
199 57 26
102 83 119 95 102 
200 20 38
91 119 87 83 86 
201 2 21
75 111 89 80 99 
202 22 91
118 112 117 91 94 
203 75 17
78 105 119 105 115 
204 41 3
92 84 116 108 79 
205 56 94
90 82 89 92 120 
206 81 75
94 76 90 90 115 
207 10 32
87 108 124 92 90 
208 46 49
80 111 77 97 120 
209 95 9
76 124 76 94 81 
210 68 39
77 122 88 98 76 
211 31 89
118 114 96 82 99 
212 24 26
114 93 100 121 79 
213 28 19
77 96 103 78 96 
214 33 25
104 76 88 106 124 
215 29 58
77 83 120 122 124 
216 70 6
100 117 107 89 85 
217 8 11
90 109 105 92 81 
218 12 73
104 118 122 83 119 
219 13 43
120 115 124 124 75 
220 97 98
124 90 79 99 82 
221 37 41
93 120 77 108 104 
222 35 53
110 120 101 91 115 
223 26 26
110 112 92 107 104 
224 67 35
104 87 108 103 103 
225 90 5
110 102 119 80 97 
226 47 41
76 106 117 114 101 
227 22 56
92 121 105 79 111 
228 100 39
90 90 99 120 105 
229 8 24
85 121 103 122 98 
230 25 54
120 96 118 124 77 
231 39 91
105 84 120 124 82 
232 79 56
118 102 121 84 118 
233 71 5
100 105 104 110 101 
234 60 33
77 109 110 124 82 
235 32 1
86 96 115 116 105 
236 37 44
112 89 75 106 118 
237 97 43
113 92 121 88 122 
238 78 1
100 114 108 104 98 
239 71 82
105 78 106 118 99 
240 73 37
79 85 104 119 101 
241 31 28
94 103 96 85 122 
242 20 74
121 121 99 99 110 
243 60 54
85 106 111 117 110 
244 69 86
84 117 97 91 79 
245 54 13
107 110 116 78 89 
246 13 64
86 106 114 85 104 
247 16 85
92 99 114 102 82 
248 77 71
117 121 82 79 113 
249 30 73
119 110 109 101 95 
250 28 30
111 114 120 75 97 
251 35 11
76 124 119 93 100 
252 84 99
107 84 95 100 82 
253 28 82
120 84 78 116 119 
254 90 70
89 91 124 78 82 
255 97 4
104 105 88 107 106 
256 8 2
81 117 76 113 79 
257 72 66
86 123 123 84 82 
258 52 1
78 115 95 93 83 
259 22 74
90 92 101 119 124 
260 90 28
105 123 105 113 115 
261 32 29
119 77 121 83 75 
262 45 68
85 121 92 88 113 
263 90 34
122 87 81 87 106 
264 83 10
105 98 113 87 96 
265 21 53
89 76 106 85 80 
266 28 69
82 96 110 92 94 
267 56 34
85 121 91 84 84 
268 26 74
115 84 107 98 108 
269 23 86
81 117 113 95 118 
270 72 84
75 123 76 83 96 
271 40 78
118 121 85 80 117 
272 78 15
76 79 112 119 88 
273 23 18
121 119 79 80 112 
274 45 28
107 90 85 110 90 
275 15 44
114 78 95 109 76 
276 32 90
118 85 78 122 89 
277 43 44
104 89 85 101 86 
278 67 84
75 86 85 109 103 
279 22 20
119 110 87 110 115 
280 36 20
116 91 85 111 103 
281 16 36
119 82 103 98 99 
282 91 52
112 82 109 112 93 
283 98 72
123 93 116 119 80 
284 6 30
122 115 75 113 83 
285 61 77
111 102 89 107 112 
286 43 9
86 108 84 123 117 
287 47 38
87 118 83 85 88 
288 52 56
93 82 111 90 122 
289 38 56
81 124 108 119 102 
290 48 78
89 117 110 102 102 
291 97 28
94 119 89 106 114 
292 25 44
77 101 123 97 110 
293 88 40
109 99 121 115 100 
294 31 88
77 104 91 93 96 
295 54 46
123 76 97 94 121 
296 89 3
110 88 121 115 116 
297 97 13
101 108 77 85 84 
298 99 4
110 105 115 114 87 
299 59 9
108 88 80 109 89 
300 31 56
87 93 83 123 108 
301 57 39
99 79 75 75 113 
302 55 12
124 80 91 109 110 
303 9 77
122 91 109 108 104 
304 42 70
120 96 99 83 115 
305 35 57
98 117 121 75 122 
306 49 1
112 80 88 111 85 
307 30 24
120 112 124 120 80 
308 36 31
111 101 124 107 123 
309 76 41
115 87 123 90 79 
310 47 66
76 119 91 113 124 
311 82 78
84 86 75 82 75 
312 100 5
81 109 109 117 85 
313 86 27
85 85 91 75 99 
314 67 17
104 87 108 105 84 
315 100 22
83 108 123 95 121 
316 99 30
121 124 108 79 110 
317 20 50
120 79 100 83 91 
318 95 61
116 85 101 95 100 
319 63 53
109 86 100 119 121 
320 24 15
117 98 120 116 97 
321 81 96
82 124 121 80 80 
322 73 64
99 93 98 90 105 
323 53 38
80 89 116 114 102 
324 68 85
101 117 75 93 91 
325 99 60
115 103 82 123 105 
326 4 56
112 102 95 86 120 
327 46 77
103 122 90 108 88 
328 60 76
118 101 86 94 95 
329 62 90
111 86 124 102 115 
330 57 28
97 86 107 84 114 
331 53 72
111 122 124 89 122 
332 18 1
87 101 100 80 79 
333 87 27
99 124 91 86 88 
334 18 91
80 98 92 102 111 
335 100 87
102 78 84 89 77 
336 62 81
124 103 107 89 79 
337 60 72
83 122 123 107 124 
338 67 46
87 108 110 92 83 
339 5 95
119 80 107 97 83 
340 95 89
86 80 95 87 108 
341 54 77
114 89 123 124 87 
342 99 34
86 89 104 98 122 
343 67 93
82 96 113 76 103 
344 23 76
112 91 90 75 96 
345 37 63
81 116 116 122 80 
346 92 47
94 114 105 105 80 
347 12 6
79 102 122 86 75 
348 36 15
104 83 115 93 101 
349 6 69
75 118 107 81 109 
350 26 55
117 93 75 86 82 
351 33 95
89 118 124 93 96 
352 50 82
98 109 121 79 119 
353 87 73
96 118 117 96 112 
354 28 30
98 77 110 90 96 
355 89 80
105 95 98 122 89 
356 25 16
112 98 122 87 85 
357 94 68
79 106 116 102 99 
358 85 49
86 86 105 112 90 
359 66 55
113 78 108 96 99 
360 59 69
115 108 110 102 81 
361 85 42
91 102 83 98 85 
362 1 1
110 111 76 123 124 
363 32 86
89 121 117 78 77 
364 26 75
103 111 119 93 94 
365 30 98
102 89 113 121 118 
366 100 70
79 76 96 116 112 
367 23 42
111 80 104 77 79 
368 72 8
81 123 108 109 109 
369 28 55
78 82 78 108 96 
370 42 30
91 117 75 95 118 
371 72 14
105 121 80 93 76 
372 87 22
82 82 105 88 80 
373 15 50
115 116 80 120 75 
374 59 81
98 77 84 115 119 
375 12 63
113 110 101 95 106 
376 84 40
109 94 87 117 103 
377 93 8
110 83 84 102 77 
378 65 76
77 98 80 101 100 
379 18 69
96 103 105 84 90 
380 59 31
123 118 96 108 89 
381 86 28
117 104 111 105 113 
382 96 58
115 87 109 119 112 
383 41 23
89 82 115 110 112 
384 74 46
78 108 102 76 102 
385 1 87
118 112 90 113 91 
386 53 69
81 124 102 121 86 
387 63 42
123 79 88 87 86 
388 7 51
75 106 122 80 89 
389 27 8
118 101 120 112 90 
390 12 76
106 90 120 113 89 
391 25 87
101 111 102 101 117 
392 44 42
78 76 116 81 107 
393 39 62
121 91 95 115 119 
394 67 30
84 102 81 115 117 
395 52 31
83 100 92 109 89 
396 97 14
81 116 79 87 117 
397 98 71
99 112 106 98 78 
398 53 66
122 95 119 83 124 
399 3 49
118 80 106 76 107 
400 1 39
121 121 76 80 115 
401 58 20
107 81 114 84 118 
402 73 85
123 101 124 122 121 
403 96 56
120 122 80 113 77 
404 87 91
111 111 103 108 110 
405 32 91
102 113 86 84 119 
406 51 21
114 97 79 114 76 
407 6 37
122 75 116 118 124 
408 99 84
78 112 98 115 98 
409 54 76
85 109 92 112 99 
410 79 50
95 105 96 84 79 
411 79 49
80 108 111 78 111 
412 80 99
112 103 106 116 90 
413 8 84
115 85 85 78 122 
414 28 91
96 82 116 117 112 
415 14 54
116 116 79 122 101 
416 91 53
87 95 75 75 123 
417 32 94
90 113 103 80 76 
418 39 59
123 92 76 96 101 
419 93 66
88 82 94 79 75 
420 74 4
102 90 80 116 110 
421 6 94
110 114 111 75 102 
422 67 7
103 79 91 103 98 
423 18 1
124 87 90 89 94 
424 37 22
97 86 99 124 102 
425 33 93
89 112 111 75 103 
426 25 1
81 116 83 111 122 
427 28 68
96 119 92 97 83 
428 85 88
105 98 83 77 109 
429 85 54
88 91 120 105 81 
430 32 31
109 81 107 117 124 
431 94 32
121 95 123 92 91 
432 66 93
100 76 104 82 99 
433 40 60
86 98 87 101 117 
434 10 7
123 118 111 109 124 
435 72 78
75 89 83 121 111 
436 7 67
77 98 83 104 99 
437 90 37
76 105 122 87 78 
438 12 89
122 96 122 122 89 
439 36 33
90 81 86 90 97 
440 70 62
85 102 104 90 77 
441 38 95
101 103 108 104 83 
442 31 42
89 117 107 86 90 
443 82 60
104 91 118 121 100 
444 5 64
122 100 99 83 77 
445 5 76
79 118 94 107 99 
446 5 63
107 112 80 123 106 
447 90 63
121 95 98 102 114 
448 17 74
89 97 111 86 122 
449 13 72
124 93 121 80 89 
450 69 40
113 99 76 97 86 
451 10 22
117 123 110 115 96 
452 9 18
85 101 115 99 123 
453 79 38
120 116 86 121 86 
454 60 2
100 104 117 88 79 
455 95 89
92 78 86 85 78 
456 97 53
101 79 95 111 107 
457 13 61
105 116 75 102 109 
458 12 24
120 95 101 96 75 
459 69 87
81 89 99 98 94 
460 36 86
98 106 113 124 112 
461 61 89
96 97 75 76 88 
462 51 81
122 88 78 118 109 
463 32 67
111 77 77 119 91 
464 80 18
111 91 80 86 75 
465 46 13
112 80 77 86 102 
466 54 65
116 80 120 115 94 
467 1 86
78 107 78 116 111 
468 9 36
77 112 79 115 78 
469 60 54
78 79 93 118 84 
470 71 55
114 100 95 107 106 
471 16 23
75 91 85 80 75 
472 64 97
111 96 108 115 83 
473 88 34
89 122 113 94 78 
474 9 65
90 106 93 79 81 
475 42 37
112 81 85 114 99 
476 23 95
101 111 115 87 82 
477 74 56
93 86 115 109 85 
478 31 4
90 114 93 105 95 
479 39 37
103 104 99 93 113 
480 88 8
87 84 77 114 120 
481 93 54
80 93 85 100 106 
482 53 10
118 108 89 83 99 
483 85 92
121 100 102 99 81 
484 5 43
119 116 75 84 75 
485 5 49
123 123 78 80 91 
486 67 83
124 93 118 117 78 
487 8 4
102 119 119 100 94 
488 74 1
100 102 119 97 95 
489 97 32
98 75 106 98 124 
490 37 79
92 77 85 92 98 
491 4 62
101 87 91 79 83 
492 11 82
102 111 108 80 90 
493 29 80
113 101 87 86 102 
494 94 85
103 106 89 120 109 
495 27 15
82 104 103 110 118 
496 45 90
77 82 98 106 120 
497 57 39
85 109 92 123 88 
498 80 62
117 99 120 95 81 
499 12 18
117 112 109 124 93 

