50 5 2488
0 47 86
103 95 100 95 97 
1 77 2
99 103 99 98 104 
2 3 42
99 100 96 100 100 
3 43 39
103 98 102 100 102 
4 69 99
99 99 101 99 101 
5 62 16
103 95 103 99 103 
6 93 88
103 102 96 97 97 
7 83 100
104 99 102 103 102 
8 37 86
101 99 100 96 96 
9 72 68
102 98 97 103 98 
10 51 3
98 100 95 96 97 
11 72 16
101 98 101 101 102 
12 5 7
101 95 96 98 102 
13 27 7
103 103 98 100 98 
14 57 6
101 103 103 104 98 
15 99 94
102 96 95 101 99 
16 28 23
98 98 95 96 98 
17 72 95
97 104 97 95 102 
18 27 39
95 99 98 103 99 
19 52 71
103 96 100 100 97 
20 28 14
103 99 100 98 104 
21 16 86
98 103 96 102 103 
22 85 79
102 97 103 95 103 
23 12 11
97 100 97 95 103 
24 48 89
98 102 96 98 98 
25 90 48
98 101 99 103 102 
26 16 26
100 96 98 99 98 
27 72 45
98 100 102 101 95 
28 40 49
95 104 103 98 101 
29 43 58
104 96 101 97 104 
30 41 11
101 100 101 98 104 
31 92 1
99 98 99 103 95 
32 52 45
97 98 99 97 97 
33 34 89
103 100 100 102 103 
34 2 23
104 96 97 103 103 
35 21 62
102 97 96 97 102 
36 59 71
102 96 101 104 99 
37 11 4
103 100 96 101 97 
38 89 87
95 104 103 97 97 
39 93 71
96 98 98 95 102 
40 98 75
99 102 99 98 103 
41 63 15
100 100 102 98 95 
42 62 3
98 104 95 100 96 
43 1 58
98 97 104 101 102 
44 64 100
99 97 98 95 104 
45 71 76
104 97 104 99 102 
46 60 81
95 95 99 100 96 
47 75 53
97 99 97 103 103 
48 42 95
101 101 100 97 103 
49 20 6
102 104 95 104 96 

