500 5 24857
0 2 4
104 96 93 107 95 
1 4 9
95 94 104 104 94 
2 4 5
92 91 91 99 107 
3 5 9
109 103 108 92 92 
4 1 1
100 103 94 106 109 
5 10 5
94 93 92 91 109 
6 7 6
94 101 92 108 102 
7 4 8
99 97 97 91 102 
8 7 6
104 96 106 107 101 
9 3 4
101 101 109 97 96 
10 2 10
96 100 106 92 103 
11 9 1
96 103 109 97 102 
12 8 1
95 95 106 101 93 
13 5 1
104 98 96 107 109 
14 6 6
96 109 96 94 91 
15 3 7
104 103 108 102 96 
16 8 3
101 106 94 106 91 
17 1 10
94 106 90 101 94 
18 7 9
94 93 95 92 92 
19 4 7
105 108 94 100 101 
20 3 5
99 109 96 90 106 
21 2 7
99 93 98 96 90 
22 9 8
94 96 107 90 99 
23 6 5
94 108 102 109 106 
24 7 2
109 108 106 99 108 
25 3 10
96 95 108 105 99 
26 7 4
91 96 92 95 102 
27 1 9
103 97 94 99 95 
28 8 10
92 103 100 91 102 
29 9 3
92 91 94 90 108 
30 5 8
97 90 91 98 108 
31 4 7
92 105 106 105 92 
32 1 6
90 107 96 104 101 
33 9 6
105 97 100 99 90 
34 5 10
108 98 98 108 90 
35 2 7
108 95 94 102 102 
36 1 8
97 91 94 97 108 
37 1 2
91 101 98 98 108 
38 9 8
108 94 108 98 102 
39 8 7
94 98 103 104 95 
40 10 7
108 100 96 95 101 
41 1 5
91 103 95 105 94 
42 4 4
92 94 91 102 98 
43 10 3
103 96 109 107 97 
44 5 3
102 103 108 92 93 
45 7 10
96 97 93 90 90 
46 9 6
106 104 108 100 108 
47 10 5
108 101 96 101 99 
48 6 10
106 91 103 91 105 
49 4 6
100 90 105 99 109 
50 9 10
101 109 94 97 95 
51 5 10
93 96 93 103 107 
52 10 6
108 97 96 105 98 
53 2 9
105 104 93 96 96 
54 9 6
95 99 106 106 90 
55 1 4
95 104 102 90 102 
56 8 4
99 107 100 98 106 
57 9 6
94 109 105 102 104 
58 9 9
90 99 95 96 100 
59 2 5
92 103 100 109 109 
60 3 2
102 92 94 103 101 
61 8 2
97 105 98 93 105 
62 6 6
91 96 103 91 97 
63 1 10
107 101 104 101 94 
64 5 1
94 108 91 98 90 
65 8 2
93 94 93 100 102 
66 4 5
109 109 91 90 107 
67 8 4
94 107 103 91 91 
68 10 5
95 105 104 91 103 
69 6 10
96 94 101 91 91 
70 7 3
103 91 108 102 102 
71 10 5
99 96 107 103 106 
72 1 7
107 91 100 104 106 
73 5 7
92 101 107 90 98 
74 1 2
99 96 95 104 90 
75 4 9
102 105 92 92 91 
76 10 8
99 92 104 96 93 
77 5 2
102 91 99 96 94 
78 9 7
102 109 109 103 107 
79 6 8
107 98 95 100 105 
80 10 5
107 109 93 108 103 
81 8 6
98 104 108 90 97 
82 10 7
101 107 94 106 98 
83 5 10
96 91 107 93 91 
84 5 6
107 104 91 96 95 
85 6 5
108 92 91 108 98 
86 2 10
105 100 107 109 90 
87 5 6
98 100 94 96 101 
88 4 3
94 90 97 91 104 
89 2 8
101 96 94 91 90 
90 6 10
99 107 100 106 109 
91 1 6
101 104 100 102 106 
92 8 9
109 90 90 93 90 
93 1 6
96 91 94 107 97 
94 9 1
109 96 100 98 105 
95 3 8
104 102 102 108 108 
96 6 1
96 92 98 95 92 
97 10 10
105 99 96 91 100 
98 1 2
99 109 91 98 95 
99 4 10
90 106 96 96 90 
100 1 5
109 95 104 95 97 
101 6 4
92 106 102 107 95 
102 9 1
97 90 103 98 109 
103 8 9
106 100 107 98 108 
104 6 8
109 108 93 100 93 
105 9 8
93 95 100 95 91 
106 5 5
108 94 106 107 95 
107 1 6
106 107 103 103 109 
108 4 4
108 100 102 99 98 
109 7 10
94 96 108 109 101 
110 2 5
102 97 100 92 102 
111 7 10
107 106 94 103 95 
112 10 9
95 94 94 93 97 
113 7 5
97 102 105 101 100 
114 4 3
91 96 96 95 104 
115 9 8
108 105 96 105 93 
116 3 1
99 94 101 96 90 
117 8 2
97 93 95 105 98 
118 1 9
108 95 91 102 94 
119 10 8
108 90 107 106 105 
120 4 4
100 108 105 101 92 
121 9 8
104 95 108 92 91 
122 6 10
99 105 109 109 103 
123 3 4
107 94 91 97 94 
124 9 6
109 103 100 91 101 
125 6 4
95 106 100 90 91 
126 2 5
92 106 105 93 94 
127 5 6
99 97 108 96 93 
128 2 6
97 91 102 108 97 
129 3 10
100 109 102 106 105 
130 6 9
107 106 92 101 94 
131 8 6
98 93 92 107 92 
132 1 6
95 94 102 102 95 
133 5 3
102 96 92 93 108 
134 5 2
103 91 101 92 107 
135 6 7
92 104 103 92 107 
136 6 1
90 97 97 107 101 
137 1 3
107 94 94 91 93 
138 7 7
91 103 97 96 104 
139 9 2
94 93 97 108 99 
140 1 1
97 105 102 109 92 
141 1 9
96 90 100 93 94 
142 6 7
97 103 103 98 108 
143 3 8
95 93 98 91 108 
144 6 10
98 97 109 105 104 
145 3 7
98 94 104 104 94 
146 8 10
98 94 96 106 107 
147 10 7
98 93 105 103 96 
148 4 5
107 100 95 95 99 
149 7 3
93 90 108 102 94 
150 5 9
98 91 98 107 95 
151 5 6
105 95 103 93 90 
152 10 9
97 94 104 94 97 
153 10 2
98 97 103 102 98 
154 4 7
102 97 96 91 91 
155 5 1
108 90 105 103 95 
156 1 9
96 91 98 95 108 
157 5 2
107 95 92 95 103 
158 8 8
91 100 95 103 99 
159 3 5
92 108 94 91 109 
160 2 7
94 94 105 92 95 
161 6 10
93 100 90 90 105 
162 3 7
98 91 105 91 101 
163 4 6
103 107 91 105 105 
164 9 7
104 99 93 101 103 
165 1 4
101 107 103 96 97 
166 6 10
105 90 107 105 91 
167 5 8
103 107 94 108 104 
168 6 4
92 93 92 106 95 
169 8 8
100 97 103 91 106 
170 9 9
94 93 109 101 93 
171 7 9
107 90 105 92 100 
172 10 1
106 95 103 108 90 
173 8 6
95 94 104 106 93 
174 10 10
90 107 99 106 103 
175 9 8
98 94 95 95 107 
176 4 8
97 102 109 93 99 
177 4 3
92 102 99 97 107 
178 6 6
90 105 107 90 94 
179 7 7
99 97 93 100 93 
180 2 6
90 104 105 109 108 
181 5 4
98 109 107 92 102 
182 9 10
99 103 107 91 90 
183 7 3
107 102 108 96 101 
184 5 7
105 97 94 97 91 
185 10 8
109 95 92 109 95 
186 10 2
99 107 93 100 92 
187 3 2
93 108 95 90 92 
188 5 7
104 100 105 91 107 
189 10 9
100 100 97 91 105 
190 10 4
102 90 96 91 99 
191 2 4
102 103 105 105 93 
192 3 6
96 98 103 102 108 
193 9 6
97 109 95 107 99 
194 4 2
95 104 94 107 105 
195 1 2
94 102 104 106 107 
196 2 4
91 104 108 109 92 
197 5 4
103 102 98 90 94 
198 4 1
103 108 103 108 103 
199 8 9
90 109 109 106 93 
200 6 6
91 97 98 104 103 
201 10 4
97 93 106 90 97 
202 7 4
93 99 105 107 98 
203 9 6
103 107 93 95 106 
204 5 2
102 90 108 103 109 
205 8 10
94 108 102 101 103 
206 1 5
102 106 107 106 107 
207 5 4
107 102 90 100 99 
208 5 6
107 100 99 99 92 
209 8 5
103 96 103 107 94 
210 8 2
99 99 95 92 107 
211 5 1
105 108 93 102 92 
212 4 6
101 109 92 90 92 
213 4 1
94 101 106 108 99 
214 1 8
96 109 98 105 99 
215 4 10
96 109 109 91 107 
216 3 7
109 108 103 92 99 
217 8 4
101 101 95 98 104 
218 2 7
93 93 103 99 93 
219 3 8
102 97 96 108 97 
220 7 3
106 90 100 106 100 
221 6 1
90 92 103 93 103 
222 1 2
109 102 107 105 105 
223 4 7
108 107 103 92 94 
224 3 4
93 100 95 90 100 
225 8 9
91 92 108 103 106 
226 3 7
92 104 98 91 96 
227 8 7
104 90 103 94 107 
228 9 8
104 100 90 107 90 
229 8 8
93 106 95 106 108 
230 7 10
104 90 107 98 104 
231 6 1
91 105 108 105 105 
232 2 10
95 92 108 109 102 
233 9 7
95 97 96 98 93 
234 2 7
91 109 95 98 109 
235 5 7
104 90 108 105 97 
236 8 3
92 90 103 109 92 
237 3 9
97 100 97 94 100 
238 4 5
103 106 90 97 106 
239 6 6
105 109 93 99 101 
240 5 7
100 101 108 95 101 
241 3 5
96 106 93 95 108 
242 3 10
98 105 95 92 101 
243 6 10
109 92 106 105 103 
244 2 7
107 95 103 97 106 
245 4 3
90 97 107 108 93 
246 3 6
92 104 106 100 91 
247 2 3
94 96 103 94 98 
248 2 2
91 103 109 108 108 
249 3 7
97 98 100 109 105 
250 8 10
109 101 94 91 107 
251 1 2
100 91 106 105 109 
252 2 2
97 93 104 90 106 
253 4 10
96 96 107 95 96 
254 8 7
91 97 95 90 100 
255 2 2
98 91 95 108 104 
256 2 6
95 104 106 102 107 
257 1 6
95 94 106 94 92 
258 4 10
98 102 96 99 101 
259 4 3
92 95 93 92 108 
260 9 3
95 91 108 100 98 
261 7 6
95 99 90 101 103 
262 7 6
97 91 106 97 95 
263 5 9
107 108 100 109 105 
264 7 4
103 96 95 100 90 
265 4 2
98 92 98 103 101 
266 9 7
106 106 93 93 99 
267 3 3
104 96 92 101 106 
268 6 3
101 101 105 107 99 
269 2 8
99 106 98 107 108 
270 7 4
91 106 101 107 94 
271 8 3
103 109 104 98 107 
272 10 2
96 104 104 107 95 
273 10 5
104 92 104 106 101 
274 3 6
99 101 98 101 109 
275 3 1
94 101 103 99 92 
276 8 10
109 106 91 95 100 
277 6 6
97 106 91 104 109 
278 6 1
100 100 105 101 91 
279 7 5
102 98 105 98 109 
280 9 9
91 97 97 102 106 
281 9 1
108 105 95 108 102 
282 9 3
93 104 104 103 94 
283 10 7
107 107 93 91 107 
284 9 1
98 108 90 91 107 
285 8 5
103 98 106 94 93 
286 4 3
97 101 104 100 95 
287 9 6
91 99 102 100 97 
288 8 3
106 95 92 95 105 
289 3 7
102 91 102 108 99 
290 9 3
95 91 94 102 95 
291 1 6
100 100 100 94 101 
292 5 5
100 91 96 97 108 
293 1 3
103 92 108 108 106 
294 2 9
95 101 100 92 103 
295 7 8
108 98 92 90 100 
296 5 7
91 109 93 94 90 
297 10 2
101 92 105 94 106 
298 4 5
102 106 92 100 90 
299 5 3
103 92 109 93 92 
300 4 6
102 108 94 96 107 
301 8 1
99 98 91 90 100 
302 7 8
97 91 101 101 100 
303 7 2
100 92 104 105 95 
304 6 1
109 109 107 102 107 
305 2 9
96 90 98 105 99 
306 2 7
101 99 95 100 92 
307 7 3
102 104 93 104 107 
308 8 10
104 105 101 103 104 
309 10 8
93 92 105 99 105 
310 6 7
94 98 94 97 107 
311 10 9
102 108 102 94 102 
312 6 10
91 95 90 97 90 
313 5 4
96 95 100 99 97 
314 9 1
92 95 96 108 104 
315 2 9
93 90 106 105 100 
316 1 3
93 97 93 106 102 
317 6 5
94 109 107 92 94 
318 10 2
94 107 103 108 93 
319 1 8
99 101 105 94 93 
320 4 3
104 105 94 99 92 
321 10 8
97 104 103 101 104 
322 3 7
100 92 99 104 101 
323 4 4
96 93 92 105 96 
324 8 3
91 102 94 97 97 
325 1 9
91 109 96 98 103 
326 2 1
109 104 108 100 98 
327 8 5
109 100 107 96 95 
328 2 4
101 90 95 95 102 
329 2 5
101 91 103 103 90 
330 2 4
104 92 95 103 98 
331 4 4
106 101 90 98 91 
332 10 7
97 91 101 100 91 
333 10 8
96 100 102 99 102 
334 6 5
94 98 98 108 100 
335 4 5
109 107 109 97 98 
336 2 8
91 91 95 90 92 
337 8 2
105 96 100 103 98 
338 3 4
90 109 107 95 97 
339 8 6
100 101 101 99 98 
340 2 9
98 92 98 99 105 
341 4 1
99 100 103 95 98 
342 6 1
107 108 103 99 99 
343 4 7
107 90 92 97 93 
344 4 9
93 106 98 101 101 
345 7 4
96 100 105 106 102 
346 1 4
91 105 93 108 95 
347 10 10
105 102 96 94 94 
348 9 2
90 103 101 93 92 
349 2 8
103 98 90 101 108 
350 8 8
100 97 102 93 92 
351 7 4
90 107 103 105 91 
352 10 10
95 109 92 107 94 
353 6 2
96 106 98 101 94 
354 1 4
104 109 92 107 96 
355 6 1
90 93 104 90 90 
356 8 6
91 108 96 108 107 
357 1 7
103 95 99 90 92 
358 10 4
108 91 96 103 90 
359 2 1
96 98 92 108 101 
360 7 2
93 105 108 106 103 
361 6 7
92 95 104 106 93 
362 4 9
95 102 93 93 95 
363 1 9
95 93 100 93 101 
364 4 3
92 91 103 107 107 
365 2 4
92 98 109 107 96 
366 5 6
99 99 95 104 104 
367 9 10
109 100 100 95 103 
368 1 1
94 95 92 108 97 
369 8 6
106 101 90 100 109 
370 3 10
107 108 94 96 97 
371 2 1
103 100 92 103 102 
372 3 1
96 94 100 92 100 
373 6 2
99 94 98 107 105 
374 2 8
97 103 97 94 93 
375 4 2
100 95 93 94 97 
376 8 10
109 91 109 95 96 
377 2 1
98 96 103 99 101 
378 2 7
108 104 103 95 109 
379 3 3
92 98 95 103 103 
380 1 10
90 108 100 101 109 
381 2 10
107 92 99 107 99 
382 3 7
102 105 102 100 100 
383 9 9
99 92 100 102 100 
384 8 8
93 97 108 105 95 
385 9 10
107 99 98 104 93 
386 8 3
102 109 100 94 96 
387 4 8
106 103 105 108 105 
388 8 1
96 94 109 91 101 
389 8 10
99 107 98 96 108 
390 7 3
91 95 106 96 106 
391 8 3
92 100 99 109 93 
392 7 10
100 103 109 98 99 
393 1 1
103 109 101 92 106 
394 10 1
96 97 102 109 102 
395 10 6
98 98 90 100 108 
396 2 2
103 108 100 105 93 
397 2 5
103 101 96 108 100 
398 8 1
108 106 90 106 93 
399 5 7
105 95 103 105 103 
400 4 6
93 97 109 98 95 
401 10 5
90 101 90 95 104 
402 7 4
95 93 93 105 101 
403 6 3
104 102 90 91 99 
404 4 7
93 109 103 108 96 
405 3 10
93 92 105 93 95 
406 6 10
109 91 102 106 106 
407 9 3
97 105 106 103 109 
408 7 5
99 91 92 102 90 
409 8 3
96 90 91 91 104 
410 7 6
101 101 96 100 94 
411 1 10
102 108 101 109 96 
412 10 5
95 105 100 104 106 
413 3 9
99 102 91 97 102 
414 3 10
108 101 104 99 104 
415 3 2
109 92 100 93 103 
416 4 4
109 94 97 106 109 
417 1 4
98 92 91 107 96 
418 5 5
108 99 103 98 90 
419 10 10
104 101 91 95 96 
420 4 10
109 99 94 100 103 
421 4 7
95 103 99 95 98 
422 4 3
104 107 108 95 96 
423 5 4
96 105 93 103 109 
424 7 9
95 101 109 106 102 
425 4 7
108 109 94 93 102 
426 5 1
90 99 92 97 96 
427 3 3
95 106 107 101 102 
428 3 7
93 98 105 98 102 
429 7 5
94 100 100 92 99 
430 7 8
103 102 107 96 91 
431 2 4
98 94 107 103 102 
432 7 7
94 109 103 109 109 
433 1 8
101 108 93 98 98 
434 6 1
99 102 98 105 94 
435 8 2
96 99 96 96 103 
436 6 2
95 91 109 92 90 
437 5 2
102 106 91 105 105 
438 5 4
105 100 96 95 92 
439 7 3
108 93 103 94 102 
440 2 3
107 96 95 105 109 
441 6 10
90 91 92 94 108 
442 4 10
103 90 93 98 100 
443 10 6
94 105 107 104 100 
444 3 2
93 95 103 102 93 
445 10 8
93 106 106 93 107 
446 10 10
105 104 108 90 104 
447 4 10
106 104 96 90 91 
448 7 8
102 100 108 97 106 
449 2 10
109 92 97 92 100 
450 6 8
98 96 98 105 91 
451 8 7
105 102 107 102 97 
452 6 5
98 101 101 102 104 
453 2 10
100 103 109 91 97 
454 9 7
108 103 95 96 102 
455 5 4
103 103 91 90 95 
456 1 5
102 96 99 103 99 
457 3 6
93 104 107 95 109 
458 7 10
96 96 105 94 109 
459 3 3
93 96 98 106 109 
460 10 8
95 90 91 99 108 
461 3 5
109 97 102 105 103 
462 10 1
102 107 101 100 93 
463 7 8
104 101 91 108 107 
464 10 5
99 101 93 96 93 
465 8 8
103 109 92 102 108 
466 7 8
101 105 90 105 102 
467 2 9
105 100 95 99 91 
468 9 10
100 98 96 109 101 
469 10 6
104 96 103 97 108 
470 8 2
98 103 109 102 90 
471 2 8
102 92 95 109 94 
472 3 1
107 91 90 98 91 
473 7 8
102 97 95 108 96 
474 1 8
106 107 98 94 100 
475 10 7
100 100 94 104 95 
476 2 6
91 94 95 109 95 
477 8 8
96 105 96 100 93 
478 2 9
99 91 95 95 100 
479 6 2
102 95 108 104 97 
480 5 1
94 97 95 96 101 
481 2 6
98 90 94 96 106 
482 3 7
109 104 106 90 97 
483 4 6
100 109 96 92 106 
484 7 8
93 100 107 98 108 
485 6 7
91 108 93 92 108 
486 8 1
104 99 99 95 105 
487 6 6
105 109 92 95 108 
488 2 10
96 107 98 99 90 
489 9 10
108 103 97 101 101 
490 1 4
91 99 96 106 109 
491 6 4
96 90 109 103 101 
492 4 1
91 104 100 97 102 
493 9 8
102 98 108 92 91 
494 7 6
94 106 101 96 96 
495 8 5
107 102 97 105 102 
496 9 10
94 102 101 107 96 
497 2 6
100 102 104 104 90 
498 3 7
104 108 92 108 97 
499 6 7
95 92 100 104 104 

