500 5 9956
0 2 84
99 101 88 112 100 
1 64 29
110 119 79 89 89 
2 4 15
77 116 76 124 92 
3 5 69
104 98 93 97 107 
4 21 21
105 98 79 81 124 
5 20 95
99 108 97 86 104 
6 77 76
119 106 117 123 97 
7 44 48
114 122 92 96 97 
8 87 96
79 81 91 112 106 
9 73 94
106 116 114 82 101 
10 62 70
81 115 121 77 98 
11 39 1
121 108 124 112 107 
12 68 61
80 80 81 86 88 
13 25 1
119 123 121 102 114 
14 86 86
91 124 81 99 116 
15 3 27
89 118 103 87 101 
16 78 53
86 121 89 91 76 
17 21 80
89 121 105 86 119 
18 27 89
109 88 100 77 87 
19 84 27
80 113 79 95 106 
20 83 35
84 84 111 95 81 
21 52 37
84 98 93 101 95 
22 49 38
89 101 102 75 114 
23 56 55
79 113 107 84 101 
24 37 82
84 93 91 94 103 
25 3 90
111 80 103 120 104 
26 47 74
76 121 87 90 97 
27 41 19
88 122 99 94 110 
28 58 30
87 118 85 96 87 
29 79 43
117 106 109 105 113 
30 15 28
92 85 76 93 83 
31 64 87
107 80 81 120 77 
32 81 66
115 112 121 79 106 
33 9 76
120 112 95 114 95 
34 55 70
83 93 123 103 105 
35 2 47
113 90 109 97 97 
36 41 68
102 96 109 92 83 
37 31 22
116 116 123 113 103 
38 19 78
123 99 123 83 117 
39 48 87
99 123 108 89 90 
40 70 87
113 85 81 90 106 
41 91 85
116 98 80 110 89 
42 54 24
117 99 76 117 123 
43 100 53
118 121 114 92 122 
44 25 33
87 118 93 77 78 
45 77 20
111 92 78 105 115 
46 9 16
81 89 113 75 113 
47 40 95
113 116 121 106 114 
48 86 50
111 86 108 76 80 
49 4 56
85 105 100 124 124 
50 79 30
116 114 119 122 80 
51 35 50
118 101 118 108 92 
52 90 66
83 102 91 120 113 
53 52 49
120 79 78 81 111 
54 79 56
110 84 111 101 75 
55 81 24
80 89 97 75 117 
56 68 34
84 82 75 93 111 
57 69 16
99 94 90 97 99 
58 19 79
85 124 110 121 85 
59 22 75
87 78 75 94 94 
60 23 72
87 117 79 98 76 
61 8 42
112 100 83 88 120 
62 76 36
96 121 88 106 122 
63 51 80
82 96 79 96 99 
64 5 91
119 103 86 83 95 
65 18 82
98 99 98 85 77 
66 84 75
124 84 86 95 82 
67 28 54
79 102 108 86 76 
68 40 85
100 120 99 96 98 
69 36 30
121 79 86 96 106 
70 87 33
108 96 83 107 107 
71 20 5
114 121 82 118 101 
72 91 7
102 106 115 79 101 
73 65 77
77 76 82 75 83 
74 21 22
114 81 80 99 105 
75 64 59
87 110 87 77 106 
76 20 48
84 87 79 111 118 
77 45 42
97 86 94 101 89 
78 79 27
97 124 124 88 82 
79 6 88
112 93 120 75 80 
80 60 5
112 104 78 123 118 
81 58 86
113 79 103 85 92 
82 100 87
106 102 89 81 103 
83 65 70
111 96 82 98 116 
84 55 26
122 89 106 111 120 
85 86 85
113 117 96 103 123 
86 52 40
90 75 102 124 105 
87 95 56
83 85 99 121 106 
88 34 23
99 115 122 96 79 
89 82 8
76 91 119 116 85 
90 66 20
84 92 85 101 94 
91 41 76
76 109 105 87 121 
92 8 59
104 115 105 78 105 
93 81 26
111 86 109 112 102 
94 29 31
114 121 75 123 90 
95 13 78
109 77 77 113 113 
96 36 51
111 117 83 90 107 
97 90 70
90 94 121 76 105 
98 31 92
84 84 96 123 80 
99 24 50
95 111 101 81 115 
100 31 45
104 90 119 90 82 
101 56 84
117 121 77 82 90 
102 99 11
122 105 78 83 114 
103 28 9
121 75 82 93 113 
104 36 28
104 93 98 85 108 
105 19 28
118 100 85 110 96 
106 15 95
113 89 81 112 120 
107 11 46
111 112 78 108 114 
108 64 54
103 75 107 84 93 
109 57 20
79 101 123 124 76 
110 62 85
97 102 105 87 117 
111 87 100
112 121 119 98 110 
112 50 59
100 89 89 78 92 
113 97 65
112 77 110 116 105 
114 34 43
106 121 101 80 99 
115 9 68
93 120 91 80 118 
116 63 81
104 89 116 81 105 
117 8 62
122 78 100 110 83 
118 61 79
113 120 96 97 119 
119 100 78
93 85 122 111 80 
120 64 44
75 103 100 106 117 
121 19 38
99 100 123 97 106 
122 76 10
114 110 114 104 108 
123 13 4
102 89 106 122 99 
124 79 36
104 118 105 106 96 
125 6 14
90 101 75 115 76 
126 2 15
107 101 100 98 89 
127 15 56
124 102 83 101 118 
128 92 26
92 96 87 123 92 
129 43 80
115 124 117 81 100 
130 96 49
102 121 87 86 99 
131 38 36
113 78 117 112 107 
132 1 16
100 119 117 117 90 
133 5 43
107 121 97 98 123 
134 15 32
98 86 106 77 82 
135 46 67
107 109 78 97 112 
136 96 61
95 122 102 122 116 
137 21 43
82 99 109 116 98 
138 7 17
96 98 122 121 109 
139 79 2
119 98 92 103 84 
140 21 1
122 90 87 94 87 
141 41 69
81 85 85 88 109 
142 96 57
82 78 98 103 103 
143 73 28
90 78 103 86 103 
144 96 40
113 92 114 110 109 
145 53 7
123 119 99 79 79 
146 38 70
113 109 101 121 112 
147 100 77
93 98 80 108 101 
148 84 95
82 105 110 120 124 
149 77 33
108 105 113 107 99 
150 65 39
103 76 83 92 110 
151 35 66
100 110 118 118 85 
152 50 29
112 109 99 119 92 
153 60 42
93 112 98 77 93 
154 64 37
117 102 101 96 106 
155 35 91
93 95 80 118 80 
156 1 89
91 76 93 80 113 
157 95 2
82 80 117 100 118 
158 68 78
86 105 90 78 84 
159 93 75
117 103 89 86 124 
160 72 7
79 99 120 97 100 
161 16 80
88 85 105 95 90 
162 23 47
83 116 100 96 96 
163 94 76
108 112 76 100 90 
164 19 37
89 114 118 96 88 
165 91 94
116 82 98 81 92 
166 6 80
110 105 102 120 96 
167 5 18
118 122 119 103 109 
168 46 54
77 88 117 91 80 
169 38 88
95 102 108 86 111 
170 59 69
79 88 124 116 118 
171 77 39
92 105 80 87 105 
172 100 41
91 120 118 93 85 
173 88 36
90 99 99 111 78 
174 60 50
115 92 94 121 108 
175 69 88
103 119 100 120 102 
176 34 8
82 107 124 98 104 
177 94 43
117 107 104 82 82 
178 56 96
85 90 122 75 109 
179 67 97
94 112 108 75 108 
180 62 96
85 119 80 94 103 
181 55 44
83 124 112 77 107 
182 19 10
114 98 82 76 115 
183 7 3
102 97 123 121 86 
184 35 97
120 122 119 82 116 
185 100 28
94 80 97 104 80 
186 60 82
114 102 118 105 77 
187 53 32
118 83 110 95 107 
188 85 67
119 95 90 116 92 
189 60 49
85 85 102 106 90 
190 50 14
97 85 121 86 114 
191 42 44
117 118 100 110 78 
192 13 56
111 123 98 107 93 
193 89 26
112 124 100 122 84 
194 54 32
100 79 119 122 90 
195 91 12
79 107 79 121 102 
196 82 84
106 119 113 94 117 
197 65 4
88 77 103 75 79 
198 54 51
88 83 108 113 88 
199 78 89
105 94 124 111 78 
200 6 86
106 112 93 89 108 
201 60 34
102 98 111 115 102 
202 17 94
108 94 120 122 103 
203 29 36
118 82 98 100 101 
204 75 62
107 105 123 88 94 
205 68 80
79 103 87 106 78 
206 1 25
107 91 92 91 112 
207 65 14
92 117 75 85 124 
208 25 36
102 75 124 84 107 
209 48 75
78 91 78 82 119 
210 18 42
124 94 90 107 112 
211 35 51
100 123 88 117 117 
212 64 56
116 114 117 95 117 
213 44 31
99 116 81 103 84 
214 11 88
81 104 103 80 124 
215 94 90
111 104 114 86 102 
216 3 7
94 93 88 87 84 
217 8 84
76 76 90 103 119 
218 22 7
78 108 118 84 88 
219 23 18
87 92 81 123 122 
220 47 13
101 75 95 121 95 
221 36 11
105 117 118 108 118 
222 11 12
114 107 92 120 90 
223 64 57
103 112 98 117 79 
224 33 94
78 105 80 105 105 
225 28 29
76 87 113 108 81 
226 33 17
77 119 103 116 101 
227 98 37
119 85 118 99 122 
228 19 68
79 75 85 82 105 
229 18 38
88 121 90 91 83 
230 57 50
89 115 92 93 109 
231 46 11
86 120 123 80 80 
232 92 80
80 87 123 84 87 
233 59 17
120 102 81 83 98 
234 72 77
106 104 100 123 94 
235 95 17
79 115 103 90 112 
236 78 23
117 95 78 124 107 
237 53 59
122 85 102 119 115 
238 34 5
88 81 105 122 111 
239 6 96
80 124 88 84 116 
240 95 77
105 96 123 100 116 
241 53 25
101 81 108 100 93 
242 63 70
83 120 100 97 76 
243 6 70
114 87 91 120 88 
244 32 57
82 100 108 112 121 
245 84 13
115 112 112 93 118 
246 73 96
87 109 91 95 106 
247 42 93
109 121 88 99 83 
248 82 72
96 88 104 103 113 
249 13 67
112 123 105 104 110 
250 68 50
104 116 119 116 102 
251 61 12
85 76 81 120 124 
252 22 72
82 78 119 105 91 
253 74 60
81 111 102 120 111 
254 8 77
96 102 100 75 95 
255 22 42
123 106 80 83 109 
256 62 6
110 109 101 117 112 
257 71 26
80 119 111 89 107 
258 14 10
93 97 111 114 76 
259 64 43
97 110 108 97 93 
260 89 33
80 76 113 115 113 
261 67 36
100 114 85 106 108 
262 97 96
92 86 81 112 110 
263 95 29
112 83 95 84 120 
264 7 34
88 121 90 95 75 
265 4 62
113 97 123 88 86 
266 9 97
121 81 118 88 94 
267 53 3
79 121 107 116 81 
268 6 3
76 86 110 92 84 
269 2 88
84 81 123 122 103 
270 97 64
116 81 86 112 89 
271 8 53
108 84 79 113 82 
272 90 32
91 119 109 92 80 
273 70 35
89 97 99 101 106 
274 23 26
84 96 113 76 104 
275 53 41
119 86 118 104 97 
276 48 70
104 111 76 120 105 
277 36 16
112 81 76 79 104 
278 76 31
85 75 80 96 96 
279 97 75
77 123 90 123 84 
280 9 79
106 82 122 87 121 
281 49 11
103 110 100 93 117 
282 79 73
98 79 79 108 79 
283 10 57
102 82 108 106 82 
284 99 31
93 83 85 76 92 
285 8 15
88 83 101 119 118 
286 54 63
112 106 109 85 110 
287 89 96
116 124 77 95 82 
288 88 53
91 110 107 110 120 
289 43 87
87 76 77 103 84 
290 29 23
80 106 109 117 90 
291 71 56
75 85 75 119 86 
292 55 15
95 116 91 112 103 
293 1 73
98 117 83 113 121 
294 12 69
80 116 115 87 98 
295 27 8
113 123 87 115 85 
296 65 37
96 94 78 119 85 
297 70 32
116 97 80 89 91 
298 14 55
87 101 97 95 95 
299 65 33
118 117 114 108 117 
300 54 76
77 93 89 101 112 
301 68 71
124 113 76 115 85 
302 57 58
102 96 86 116 75 
303 87 62
95 77 119 90 120 
304 86 51
114 114 102 117 82 
305 42 19
121 85 113 120 124 
306 42 37
86 124 120 115 97 
307 57 83
97 119 118 119 122 
308 38 10
119 100 86 108 89 
309 90 78
98 107 120 94 120 
310 36 17
119 103 79 82 102 
311 50 99
77 83 107 99 77 
312 76 20
76 90 105 122 115 
313 45 34
81 110 85 104 92 
314 59 51
87 120 91 83 99 
315 72 19
78 95 91 80 105 
316 1 33
108 102 78 111 117 
317 36 85
109 104 92 117 89 
318 80 72
109 112 98 123 108 
319 41 58
84 86 100 89 108 
320 44 73
89 120 79 124 97 
321 60 38
92 119 98 76 99 
322 43 47
115 97 94 99 86 
323 44 74
121 108 107 80 121 
324 58 73
106 77 119 122 122 
325 1 49
96 84 111 113 78 
326 12 41
104 79 113 95 103 
327 8 45
114 75 92 111 110 
328 52 94
106 85 90 90 87 
329 62 65
86 86 88 108 95 
330 52 74
99 87 90 78 93 
331 4 24
121 86 95 113 86 
332 90 27
122 116 96 105 76 
333 90 48
91 75 87 104 87 
334 26 15
109 103 113 83 115 
335 54 65
84 82 114 82 93 
336 12 48
106 76 100 105 117 
337 98 12
120 111 85 88 113 
338 23 44
75 124 82 110 102 
339 98 96
95 76 86 104 83 
340 52 89
103 87 113 84 90 
341 14 91
84 85 78 80 123 
342 16 71
112 113 88 114 114 
343 24 27
92 95 97 112 98 
344 34 69
108 111 83 86 76 
345 97 74
91 85 90 101 97 
346 21 34
96 110 78 83 100 
347 70 100
90 117 101 109 89 
348 49 72
115 108 116 98 97 
349 52 88
98 123 85 116 83 
350 28 68
105 122 77 78 107 
351 57 14
85 102 88 100 96 
352 40 60
110 114 107 102 99 
353 26 2
121 101 113 96 99 
354 1 64
109 104 107 92 101 
355 36 21
85 118 109 95 95 
356 48 96
116 113 81 103 102 
357 41 57
78 90 84 75 117 
358 50 24
93 76 111 78 105 
359 22 71
81 83 117 93 76 
360 77 92
98 100 113 91 88 
361 46 47
117 110 79 121 78 
362 64 49
120 87 98 88 90 
363 11 69
120 108 115 78 116 
364 34 23
117 86 88 92 112 
365 52 34
77 123 104 122 111 
366 35 46
114 124 120 109 89 
367 69 50
104 105 95 100 88 
368 61 81
79 120 77 123 82 
369 68 16
121 96 75 75 94 
370 33 100
82 93 119 121 92 
371 42 81
108 85 107 88 117 
372 53 91
81 89 95 87 85 
373 26 62
94 119 103 92 90 
374 82 68
112 88 92 119 108 
375 64 92
75 80 98 109 92 
376 58 50
84 86 114 90 101 
377 62 81
113 111 118 84 106 
378 22 27
123 79 118 110 94 
379 13 83
77 103 100 78 108 
380 1 90
75 83 115 86 94 
381 82 30
122 117 84 112 104 
382 3 47
87 100 97 85 105 
383 19 49
124 107 105 77 85 
384 8 58
118 82 123 120 90 
385 89 60
112 94 113 109 88 
386 98 73
117 124 95 79 101 
387 44 68
81 88 90 83 120 
388 98 11
81 79 94 76 86 
389 18 50
104 82 83 91 103 
390 97 53
116 120 101 111 121 
391 48 43
97 115 84 104 78 
392 77 90
75 98 124 83 104 
393 71 11
118 114 86 97 121 
394 20 41
101 92 117 94 87 
395 70 6
83 93 75 105 83 
396 62 62
88 113 75 90 88 
397 2 25
118 96 111 113 85 
398 98 61
83 91 75 111 108 
399 45 57
120 90 88 80 108 
400 14 86
118 102 124 83 90 
401 50 25
105 76 75 100 99 
402 87 64
110 108 98 120 76 
403 76 33
109 97 115 106 114 
404 54 37
98 94 98 93 121 
405 73 80
88 97 80 118 100 
406 56 70
124 116 107 111 101 
407 9 33
102 110 91 88 84 
408 57 95
124 86 107 97 105 
409 8 43
101 105 96 116 79 
410 77 86
106 106 81 105 99 
411 91 20
77 123 76 104 111 
412 20 45
120 100 115 119 111 
413 73 19
94 107 86 122 87 
414 83 90
93 86 99 124 119 
415 33 32
94 97 75 98 98 
416 54 4
84 99 122 81 124 
417 91 4
113 87 96 82 121 
418 35 5
83 94 118 103 105 
419 20 30
99 76 86 120 101 
420 64 70
124 94 99 85 118 
421 24 67
120 88 94 110 103 
422 44 43
99 102 123 110 121 
423 45 14
101 90 118 78 94 
424 57 99
120 96 94 121 117 
425 44 7
113 94 99 108 107 
426 95 21
85 114 87 112 91 
427 13 73
90 81 112 116 97 
428 33 97
118 113 120 113 87 
429 67 85
79 85 115 117 104 
430 67 78
88 87 122 101 76 
431 12 14
93 99 112 108 107 
432 27 77
79 84 98 124 124 
433 21 88
86 113 98 93 123 
434 66 11
104 107 113 120 119 
435 38 22
121 124 111 91 98 
436 76 52
80 76 104 87 85 
437 5 62
87 101 76 100 90 
438 25 44
90 115 81 120 97 
439 47 93
93 108 88 89 107 
440 52 83
82 101 110 90 104 
441 66 30
115 96 117 79 123 
442 44 80
88 95 98 103 85 
443 30 26
109 100 92 79 85 
444 83 72
118 110 78 77 88 
445 40 68
118 81 121 108 102 
446 40 40
100 109 93 115 79 
447 94 70
91 99 121 75 76 
448 17 8
87 75 103 82 111 
449 32 60
124 97 102 117 105 
450 76 78
83 91 93 110 76 
451 88 77
80 107 122 97 82 
452 96 25
83 86 106 97 89 
453 62 80
75 118 114 76 92 
454 19 97
123 118 100 81 87 
455 95 94
88 108 96 95 90 
456 71 45
97 91 94 108 104 
457 53 6
118 89 112 120 84 
458 77 100
101 121 120 99 114 
459 73 83
78 91 103 91 124 
460 50 38
90 95 106 114 113 
461 3 75
94 82 107 90 98 
462 70 61
107 122 86 85 118 
463 7 88
109 106 96 113 122 
464 50 55
124 76 118 91 98 
465 78 8
88 104 107 107 113 
466 67 48
86 110 85 120 107 
467 72 59
100 105 120 84 86 
468 19 100
85 93 81 84 96 
469 50 26
119 101 108 82 83 
470 68 92
123 108 114 87 95 
471 52 8
77 97 90 104 79 
472 63 41
92 106 115 103 76 
473 47 88
97 122 90 93 101 
474 51 78
111 92 93 109 75 
475 60 97
95 85 79 99 110 
476 22 6
116 109 120 84 90 
477 38 88
91 110 101 115 108 
478 92 9
84 116 110 120 85 
479 6 82
87 90 103 109 102 
480 35 61
89 82 90 81 116 
481 12 66
83 75 79 101 111 
482 83 17
94 99 101 105 92 
483 14 26
105 94 81 117 111 
484 37 78
88 95 112 103 103 
485 56 87
96 93 78 107 93 
486 8 61
79 114 104 100 90 
487 6 6
110 94 107 90 113 
488 42 60
101 102 113 114 75 
489 79 70
103 108 82 76 76 
490 11 34
96 94 121 101 84 
491 76 54
101 105 84 88 76 
492 94 31
116 109 115 92 87 
493 79 58
87 83 103 117 116 
494 87 46
119 121 106 91 91 
495 78 95
102 77 122 80 107 
496 59 70
109 77 76 102 111 
497 42 46
75 97 79 89 105 
498 33 57
99 93 77 93 92 
499 86 37
110 87 105 89 89 

