50 5 4502
0 2 4
102 99 101 100 98 
1 4 9
98 102 102 102 102 
2 4 5
100 99 99 102 100 
3 5 9
102 101 101 100 100 
4 1 1
98 101 102 99 102 
5 10 5
102 101 100 99 102 
6 7 6
102 99 100 101 100 
7 4 8
102 100 100 99 100 
8 7 6
102 99 99 100 99 
9 3 4
99 99 102 100 99 
10 2 10
99 98 99 100 101 
11 9 1
99 101 102 100 100 
12 8 1
98 98 99 99 101 
13 5 1
102 101 99 100 102 
14 6 6
99 102 99 102 99 
15 3 7
102 101 101 100 99 
16 8 3
99 99 102 99 99 
17 1 10
102 99 98 99 102 
18 7 9
102 101 98 100 100 
19 4 7
98 101 102 98 99 
20 3 5
102 102 99 98 99 
21 2 7
102 101 101 99 98 
22 9 8
102 99 100 98 102 
23 6 5
102 101 100 102 99 
24 7 2
102 101 99 102 101 
25 3 10
99 98 101 98 102 
26 7 4
99 99 100 98 100 
27 1 9
101 100 102 102 98 
28 8 10
100 101 98 99 100 
29 9 3
100 99 102 98 101 
30 5 8
100 98 99 101 101 
31 4 7
100 98 99 98 100 
32 1 6
98 100 99 102 99 
33 9 6
98 100 98 102 98 
34 5 10
101 101 101 101 98 
35 2 7
101 98 102 100 100 
36 1 8
100 99 102 100 101 
37 1 2
99 99 101 101 101 
38 9 8
101 102 101 101 100 
39 8 7
102 101 101 102 98 
40 10 7
101 98 99 98 99 
41 1 5
99 101 98 98 102 
42 4 4
100 102 99 100 101 
43 10 3
101 99 102 100 100 
44 5 3
100 101 101 100 101 
45 7 10
99 100 101 98 98 
46 9 6
99 102 101 98 101 
47 10 5
101 99 99 99 102 
48 6 10
99 99 101 99 98 
49 4 6
98 98 98 102 102 

