50 5 3507
0 47 86
118 90 75 90 122 
1 77 2
114 108 74 143 89 
2 3 42
114 125 51 145 65 
3 43 39
108 123 97 135 87 
4 69 99
104 64 86 124 56 
5 62 16
128 140 118 144 98 
6 93 88
138 97 131 102 72 
7 83 100
139 74 87 98 147 
8 37 86
136 54 85 91 121 
9 72 68
127 83 132 58 73 
10 51 3
73 145 140 61 92 
11 72 16
66 103 116 56 127 
12 5 7
76 90 141 63 147 
13 27 7
118 148 123 95 133 
14 57 6
56 108 58 79 103 
15 99 94
97 71 110 66 124 
16 28 23
53 133 130 131 73 
17 72 95
122 99 102 90 97 
18 27 39
80 84 93 138 94 
19 52 71
148 51 65 95 72 
20 28 14
98 104 85 53 139 
21 16 86
63 88 81 87 138 
22 85 79
137 112 118 120 98 
23 12 11
142 65 82 140 118 
24 48 89
93 77 51 93 83 
25 90 48
73 106 134 138 97 
26 16 26
85 101 53 124 63 
27 72 45
63 85 57 56 100 
28 40 49
120 89 138 63 116 
29 43 58
149 81 106 72 89 
30 41 11
136 105 86 123 109 
31 92 1
74 113 94 88 100 
32 52 45
102 93 94 72 132 
33 34 89
98 125 95 97 108 
34 2 23
99 91 82 138 98 
35 21 62
57 62 111 82 77 
36 59 71
127 111 116 79 54 
37 11 4
88 145 141 136 72 
38 89 87
130 139 58 132 132 
39 93 71
81 63 133 140 127 
40 98 75
54 57 94 83 118 
41 63 15
75 75 67 113 70 
42 62 3
93 99 90 125 141 
43 1 58
123 142 129 106 107 
44 64 100
84 62 123 140 69 
45 71 76
89 82 139 114 107 
46 60 81
80 70 84 75 71 
47 75 53
62 124 112 88 68 
48 42 95
126 106 95 112 118 
49 20 6
137 139 130 129 71 

