500 5 9947
0 2 84
99 101 98 102 100 
1 64 29
100 99 99 99 99 
2 4 15
97 96 96 104 102 
3 5 69
104 98 103 97 97 
4 21 21
95 98 99 101 104 
5 20 95
99 98 97 96 104 
6 77 76
99 96 97 103 97 
7 44 48
104 102 102 96 97 
8 87 96
99 101 101 102 96 
9 73 94
96 96 104 102 101 
10 62 70
101 95 101 97 98 
11 39 1
101 98 104 102 97 
12 68 61
100 100 101 96 98 
13 25 1
99 103 101 102 104 
14 86 86
101 104 101 99 96 
15 3 27
99 98 103 97 101 
16 78 53
96 101 99 101 96 
17 21 80
99 101 95 96 99 
18 27 89
99 98 100 97 97 
19 84 27
100 103 99 95 96 
20 83 35
104 104 101 95 101 
21 52 37
104 98 103 101 95 
22 49 38
99 101 102 95 104 
23 56 55
99 103 97 104 101 
24 37 82
104 103 101 104 103 
25 3 90
101 100 103 100 104 
26 47 74
96 101 97 100 97 
27 41 19
98 102 99 104 100 
28 58 30
97 98 95 96 97 
29 79 43
97 96 99 95 103 
30 15 28
102 95 96 103 103 
31 64 87
97 100 101 100 97 
32 81 66
95 102 101 99 96 
33 9 76
100 102 95 104 95 
34 55 70
103 103 103 103 95 
35 2 47
103 100 99 97 97 
36 41 68
102 96 99 102 103 
37 31 22
96 96 103 103 103 
38 19 78
103 99 103 103 97 
39 48 87
99 103 98 99 100 
40 70 87
103 95 101 100 96 
41 91 85
96 98 100 100 99 
42 54 24
97 99 96 97 103 
43 100 53
98 101 104 102 102 
44 25 33
97 98 103 97 98 
45 77 20
101 102 98 95 95 
46 9 16
101 99 103 95 103 
47 40 95
103 96 101 96 104 
48 86 50
101 96 98 96 100 
49 4 56
95 95 100 104 104 
50 79 30
96 104 99 102 100 
51 35 50
98 101 98 98 102 
52 90 66
103 102 101 100 103 
53 52 49
100 99 98 101 101 
54 79 56
100 104 101 101 95 
55 81 24
100 99 97 95 97 
56 68 34
104 102 95 103 101 
57 69 16
99 104 100 97 99 
58 19 79
95 104 100 101 95 
59 22 75
97 98 95 104 104 
60 23 72
97 97 99 98 96 
61 8 42
102 100 103 98 100 
62 76 36
96 101 98 96 102 
63 51 80
102 96 99 96 99 
64 5 91
99 103 96 103 95 
65 18 82
98 99 98 95 97 
66 84 75
104 104 96 95 102 
67 28 54
99 102 98 96 96 
68 40 85
100 100 99 96 98 
69 36 30
101 99 96 96 96 
70 87 33
98 96 103 97 97 
71 20 5
104 101 102 98 101 
72 91 7
102 96 95 99 101 
73 65 77
97 96 102 95 103 
74 21 22
104 101 100 99 95 
75 64 59
97 100 97 97 96 
76 20 48
104 97 99 101 98 
77 45 42
97 96 104 101 99 
78 79 27
97 104 104 98 102 
79 6 88
102 103 100 95 100 
80 60 5
102 104 98 103 98 
81 58 86
103 99 103 95 102 
82 100 87
96 102 99 101 103 
83 65 70
101 96 102 98 96 
84 55 26
102 99 96 101 100 
85 86 85
103 97 96 103 103 
86 52 40
100 95 102 104 95 
87 95 56
103 95 99 101 96 
88 34 23
99 95 102 96 99 
89 82 8
96 101 99 96 95 
90 66 20
104 102 95 101 104 
91 41 76
96 99 95 97 101 
92 8 59
104 95 95 98 95 
93 81 26
101 96 99 102 102 
94 29 31
104 101 95 103 100 
95 13 78
99 97 97 103 103 
96 36 51
101 97 103 100 97 
97 90 70
100 104 101 96 95 
98 31 92
104 104 96 103 100 
99 24 50
95 101 101 101 95 
100 31 45
104 100 99 100 102 
101 56 84
97 101 97 102 100 
102 99 11
102 95 98 103 104 
103 28 9
101 95 102 103 103 
104 36 28
104 103 98 95 98 
105 19 28
98 100 95 100 96 
106 15 95
103 99 101 102 100 
107 11 46
101 102 98 98 104 
108 64 54
103 95 97 104 103 
109 57 20
99 101 103 104 96 
110 62 85
97 102 95 97 97 
111 87 100
102 101 99 98 100 
112 50 59
100 99 99 98 102 
113 97 65
102 97 100 96 95 
114 34 43
96 101 101 100 99 
115 9 68
103 100 101 100 98 
116 63 81
104 99 96 101 95 
117 8 62
102 98 100 100 103 
118 61 79
103 100 96 97 99 
119 100 78
103 95 102 101 100 
120 64 44
95 103 100 96 97 
121 19 38
99 100 103 97 96 
122 76 10
104 100 104 104 98 
123 13 4
102 99 96 102 99 
124 79 36
104 98 95 96 96 
125 6 14
100 101 95 95 96 
126 2 15
97 101 100 98 99 
127 15 56
104 102 103 101 98 
128 92 26
102 96 97 103 102 
129 43 80
95 104 97 101 100 
130 96 49
102 101 97 96 99 
131 38 36
103 98 97 102 97 
132 1 16
100 99 97 97 100 
133 5 43
97 101 97 98 103 
134 15 32
98 96 96 97 102 
135 46 67
97 99 98 97 102 
136 96 61
95 102 102 102 96 
137 21 43
102 99 99 96 98 
138 7 17
96 98 102 101 99 
139 79 2
99 98 102 103 104 
140 21 1
102 100 97 104 97 
141 41 69
101 95 95 98 99 
142 96 57
102 98 98 103 103 
143 73 28
100 98 103 96 103 
144 96 40
103 102 104 100 99 
145 53 7
103 99 99 99 99 
146 38 70
103 99 101 101 102 
147 100 77
103 98 100 98 101 
148 84 95
102 95 100 100 104 
149 77 33
98 95 103 97 99 
150 65 39
103 96 103 102 100 
151 35 66
100 100 98 98 95 
152 50 29
102 99 99 99 102 
153 60 42
103 102 98 97 103 
154 64 37
97 102 101 96 96 
155 35 91
103 95 100 98 100 
156 1 89
101 96 103 100 103 
157 95 2
102 100 97 100 98 
158 68 78
96 95 100 98 104 
159 93 75
97 103 99 96 104 
160 72 7
99 99 100 97 100 
161 16 80
98 95 95 95 100 
162 23 47
103 96 100 96 96 
163 94 76
98 102 96 100 100 
164 19 37
99 104 98 96 98 
165 91 94
96 102 98 101 102 
166 6 80
100 95 102 100 96 
167 5 18
98 102 99 103 99 
168 46 54
97 98 97 101 100 
169 38 88
95 102 98 96 101 
170 59 69
99 98 104 96 98 
171 77 39
102 95 100 97 95 
172 100 41
101 100 98 103 95 
173 88 36
100 99 99 101 98 
174 60 50
95 102 104 101 98 
175 69 88
103 99 100 100 102 
176 34 8
102 97 104 98 104 
177 94 43
97 97 104 102 102 
178 56 96
95 100 102 95 99 
179 67 97
104 102 98 95 98 
180 62 96
95 99 100 104 103 
181 55 44
103 104 102 97 97 
182 19 10
104 98 102 96 95 
183 7 3
102 97 103 101 96 
184 35 97
100 102 99 102 96 
185 100 28
104 100 97 104 100 
186 60 82
104 102 98 95 97 
187 53 32
98 103 100 95 97 
188 85 67
99 95 100 96 102 
189 60 49
95 95 102 96 100 
190 50 14
97 95 101 96 104 
191 42 44
97 98 100 100 98 
192 13 56
101 103 98 97 103 
193 89 26
102 104 100 102 104 
194 54 32
100 99 99 102 100 
195 91 12
99 97 99 101 102 
196 82 84
96 99 103 104 97 
197 65 4
98 97 103 95 99 
198 54 51
98 103 98 103 98 
199 78 89
95 104 104 101 98 
200 6 86
96 102 103 99 98 
201 60 34
102 98 101 95 102 
202 17 94
98 104 100 102 103 
203 29 36
98 102 98 100 101 
204 75 62
97 95 103 98 104 
205 68 80
99 103 97 96 98 
206 1 25
97 101 102 101 102 
207 65 14
102 97 95 95 104 
208 25 36
102 95 104 104 97 
209 48 75
98 101 98 102 99 
210 18 42
104 104 100 97 102 
211 35 51
100 103 98 97 97 
212 64 56
96 104 97 95 97 
213 44 31
99 96 101 103 104 
214 11 88
101 104 103 100 104 
215 94 90
101 104 104 96 102 
216 3 7
104 103 98 97 104 
217 8 84
96 96 100 103 99 
218 22 7
98 98 98 104 98 
219 23 18
97 102 101 103 102 
220 47 13
101 95 95 101 95 
221 36 11
95 97 98 98 98 
222 11 12
104 97 102 100 100 
223 64 57
103 102 98 97 99 
224 33 94
98 95 100 95 95 
225 28 29
96 97 103 98 101 
226 33 17
97 99 103 96 101 
227 98 37
99 95 98 99 102 
228 19 68
99 95 95 102 95 
229 18 38
98 101 100 101 103 
230 57 50
99 95 102 103 99 
231 46 11
96 100 103 100 100 
232 92 80
100 97 103 104 97 
233 59 17
100 102 101 103 98 
234 72 77
96 104 100 103 104 
235 95 17
99 95 103 100 102 
236 78 23
97 95 98 104 97 
237 53 59
102 95 102 99 95 
238 34 5
98 101 95 102 101 
239 6 96
100 104 98 104 96 
240 95 77
95 96 103 100 96 
241 53 25
101 101 98 100 103 
242 63 70
103 100 100 97 96 
243 6 70
104 97 101 100 98 
244 32 57
102 100 98 102 101 
245 84 13
95 102 102 103 98 
246 73 96
97 99 101 95 96 
247 42 93
99 101 98 99 103 
248 82 72
96 98 104 103 103 
249 13 67
102 103 95 104 100 
250 68 50
104 96 99 96 102 
251 61 12
95 96 101 100 104 
252 22 72
102 98 99 95 101 
253 74 60
101 101 102 100 101 
254 8 77
96 102 100 95 95 
255 22 42
103 96 100 103 99 
256 62 6
100 99 101 97 102 
257 71 26
100 99 101 99 97 
258 14 10
103 97 101 104 96 
259 64 43
97 100 98 97 103 
260 89 33
100 96 103 95 103 
261 67 36
100 104 95 96 98 
262 97 96
102 96 101 102 100 
263 95 29
102 103 95 104 100 
264 7 34
98 101 100 95 95 
265 4 62
103 97 103 98 96 
266 9 97
101 101 98 98 104 
267 53 3
99 101 97 96 101 
268 6 3
96 96 100 102 104 
269 2 88
104 101 103 102 103 
270 97 64
96 101 96 102 99 
271 8 53
98 104 99 103 102 
272 90 32
101 99 99 102 100 
273 70 35
99 97 99 101 96 
274 23 26
104 96 103 96 104 
275 53 41
99 96 98 104 97 
276 48 70
104 101 96 100 95 
277 36 16
102 101 96 99 104 
278 76 31
95 95 100 96 96 
279 97 75
97 103 100 103 104 
280 9 79
96 102 102 97 101 
281 49 11
103 100 100 103 97 
282 79 73
98 99 99 98 99 
283 10 57
102 102 98 96 102 
284 99 31
103 103 95 96 102 
285 8 15
98 103 101 99 98 
286 54 63
102 96 99 95 100 
287 89 96
96 104 97 95 102 
288 88 53
101 100 97 100 100 
289 43 87
97 96 97 103 104 
290 29 23
100 96 99 97 100 
291 71 56
95 95 95 99 96 
292 55 15
95 96 101 102 103 
293 1 73
98 97 103 103 101 
294 12 69
100 96 95 97 98 
295 27 8
103 103 97 95 95 
296 65 37
96 104 98 99 95 
297 70 32
96 97 100 99 101 
298 14 55
97 101 97 95 95 
299 65 33
98 97 104 98 97 
300 54 76
97 103 99 101 102 
301 68 71
104 103 96 95 95 
302 57 58
102 96 96 96 95 
303 87 62
95 97 99 100 100 
304 86 51
104 104 102 97 102 
305 42 19
101 95 103 100 104 
306 42 37
96 104 100 95 97 
307 57 83
97 99 98 99 102 
308 38 10
99 100 96 98 99 
309 90 78
98 97 100 104 100 
310 36 17
99 103 99 102 102 
311 50 99
97 103 97 99 97 
312 76 20
96 100 95 102 95 
313 45 34
101 100 95 104 102 
314 59 51
97 100 101 103 99 
315 72 19
98 95 101 100 95 
316 1 33
98 102 98 101 97 
317 36 85
99 104 102 97 99 
318 80 72
99 102 98 103 98 
319 41 58
104 96 100 99 98 
320 44 73
99 100 99 104 97 
321 60 38
102 99 98 96 99 
322 43 47
95 97 104 99 96 
323 44 74
101 98 97 100 101 
324 58 73
96 97 99 102 102 
325 1 49
96 104 101 103 98 
326 12 41
104 99 103 95 103 
327 8 45
104 95 102 101 100 
328 52 94
96 95 100 100 97 
329 62 65
96 96 98 98 95 
330 52 74
99 97 100 98 103 
331 4 24
101 96 95 103 96 
332 90 27
102 96 96 95 96 
333 90 48
101 95 97 104 97 
334 26 15
99 103 103 103 95 
335 54 65
104 102 104 102 103 
336 12 48
96 96 100 95 97 
337 98 12
100 101 95 98 103 
338 23 44
95 104 102 100 102 
339 98 96
95 96 96 104 103 
340 52 89
103 97 103 104 100 
341 14 91
104 95 98 100 103 
342 16 71
102 103 98 104 104 
343 24 27
102 95 97 102 98 
344 34 69
98 101 103 96 96 
345 97 74
101 95 100 101 97 
346 21 34
96 100 98 103 100 
347 70 100
100 97 101 99 99 
348 49 72
95 98 96 98 97 
349 52 88
98 103 95 96 103 
350 28 68
95 102 97 98 97 
351 57 14
95 102 98 100 96 
352 40 60
100 104 97 102 99 
353 26 2
101 101 103 96 99 
354 1 64
99 104 97 102 101 
355 36 21
95 98 99 95 95 
356 48 96
96 103 101 103 102 
357 41 57
98 100 104 95 97 
358 50 24
103 96 101 98 95 
359 22 71
101 103 97 103 96 
360 77 92
98 100 103 101 98 
361 46 47
97 100 99 101 98 
362 64 49
100 97 98 98 100 
363 11 69
100 98 95 98 96 
364 34 23
97 96 98 102 102 
365 52 34
97 103 104 102 101 
366 35 46
104 104 100 99 99 
367 69 50
104 95 95 100 98 
368 61 81
99 100 97 103 102 
369 68 16
101 96 95 95 104 
370 33 100
102 103 99 101 102 
371 42 81
98 95 97 98 97 
372 53 91
101 99 95 97 95 
373 26 62
104 99 103 102 100 
374 82 68
102 98 102 99 98 
375 64 92
95 100 98 99 102 
376 58 50
104 96 104 100 101 
377 62 81
103 101 98 104 96 
378 22 27
103 99 98 100 104 
379 13 83
97 103 100 98 98 
380 1 90
95 103 95 96 104 
381 82 30
102 97 104 102 104 
382 3 47
97 100 97 95 95 
383 19 49
104 97 95 97 95 
384 8 58
98 102 103 100 100 
385 89 60
102 104 103 99 98 
386 98 73
97 104 95 99 101 
387 44 68
101 98 100 103 100 
388 98 11
101 99 104 96 96 
389 18 50
104 102 103 101 103 
390 97 53
96 100 101 101 101 
391 48 43
97 95 104 104 98 
392 77 90
95 98 104 103 104 
393 71 11
98 104 96 97 101 
394 20 41
101 102 97 104 97 
395 70 6
103 103 95 95 103 
396 62 62
98 103 95 100 98 
397 2 25
98 96 101 103 95 
398 98 61
103 101 95 101 98 
399 45 57
100 100 98 100 98 
400 14 86
98 102 104 103 100 
401 50 25
95 96 95 100 99 
402 87 64
100 98 98 100 96 
403 76 33
99 97 95 96 104 
404 54 37
98 104 98 103 101 
405 73 80
98 97 100 98 100 
406 56 70
104 96 97 101 101 
407 9 33
102 100 101 98 104 
408 57 95
104 96 97 97 95 
409 8 43
101 95 96 96 99 
410 77 86
96 96 101 95 99 
411 91 20
97 103 96 104 101 
412 20 45
100 100 95 99 101 
413 73 19
104 97 96 102 97 
414 83 90
103 96 99 104 99 
415 33 32
104 97 95 98 98 
416 54 4
104 99 102 101 104 
417 91 4
103 97 96 102 101 
418 35 5
103 104 98 103 95 
419 20 30
99 96 96 100 101 
420 64 70
104 104 99 95 98 
421 24 67
100 98 104 100 103 
422 44 43
99 102 103 100 101 
423 45 14
101 100 98 98 104 
424 57 99
100 96 104 101 97 
425 44 7
103 104 99 98 97 
426 95 21
95 104 97 102 101 
427 13 73
100 101 102 96 97 
428 33 97
98 103 100 103 97 
429 67 85
99 95 95 97 104 
430 67 78
98 97 102 101 96 
431 12 14
103 99 102 98 97 
432 27 77
99 104 98 104 104 
433 21 88
96 103 98 103 103 
434 66 11
104 97 103 100 99 
435 38 22
101 104 101 101 98 
436 76 52
100 96 104 97 95 
437 5 62
97 101 96 100 100 
438 25 44
100 95 101 100 97 
439 47 93
103 98 98 99 97 
440 52 83
102 101 100 100 104 
441 66 30
95 96 97 99 103 
442 44 80
98 95 98 103 95 
443 30 26
99 100 102 99 95 
444 83 72
98 100 98 97 98 
445 40 68
98 101 101 98 102 
446 40 40
100 99 103 95 99 
447 94 70
101 99 101 95 96 
448 17 8
97 95 103 102 101 
449 32 60
104 97 102 97 95 
450 76 78
103 101 103 100 96 
451 88 77
100 97 102 97 102 
452 96 25
103 96 96 97 99 
453 62 80
95 98 104 96 102 
454 19 97
103 98 100 101 97 
455 95 94
98 98 96 95 100 
456 71 45
97 101 104 98 104 
457 53 6
98 99 102 100 104 
458 77 100
101 101 100 99 104 
459 73 83
98 101 103 101 104 
460 50 38
100 95 96 104 103 
461 3 75
104 102 97 100 98 
462 70 61
97 102 96 95 98 
463 7 88
99 96 96 103 102 
464 50 55
104 96 98 101 98 
465 78 8
98 104 97 97 103 
466 67 48
96 100 95 100 97 
467 72 59
100 95 100 104 96 
468 19 100
95 103 101 104 96 
469 50 26
99 101 98 102 103 
470 68 92
103 98 104 97 95 
471 52 8
97 97 100 104 99 
472 63 41
102 96 95 103 96 
473 47 88
97 102 100 103 101 
474 51 78
101 102 103 99 95 
475 60 97
95 95 99 99 100 
476 22 6
96 99 100 104 100 
477 38 88
101 100 101 95 98 
478 92 9
104 96 100 100 95 
479 6 82
97 100 103 99 102 
480 35 61
99 102 100 101 96 
481 12 66
103 95 99 101 101 
482 83 17
104 99 101 95 102 
483 14 26
95 104 101 97 101 
484 37 78
98 95 102 103 103 
485 56 87
96 103 98 97 103 
486 8 61
99 104 104 100 100 
487 6 6
100 104 97 100 103 
488 42 60
101 102 103 104 95 
489 79 70
103 98 102 96 96 
490 11 34
96 104 101 101 104 
491 76 54
101 95 104 98 96 
492 94 31
96 99 95 102 97 
493 79 58
97 103 103 97 96 
494 87 46
99 101 96 101 101 
495 78 95
102 97 102 100 97 
496 59 70
99 97 96 102 101 
497 42 46
95 97 99 99 95 
498 33 57
99 103 97 103 102 
499 86 37
100 97 95 99 99 

