500 5 9956
0 2 4
99 101 88 112 100 
1 4 9
110 119 79 89 89 
2 4 5
77 116 76 124 92 
3 5 9
104 98 93 97 107 
4 1 1
105 98 79 81 124 
5 10 5
99 108 97 86 104 
6 7 6
119 106 117 123 97 
7 4 8
114 122 92 96 97 
8 7 6
79 81 91 112 106 
9 3 4
106 116 114 82 101 
10 2 10
81 115 121 77 98 
11 9 1
121 108 124 112 107 
12 8 1
80 80 81 86 88 
13 5 1
119 123 121 102 114 
14 6 6
91 124 81 99 116 
15 3 7
89 118 103 87 101 
16 8 3
86 121 89 91 76 
17 1 10
89 121 105 86 119 
18 7 9
109 88 100 77 87 
19 4 7
80 113 79 95 106 
20 3 5
84 84 111 95 81 
21 2 7
84 98 93 101 95 
22 9 8
89 101 102 75 114 
23 6 5
79 113 107 84 101 
24 7 2
84 93 91 94 103 
25 3 10
111 80 103 120 104 
26 7 4
76 121 87 90 97 
27 1 9
88 122 99 94 110 
28 8 10
87 118 85 96 87 
29 9 3
117 106 109 105 113 
30 5 8
92 85 76 93 83 
31 4 7
107 80 81 120 77 
32 1 6
115 112 121 79 106 
33 9 6
120 112 95 114 95 
34 5 10
83 93 123 103 105 
35 2 7
113 90 109 97 97 
36 1 8
102 96 109 92 83 
37 1 2
116 116 123 113 103 
38 9 8
123 99 123 83 117 
39 8 7
99 123 108 89 90 
40 10 7
113 85 81 90 106 
41 1 5
116 98 80 110 89 
42 4 4
117 99 76 117 123 
43 10 3
118 121 114 92 122 
44 5 3
87 118 93 77 78 
45 7 10
111 92 78 105 115 
46 9 6
81 89 113 75 113 
47 10 5
113 116 121 106 114 
48 6 10
111 86 108 76 80 
49 4 6
85 105 100 124 124 
50 9 10
116 114 119 122 80 
51 5 10
118 101 118 108 92 
52 10 6
83 102 91 120 113 
53 2 9
120 79 78 81 111 
54 9 6
110 84 111 101 75 
55 1 4
80 89 97 75 117 
56 8 4
84 82 75 93 111 
57 9 6
99 94 90 97 99 
58 9 9
85 124 110 121 85 
59 2 5
87 78 75 94 94 
60 3 2
87 117 79 98 76 
61 8 2
112 100 83 88 120 
62 6 6
96 121 88 106 122 
63 1 10
82 96 79 96 99 
64 5 1
119 103 86 83 95 
65 8 2
98 99 98 85 77 
66 4 5
124 84 86 95 82 
67 8 4
79 102 108 86 76 
68 10 5
100 120 99 96 98 
69 6 10
121 79 86 96 106 
70 7 3
108 96 83 107 107 
71 10 5
114 121 82 118 101 
72 1 7
102 106 115 79 101 
73 5 7
77 76 82 75 83 
74 1 2
114 81 80 99 105 
75 4 9
87 110 87 77 106 
76 10 8
84 87 79 111 118 
77 5 2
97 86 94 101 89 
78 9 7
97 124 124 88 82 
79 6 8
112 93 120 75 80 
80 10 5
112 104 78 123 118 
81 8 6
113 79 103 85 92 
82 10 7
106 102 89 81 103 
83 5 10
111 96 82 98 116 
84 5 6
122 89 106 111 120 
85 6 5
113 117 96 103 123 
86 2 10
90 75 102 124 105 
87 5 6
83 85 99 121 106 
88 4 3
99 115 122 96 79 
89 2 8
76 91 119 116 85 
90 6 10
84 92 85 101 94 
91 1 6
76 109 105 87 121 
92 8 9
104 115 105 78 105 
93 1 6
111 86 109 112 102 
94 9 1
114 121 75 123 90 
95 3 8
109 77 77 113 113 
96 6 1
111 117 83 90 107 
97 10 10
90 94 121 76 105 
98 1 2
84 84 96 123 80 
99 4 10
95 111 101 81 115 
100 1 5
104 90 119 90 82 
101 6 4
117 121 77 82 90 
102 9 1
122 105 78 83 114 
103 8 9
121 75 82 93 113 
104 6 8
104 93 98 85 108 
105 9 8
118 100 85 110 96 
106 5 5
113 89 81 112 120 
107 1 6
111 112 78 108 114 
108 4 4
103 75 107 84 93 
109 7 10
79 101 123 124 76 
110 2 5
97 102 105 87 117 
111 7 10
112 121 119 98 110 
112 10 9
100 89 89 78 92 
113 7 5
112 77 110 116 105 
114 4 3
106 121 101 80 99 
115 9 8
93 120 91 80 118 
116 3 1
104 89 116 81 105 
117 8 2
122 78 100 110 83 
118 1 9
113 120 96 97 119 
119 10 8
93 85 122 111 80 
120 4 4
75 103 100 106 117 
121 9 8
99 100 123 97 106 
122 6 10
114 110 114 104 108 
123 3 4
102 89 106 122 99 
124 9 6
104 118 105 106 96 
125 6 4
90 101 75 115 76 
126 2 5
107 101 100 98 89 
127 5 6
124 102 83 101 118 
128 2 6
92 96 87 123 92 
129 3 10
115 124 117 81 100 
130 6 9
102 121 87 86 99 
131 8 6
113 78 117 112 107 
132 1 6
100 119 117 117 90 
133 5 3
107 121 97 98 123 
134 5 2
98 86 106 77 82 
135 6 7
107 109 78 97 112 
136 6 1
95 122 102 122 116 
137 1 3
82 99 109 116 98 
138 7 7
96 98 122 121 109 
139 9 2
119 98 92 103 84 
140 1 1
122 90 87 94 87 
141 1 9
81 85 85 88 109 
142 6 7
82 78 98 103 103 
143 3 8
90 78 103 86 103 
144 6 10
113 92 114 110 109 
145 3 7
123 119 99 79 79 
146 8 10
113 109 101 121 112 
147 10 7
93 98 80 108 101 
148 4 5
82 105 110 120 124 
149 7 3
108 105 113 107 99 
150 5 9
103 76 83 92 110 
151 5 6
100 110 118 118 85 
152 10 9
112 109 99 119 92 
153 10 2
93 112 98 77 93 
154 4 7
117 102 101 96 106 
155 5 1
93 95 80 118 80 
156 1 9
91 76 93 80 113 
157 5 2
82 80 117 100 118 
158 8 8
86 105 90 78 84 
159 3 5
117 103 89 86 124 
160 2 7
79 99 120 97 100 
161 6 10
88 85 105 95 90 
162 3 7
83 116 100 96 96 
163 4 6
108 112 76 100 90 
164 9 7
89 114 118 96 88 
165 1 4
116 82 98 81 92 
166 6 10
110 105 102 120 96 
167 5 8
118 122 119 103 109 
168 6 4
77 88 117 91 80 
169 8 8
95 102 108 86 111 
170 9 9
79 88 124 116 118 
171 7 9
92 105 80 87 105 
172 10 1
91 120 118 93 85 
173 8 6
90 99 99 111 78 
174 10 10
115 92 94 121 108 
175 9 8
103 119 100 120 102 
176 4 8
82 107 124 98 104 
177 4 3
117 107 104 82 82 
178 6 6
85 90 122 75 109 
179 7 7
94 112 108 75 108 
180 2 6
85 119 80 94 103 
181 5 4
83 124 112 77 107 
182 9 10
114 98 82 76 115 
183 7 3
102 97 123 121 86 
184 5 7
120 122 119 82 116 
185 10 8
94 80 97 104 80 
186 10 2
114 102 118 105 77 
187 3 2
118 83 110 95 107 
188 5 7
119 95 90 116 92 
189 10 9
85 85 102 106 90 
190 10 4
97 85 121 86 114 
191 2 4
117 118 100 110 78 
192 3 6
111 123 98 107 93 
193 9 6
112 124 100 122 84 
194 4 2
100 79 119 122 90 
195 1 2
79 107 79 121 102 
196 2 4
106 119 113 94 117 
197 5 4
88 77 103 75 79 
198 4 1
88 83 108 113 88 
199 8 9
105 94 124 111 78 
200 6 6
106 112 93 89 108 
201 10 4
102 98 111 115 102 
202 7 4
108 94 120 122 103 
203 9 6
118 82 98 100 101 
204 5 2
107 105 123 88 94 
205 8 10
79 103 87 106 78 
206 1 5
107 91 92 91 112 
207 5 4
92 117 75 85 124 
208 5 6
102 75 124 84 107 
209 8 5
78 91 78 82 119 
210 8 2
124 94 90 107 112 
211 5 1
100 123 88 117 117 
212 4 6
116 114 117 95 117 
213 4 1
99 116 81 103 84 
214 1 8
81 104 103 80 124 
215 4 10
111 104 114 86 102 
216 3 7
94 93 88 87 84 
217 8 4
76 76 90 103 119 
218 2 7
78 108 118 84 88 
219 3 8
87 92 81 123 122 
220 7 3
101 75 95 121 95 
221 6 1
105 117 118 108 118 
222 1 2
114 107 92 120 90 
223 4 7
103 112 98 117 79 
224 3 4
78 105 80 105 105 
225 8 9
76 87 113 108 81 
226 3 7
77 119 103 116 101 
227 8 7
119 85 118 99 122 
228 9 8
79 75 85 82 105 
229 8 8
88 121 90 91 83 
230 7 10
89 115 92 93 109 
231 6 1
86 120 123 80 80 
232 2 10
80 87 123 84 87 
233 9 7
120 102 81 83 98 
234 2 7
106 104 100 123 94 
235 5 7
79 115 103 90 112 
236 8 3
117 95 78 124 107 
237 3 9
122 85 102 119 115 
238 4 5
88 81 105 122 111 
239 6 6
80 124 88 84 116 
240 5 7
105 96 123 100 116 
241 3 5
101 81 108 100 93 
242 3 10
83 120 100 97 76 
243 6 10
114 87 91 120 88 
244 2 7
82 100 108 112 121 
245 4 3
115 112 112 93 118 
246 3 6
87 109 91 95 106 
247 2 3
109 121 88 99 83 
248 2 2
96 88 104 103 113 
249 3 7
112 123 105 104 110 
250 8 10
104 116 119 116 102 
251 1 2
85 76 81 120 124 
252 2 2
82 78 119 105 91 
253 4 10
81 111 102 120 111 
254 8 7
96 102 100 75 95 
255 2 2
123 106 80 83 109 
256 2 6
110 109 101 117 112 
257 1 6
80 119 111 89 107 
258 4 10
93 97 111 114 76 
259 4 3
97 110 108 97 93 
260 9 3
80 76 113 115 113 
261 7 6
100 114 85 106 108 
262 7 6
92 86 81 112 110 
263 5 9
112 83 95 84 120 
264 7 4
88 121 90 95 75 
265 4 2
113 97 123 88 86 
266 9 7
121 81 118 88 94 
267 3 3
79 121 107 116 81 
268 6 3
76 86 110 92 84 
269 2 8
84 81 123 122 103 
270 7 4
116 81 86 112 89 
271 8 3
108 84 79 113 82 
272 10 2
91 119 109 92 80 
273 10 5
89 97 99 101 106 
274 3 6
84 96 113 76 104 
275 3 1
119 86 118 104 97 
276 8 10
104 111 76 120 105 
277 6 6
112 81 76 79 104 
278 6 1
85 75 80 96 96 
279 7 5
77 123 90 123 84 
280 9 9
106 82 122 87 121 
281 9 1
103 110 100 93 117 
282 9 3
98 79 79 108 79 
283 10 7
102 82 108 106 82 
284 9 1
93 83 85 76 92 
285 8 5
88 83 101 119 118 
286 4 3
112 106 109 85 110 
287 9 6
116 124 77 95 82 
288 8 3
91 110 107 110 120 
289 3 7
87 76 77 103 84 
290 9 3
80 106 109 117 90 
291 1 6
75 85 75 119 86 
292 5 5
95 116 91 112 103 
293 1 3
98 117 83 113 121 
294 2 9
80 116 115 87 98 
295 7 8
113 123 87 115 85 
296 5 7
96 94 78 119 85 
297 10 2
116 97 80 89 91 
298 4 5
87 101 97 95 95 
299 5 3
118 117 114 108 117 
300 4 6
77 93 89 101 112 
301 8 1
124 113 76 115 85 
302 7 8
102 96 86 116 75 
303 7 2
95 77 119 90 120 
304 6 1
114 114 102 117 82 
305 2 9
121 85 113 120 124 
306 2 7
86 124 120 115 97 
307 7 3
97 119 118 119 122 
308 8 10
119 100 86 108 89 
309 10 8
98 107 120 94 120 
310 6 7
119 103 79 82 102 
311 10 9
77 83 107 99 77 
312 6 10
76 90 105 122 115 
313 5 4
81 110 85 104 92 
314 9 1
87 120 91 83 99 
315 2 9
78 95 91 80 105 
316 1 3
108 102 78 111 117 
317 6 5
109 104 92 117 89 
318 10 2
109 112 98 123 108 
319 1 8
84 86 100 89 108 
320 4 3
89 120 79 124 97 
321 10 8
92 119 98 76 99 
322 3 7
115 97 94 99 86 
323 4 4
121 108 107 80 121 
324 8 3
106 77 119 122 122 
325 1 9
96 84 111 113 78 
326 2 1
104 79 113 95 103 
327 8 5
114 75 92 111 110 
328 2 4
106 85 90 90 87 
329 2 5
86 86 88 108 95 
330 2 4
99 87 90 78 93 
331 4 4
121 86 95 113 86 
332 10 7
122 116 96 105 76 
333 10 8
91 75 87 104 87 
334 6 5
109 103 113 83 115 
335 4 5
84 82 114 82 93 
336 2 8
106 76 100 105 117 
337 8 2
120 111 85 88 113 
338 3 4
75 124 82 110 102 
339 8 6
95 76 86 104 83 
340 2 9
103 87 113 84 90 
341 4 1
84 85 78 80 123 
342 6 1
112 113 88 114 114 
343 4 7
92 95 97 112 98 
344 4 9
108 111 83 86 76 
345 7 4
91 85 90 101 97 
346 1 4
96 110 78 83 100 
347 10 10
90 117 101 109 89 
348 9 2
115 108 116 98 97 
349 2 8
98 123 85 116 83 
350 8 8
105 122 77 78 107 
351 7 4
85 102 88 100 96 
352 10 10
110 114 107 102 99 
353 6 2
121 101 113 96 99 
354 1 4
109 104 107 92 101 
355 6 1
85 118 109 95 95 
356 8 6
116 113 81 103 102 
357 1 7
78 90 84 75 117 
358 10 4
93 76 111 78 105 
359 2 1
81 83 117 93 76 
360 7 2
98 100 113 91 88 
361 6 7
117 110 79 121 78 
362 4 9
120 87 98 88 90 
363 1 9
120 108 115 78 116 
364 4 3
117 86 88 92 112 
365 2 4
77 123 104 122 111 
366 5 6
114 124 120 109 89 
367 9 10
104 105 95 100 88 
368 1 1
79 120 77 123 82 
369 8 6
121 96 75 75 94 
370 3 10
82 93 119 121 92 
371 2 1
108 85 107 88 117 
372 3 1
81 89 95 87 85 
373 6 2
94 119 103 92 90 
374 2 8
112 88 92 119 108 
375 4 2
75 80 98 109 92 
376 8 10
84 86 114 90 101 
377 2 1
113 111 118 84 106 
378 2 7
123 79 118 110 94 
379 3 3
77 103 100 78 108 
380 1 10
75 83 115 86 94 
381 2 10
122 117 84 112 104 
382 3 7
87 100 97 85 105 
383 9 9
124 107 105 77 85 
384 8 8
118 82 123 120 90 
385 9 10
112 94 113 109 88 
386 8 3
117 124 95 79 101 
387 4 8
81 88 90 83 120 
388 8 1
81 79 94 76 86 
389 8 10
104 82 83 91 103 
390 7 3
116 120 101 111 121 
391 8 3
97 115 84 104 78 
392 7 10
75 98 124 83 104 
393 1 1
118 114 86 97 121 
394 10 1
101 92 117 94 87 
395 10 6
83 93 75 105 83 
396 2 2
88 113 75 90 88 
397 2 5
118 96 111 113 85 
398 8 1
83 91 75 111 108 
399 5 7
120 90 88 80 108 
400 4 6
118 102 124 83 90 
401 10 5
105 76 75 100 99 
402 7 4
110 108 98 120 76 
403 6 3
109 97 115 106 114 
404 4 7
98 94 98 93 121 
405 3 10
88 97 80 118 100 
406 6 10
124 116 107 111 101 
407 9 3
102 110 91 88 84 
408 7 5
124 86 107 97 105 
409 8 3
101 105 96 116 79 
410 7 6
106 106 81 105 99 
411 1 10
77 123 76 104 111 
412 10 5
120 100 115 119 111 
413 3 9
94 107 86 122 87 
414 3 10
93 86 99 124 119 
415 3 2
94 97 75 98 98 
416 4 4
84 99 122 81 124 
417 1 4
113 87 96 82 121 
418 5 5
83 94 118 103 105 
419 10 10
99 76 86 120 101 
420 4 10
124 94 99 85 118 
421 4 7
120 88 94 110 103 
422 4 3
99 102 123 110 121 
423 5 4
101 90 118 78 94 
424 7 9
120 96 94 121 117 
425 4 7
113 94 99 108 107 
426 5 1
85 114 87 112 91 
427 3 3
90 81 112 116 97 
428 3 7
118 113 120 113 87 
429 7 5
79 85 115 117 104 
430 7 8
88 87 122 101 76 
431 2 4
93 99 112 108 107 
432 7 7
79 84 98 124 124 
433 1 8
86 113 98 93 123 
434 6 1
104 107 113 120 119 
435 8 2
121 124 111 91 98 
436 6 2
80 76 104 87 85 
437 5 2
87 101 76 100 90 
438 5 4
90 115 81 120 97 
439 7 3
93 108 88 89 107 
440 2 3
82 101 110 90 104 
441 6 10
115 96 117 79 123 
442 4 10
88 95 98 103 85 
443 10 6
109 100 92 79 85 
444 3 2
118 110 78 77 88 
445 10 8
118 81 121 108 102 
446 10 10
100 109 93 115 79 
447 4 10
91 99 121 75 76 
448 7 8
87 75 103 82 111 
449 2 10
124 97 102 117 105 
450 6 8
83 91 93 110 76 
451 8 7
80 107 122 97 82 
452 6 5
83 86 106 97 89 
453 2 10
75 118 114 76 92 
454 9 7
123 118 100 81 87 
455 5 4
88 108 96 95 90 
456 1 5
97 91 94 108 104 
457 3 6
118 89 112 120 84 
458 7 10
101 121 120 99 114 
459 3 3
78 91 103 91 124 
460 10 8
90 95 106 114 113 
461 3 5
94 82 107 90 98 
462 10 1
107 122 86 85 118 
463 7 8
109 106 96 113 122 
464 10 5
124 76 118 91 98 
465 8 8
88 104 107 107 113 
466 7 8
86 110 85 120 107 
467 2 9
100 105 120 84 86 
468 9 10
85 93 81 84 96 
469 10 6
119 101 108 82 83 
470 8 2
123 108 114 87 95 
471 2 8
77 97 90 104 79 
472 3 1
92 106 115 103 76 
473 7 8
97 122 90 93 101 
474 1 8
111 92 93 109 75 
475 10 7
95 85 79 99 110 
476 2 6
116 109 120 84 90 
477 8 8
91 110 101 115 108 
478 2 9
84 116 110 120 85 
479 6 2
87 90 103 109 102 
480 5 1
89 82 90 81 116 
481 2 6
83 75 79 101 111 
482 3 7
94 99 101 105 92 
483 4 6
105 94 81 117 111 
484 7 8
88 95 112 103 103 
485 6 7
96 93 78 107 93 
486 8 1
79 114 104 100 90 
487 6 6
110 94 107 90 113 
488 2 10
101 102 113 114 75 
489 9 10
103 108 82 76 76 
490 1 4
96 94 121 101 84 
491 6 4
101 105 84 88 76 
492 4 1
116 109 115 92 87 
493 9 8
87 83 103 117 116 
494 7 6
119 121 106 91 91 
495 8 5
102 77 122 80 107 
496 9 10
109 77 76 102 111 
497 2 6
75 97 79 89 105 
498 3 7
99 93 77 93 92 
499 6 7
110 87 105 89 89 

