50 5 4465
0 91 20
113 100 86 123 89 
1 78 46
102 117 104 124 118 
2 38 50
79 98 92 105 77 
3 73 70
90 92 116 85 105 
4 97 64
88 111 107 77 86 
5 97 53
102 98 122 82 92 
6 29 7
85 90 81 89 115 
7 76 45
120 124 91 85 91 
8 10 24
123 80 111 87 118 
9 22 17
81 92 93 111 115 
10 18 44
85 120 124 95 87 
11 58 38
79 110 108 124 109 
12 100 63
78 85 112 76 92 
13 24 66
85 121 106 94 90 
14 2 56
83 93 123 93 90 
15 100 89
102 84 102 107 121 
16 12 84
107 87 122 110 98 
17 35 90
117 85 79 80 81 
18 89 75
97 116 106 107 85 
19 32 51
100 105 115 80 116 
20 69 88
112 104 97 97 116 
21 21 10
91 81 123 84 91 
22 6 67
100 120 115 124 111 
23 22 32
123 77 106 101 109 
24 24 32
103 116 95 92 97 
25 93 40
91 89 124 109 96 
26 100 46
114 81 86 89 76 
27 52 14
115 99 121 113 103 
28 30 17
88 78 122 116 119 
29 70 9
94 89 75 110 103 
30 50 20
76 75 90 116 82 
31 77 8
85 105 98 75 81 
32 70 42
110 124 82 123 79 
33 58 42
123 101 76 94 115 
34 2 55
96 77 101 97 78 
35 44 66
87 94 100 97 76 
36 99 74
83 94 91 118 93 
37 24 94
97 107 111 98 84 
38 88 43
76 116 124 99 120 
39 76 100
75 93 89 87 114 
40 90 86
118 114 85 76 84 
41 77 47
104 76 116 77 109 
42 78 28
120 89 96 121 82 
43 71 22
80 122 95 80 90 
44 37 19
82 103 80 75 92 
45 18 52
101 120 124 81 121 
46 41 11
105 92 114 100 108 
47 11 75
118 108 122 123 105 
48 20 4
123 80 98 80 110 
49 81 6
78 124 83 106 119 

