50 5 2495
0 91 20
101 98 99 101 102 
1 78 46
100 100 102 102 101 
2 38 50
102 101 100 98 100 
3 73 70
98 100 99 98 98 
4 97 64
101 99 100 100 99 
5 97 53
100 101 100 100 100 
6 29 7
98 98 99 102 98 
7 76 45
98 102 99 98 99 
8 10 24
101 98 99 100 101 
9 22 17
99 100 101 99 98 
10 18 44
98 98 102 98 100 
11 58 38
102 98 101 102 102 
12 100 63
101 98 100 99 100 
13 24 66
98 99 99 102 98 
14 2 56
101 101 101 101 98 
15 100 89
100 102 100 100 99 
16 12 84
100 100 100 98 101 
17 35 90
100 98 102 98 99 
18 89 75
100 99 99 100 98 
19 32 51
98 98 98 98 99 
20 69 88
100 102 100 100 99 
21 21 10
99 99 101 102 99 
22 6 67
98 98 98 102 99 
23 22 32
101 100 99 99 102 
24 24 32
101 99 98 100 100 
25 93 40
99 102 102 102 99 
26 100 46
102 99 99 102 99 
27 52 14
98 102 99 101 101 
28 30 17
101 101 100 99 102 
29 70 9
102 102 98 98 101 
30 50 20
99 98 98 99 100 
31 77 8
98 98 101 98 99 
32 70 42
98 102 100 101 102 
33 58 42
101 99 99 102 98 
34 2 55
99 100 99 100 101 
35 44 66
100 102 98 100 99 
36 99 74
101 102 99 101 101 
37 24 94
100 100 99 101 102 
38 88 43
99 99 102 102 98 
39 76 100
98 101 102 100 102 
40 90 86
101 102 98 99 102 
41 77 47
102 99 99 100 102 
42 78 28
98 102 99 99 100 
43 71 22
98 100 98 98 98 
44 37 19
100 101 98 98 100 
45 18 52
99 98 102 99 99 
46 41 11
98 100 102 98 101 
47 11 75
101 101 100 101 98 
48 20 4
101 98 101 98 98 
49 81 6
101 102 101 99 102 

