50 5 3494
0 1 10
101 98 99 101 102 
1 8 6
100 100 102 102 101 
2 8 10
102 101 100 98 100 
3 3 10
98 100 99 98 98 
4 7 4
101 99 100 100 99 
5 7 3
100 101 100 100 100 
6 9 7
98 98 99 102 98 
7 6 5
98 102 99 98 99 
8 10 4
101 98 99 100 101 
9 2 7
99 100 101 99 98 
10 8 4
98 98 102 98 100 
11 8 8
102 98 101 102 102 
12 10 3
101 98 100 99 100 
13 4 6
98 99 99 102 98 
14 2 6
101 101 101 101 98 
15 10 9
100 102 100 100 99 
16 2 4
100 100 100 98 101 
17 5 10
100 98 102 98 99 
18 9 5
100 99 99 100 98 
19 2 1
98 98 98 98 99 
20 9 8
100 102 100 100 99 
21 1 10
99 99 101 102 99 
22 6 7
98 98 98 102 99 
23 2 2
101 100 99 99 102 
24 4 2
101 99 98 100 100 
25 3 10
99 102 102 102 99 
26 10 6
102 99 99 102 99 
27 2 4
98 102 99 101 101 
28 10 7
101 101 100 99 102 
29 10 9
102 102 98 98 101 
30 10 10
99 98 98 99 100 
31 7 8
98 98 101 98 99 
32 10 2
98 102 100 101 102 
33 8 2
101 99 99 102 98 
34 2 5
99 100 99 100 101 
35 4 6
100 102 98 100 99 
36 9 4
101 102 99 101 101 
37 4 4
100 100 99 101 102 
38 8 3
99 99 102 102 98 
39 6 10
98 101 102 100 102 
40 10 6
101 102 98 99 102 
41 7 7
102 99 99 100 102 
42 8 8
98 102 99 99 100 
43 1 2
98 100 98 98 98 
44 7 9
100 101 98 98 100 
45 8 2
99 98 102 99 99 
46 1 1
98 100 102 98 101 
47 1 5
101 101 100 101 98 
48 10 4
101 98 101 98 98 
49 1 6
101 102 101 99 102 

