50 5 2510
0 1 10
138 125 111 148 114 
1 8 6
77 92 129 99 143 
2 8 10
104 123 117 80 52 
3 3 10
65 117 141 60 80 
4 7 4
63 136 132 52 111 
5 7 3
127 123 147 107 117 
6 9 7
110 115 106 64 140 
7 6 5
95 149 116 110 116 
8 10 4
98 55 136 112 93 
9 2 7
106 67 118 136 140 
10 8 4
60 95 99 120 112 
11 8 8
54 135 83 99 134 
12 10 3
53 110 87 101 67 
13 4 6
110 146 131 119 115 
14 2 6
58 68 148 68 65 
15 10 9
127 59 127 132 96 
16 2 4
132 112 147 135 73 
17 5 10
142 60 104 55 56 
18 9 5
122 91 131 82 110 
19 2 1
125 80 140 55 141 
20 9 8
87 129 72 122 91 
21 1 10
66 56 148 59 66 
22 6 7
125 95 90 149 136 
23 2 2
148 102 131 76 84 
24 4 2
128 141 120 117 72 
25 3 10
66 114 99 134 121 
26 10 6
89 106 61 64 51 
27 2 4
90 74 146 88 78 
28 10 7
113 103 97 91 94 
29 10 9
69 64 50 85 128 
30 10 10
51 50 115 91 107 
31 7 8
60 130 123 100 106 
32 10 2
135 149 107 98 54 
33 8 2
98 76 51 69 90 
34 2 5
121 52 76 122 53 
35 4 6
62 69 75 72 101 
36 9 4
58 69 116 143 68 
37 4 4
72 82 136 73 109 
38 8 3
101 91 99 124 145 
39 6 10
100 68 114 112 139 
40 10 6
143 89 60 51 109 
41 7 7
79 101 141 102 134 
42 8 8
145 114 71 96 107 
43 1 2
55 147 70 105 65 
44 7 9
107 128 105 100 67 
45 8 2
126 95 99 56 146 
46 1 1
130 67 139 125 83 
47 1 5
93 83 97 98 80 
48 10 4
148 105 123 105 135 
49 1 6
53 99 58 81 144 

