50 5 1004
0 91 20
138 125 111 148 114 
1 78 46
77 92 129 99 143 
2 38 50
104 123 117 80 52 
3 73 70
65 117 141 60 80 
4 97 64
63 136 132 52 111 
5 97 53
127 123 147 107 117 
6 29 7
110 115 106 64 140 
7 76 45
95 149 116 110 116 
8 10 24
98 55 136 112 93 
9 22 17
106 67 118 136 140 
10 18 44
60 95 99 120 112 
11 58 38
54 135 83 99 134 
12 100 63
53 110 87 101 67 
13 24 66
110 146 131 119 115 
14 2 56
58 68 148 68 65 
15 100 89
127 59 127 132 96 
16 12 84
132 112 147 135 73 
17 35 90
142 60 104 55 56 
18 89 75
122 91 131 82 110 
19 32 51
125 80 140 55 141 
20 69 88
87 129 72 122 91 
21 21 10
66 56 148 59 66 
22 6 67
125 95 90 149 136 
23 22 32
148 102 131 76 84 
24 24 32
128 141 120 117 72 
25 93 40
66 114 99 134 121 
26 100 46
89 106 61 64 51 
27 52 14
90 74 146 88 78 
28 30 17
113 103 97 91 94 
29 70 9
69 64 50 85 128 
30 50 20
51 50 115 91 107 
31 77 8
60 130 123 100 106 
32 70 42
135 149 107 98 54 
33 58 42
98 76 51 69 90 
34 2 55
121 52 76 122 53 
35 44 66
62 69 75 72 101 
36 99 74
58 69 116 143 68 
37 24 94
72 82 136 73 109 
38 88 43
101 91 99 124 145 
39 76 100
100 68 114 112 139 
40 90 86
143 89 60 51 109 
41 77 47
79 101 141 102 134 
42 78 28
145 114 71 96 107 
43 71 22
55 147 70 105 65 
44 37 19
107 128 105 100 67 
45 18 52
126 95 99 56 146 
46 41 11
130 67 139 125 83 
47 11 75
93 83 97 98 80 
48 20 4
148 105 123 105 135 
49 81 6
53 99 58 81 144 

